"Space","T0","T1","T2","T3","T4","T5","T6","T7","T8","T9","T10","T11","T12","T13","T14","T15","T16","T17","T18","T19","T20","T21","T22","T23","T24","T25","T26","T27","T28","T29","T30","T31","T32","T33","T34","T35","T36","T37","T38","T39","T40","T41","T42","T43","T44","T45","T46","T47","T48","T49","T50","T51","T52","T53","T54","T55","T56","T57","T58","T59","T60","T61","T62","T63","T64","T65","T66","T67","T68","T69","T70","T71","T72","T73","T74","T75","T76","T77","T78","T79","T80","T81","T82","T83","T84","T85","T86","T87","T88","T89","T90","T91","T92","T93","T94","T95","T96","T97","T98","T99","T100","T101","T102","T103","T104","T105","T106","T107","T108","T109","T110","T111","T112","T113","T114","T115","T116","T117","T118","T119","T120","T121","T122","T123","T124","T125","T126","T127","T128","T129","T130","T131","T132","T133","T134","T135","T136","T137","T138","T139","T140"
"S0",-Infinity,-Infinity,-Infinity,-Infinity,-Infinity,-Infinity,-Infinity,-Infinity,-Infinity,-Infinity,-Infinity,-Infinity,-Infinity,-Infinity,-Infinity,-Infinity,-Infinity,-Infinity,-Infinity,-Infinity,-Infinity,-Infinity,-Infinity,-Infinity,-Infinity,-Infinity,-Infinity,-Infinity,-Infinity,-Infinity,-Infinity,-Infinity,-Infinity,-Infinity,-Infinity,-Infinity,-Infinity,-Infinity,-Infinity,-Infinity,-Infinity,-Infinity,-Infinity,-Infinity,-Infinity,-Infinity,-Infinity,-Infinity,-Infinity,-Infinity,-Infinity,-Infinity,-Infinity,-Infinity,-Infinity,-Infinity,-Infinity,-Infinity,-Infinity,-Infinity,-Infinity,-Infinity,-Infinity,-Infinity,-Infinity,-Infinity,-Infinity,-Infinity,-Infinity,-Infinity,-Infinity,-Infinity,-Infinity,-Infinity,-Infinity,-Infinity,-Infinity,-Infinity,-Infinity,-Infinity,-Infinity,-Infinity,-Infinity,-Infinity,-Infinity,-Infinity,-Infinity,-Infinity,-Infinity,-Infinity,-Infinity,-Infinity,-Infinity,-Infinity,-Infinity,-Infinity,-Infinity,-Infinity,-Infinity,-Infinity,-Infinity,-Infinity,-Infinity,-Infinity,-Infinity,-Infinity,-Infinity,-Infinity,-Infinity,-Infinity,-Infinity,-Infinity,-Infinity,-Infinity,-Infinity,-Infinity,-Infinity,-Infinity,-Infinity,-Infinity,-Infinity,-Infinity,-Infinity,-Infinity,-Infinity,-Infinity,-Infinity,-Infinity,-Infinity,-Infinity,-Infinity,-Infinity,-Infinity,-Infinity,-Infinity,-Infinity,-Infinity,-Infinity,-Infinity,-Infinity,-Infinity
"S1",-Infinity,-Infinity,-Infinity,-Infinity,-Infinity,-Infinity,-Infinity,-Infinity,-Infinity,-Infinity,-Infinity,-Infinity,-Infinity,-Infinity,-Infinity,-Infinity,-Infinity,-Infinity,-Infinity,-Infinity,-Infinity,-Infinity,-Infinity,-Infinity,-Infinity,-Infinity,-Infinity,-Infinity,-Infinity,-Infinity,-Infinity,-Infinity,-Infinity,-Infinity,-Infinity,-Infinity,-Infinity,-Infinity,-Infinity,-Infinity,-Infinity,-Infinity,-Infinity,-Infinity,-Infinity,-Infinity,-Infinity,-Infinity,-Infinity,-Infinity,-Infinity,-Infinity,-Infinity,-Infinity,-Infinity,-Infinity,-Infinity,-Infinity,-Infinity,-Infinity,-Infinity,-Infinity,-Infinity,-Infinity,-Infinity,-Infinity,-Infinity,-Infinity,-Infinity,-Infinity,-Infinity,-Infinity,-Infinity,-Infinity,-Infinity,-Infinity,-Infinity,-Infinity,-Infinity,-Infinity,-Infinity,-Infinity,-Infinity,-Infinity,-Infinity,-Infinity,-Infinity,-Infinity,-Infinity,-Infinity,-Infinity,-Infinity,-Infinity,-Infinity,-Infinity,-Infinity,-Infinity,-Infinity,-Infinity,-Infinity,-Infinity,-Infinity,-Infinity,-Infinity,-Infinity,-Infinity,-Infinity,-Infinity,-Infinity,-Infinity,-Infinity,-Infinity,-Infinity,-Infinity,-Infinity,-Infinity,-Infinity,-Infinity,-Infinity,-Infinity,-Infinity,-Infinity,-Infinity,-Infinity,-Infinity,-Infinity,-Infinity,-Infinity,-Infinity,-Infinity,-Infinity,-Infinity,-Infinity,-Infinity,-Infinity,-Infinity,-Infinity,-Infinity,-Infinity,-Infinity,-Infinity
"S2",-Infinity,-Infinity,-Infinity,-Infinity,-Infinity,-Infinity,-Infinity,-Infinity,-Infinity,-Infinity,-Infinity,-Infinity,-Infinity,-Infinity,-Infinity,-Infinity,-Infinity,-Infinity,-Infinity,-Infinity,-Infinity,-Infinity,-Infinity,-Infinity,-Infinity,-Infinity,-Infinity,-Infinity,-Infinity,-Infinity,-Infinity,-Infinity,-Infinity,-Infinity,-Infinity,-Infinity,-Infinity,-Infinity,-Infinity,-Infinity,-Infinity,-Infinity,-Infinity,-Infinity,-Infinity,-Infinity,-Infinity,-Infinity,-Infinity,-Infinity,-Infinity,-Infinity,-Infinity,-Infinity,-Infinity,-Infinity,-Infinity,-Infinity,-Infinity,-Infinity,-Infinity,-Infinity,-Infinity,-Infinity,-Infinity,-Infinity,-Infinity,-Infinity,-Infinity,-Infinity,-Infinity,-Infinity,-Infinity,-Infinity,-Infinity,-Infinity,-Infinity,-Infinity,-Infinity,-Infinity,-Infinity,-Infinity,-Infinity,-Infinity,-Infinity,-Infinity,-Infinity,-Infinity,-Infinity,-Infinity,-Infinity,-Infinity,-Infinity,-Infinity,-Infinity,-Infinity,-Infinity,-Infinity,-Infinity,-Infinity,-Infinity,-Infinity,-Infinity,-Infinity,-Infinity,-Infinity,-Infinity,-Infinity,-Infinity,-Infinity,-Infinity,-Infinity,-Infinity,-Infinity,-Infinity,-Infinity,-Infinity,-Infinity,-Infinity,-Infinity,-Infinity,-Infinity,-Infinity,-Infinity,-Infinity,-Infinity,-Infinity,-Infinity,-Infinity,-Infinity,-Infinity,-Infinity,-Infinity,-Infinity,-Infinity,-Infinity,-Infinity,-Infinity,-Infinity,-Infinity,-Infinity
"S3",-Infinity,-Infinity,-Infinity,-Infinity,-Infinity,-Infinity,-Infinity,-Infinity,-Infinity,-Infinity,-Infinity,-Infinity,-Infinity,-Infinity,-Infinity,-Infinity,-Infinity,-Infinity,-Infinity,-Infinity,-Infinity,-Infinity,-Infinity,-Infinity,-Infinity,-Infinity,-Infinity,-Infinity,-Infinity,-Infinity,-Infinity,-Infinity,-Infinity,-Infinity,-Infinity,-Infinity,-Infinity,-Infinity,-Infinity,-Infinity,-Infinity,-Infinity,-Infinity,-Infinity,-Infinity,-Infinity,-Infinity,-Infinity,-Infinity,-Infinity,-Infinity,-Infinity,-Infinity,-Infinity,-Infinity,-Infinity,-Infinity,-Infinity,-Infinity,-Infinity,-Infinity,-Infinity,-Infinity,-Infinity,-Infinity,-Infinity,-Infinity,-Infinity,-Infinity,-Infinity,-Infinity,-Infinity,-Infinity,-Infinity,-Infinity,-Infinity,-Infinity,-Infinity,-Infinity,-Infinity,-Infinity,-Infinity,-Infinity,-Infinity,-Infinity,-Infinity,-Infinity,-Infinity,-Infinity,-Infinity,-Infinity,-Infinity,-Infinity,-Infinity,-Infinity,-Infinity,-Infinity,-Infinity,-Infinity,-Infinity,-Infinity,-Infinity,-Infinity,-Infinity,-Infinity,-Infinity,-Infinity,-Infinity,-Infinity,-Infinity,-Infinity,-Infinity,-Infinity,-Infinity,-Infinity,-Infinity,-Infinity,-Infinity,-Infinity,-Infinity,-Infinity,-Infinity,-Infinity,-Infinity,-Infinity,-Infinity,-Infinity,-Infinity,-Infinity,-Infinity,-Infinity,-Infinity,-Infinity,-Infinity,-Infinity,-Infinity,-Infinity,-Infinity,-Infinity,-Infinity,-Infinity
"S4",-Infinity,-Infinity,-Infinity,-Infinity,-Infinity,-Infinity,-Infinity,-Infinity,-Infinity,-Infinity,-Infinity,-Infinity,-Infinity,-Infinity,-Infinity,-Infinity,-Infinity,-Infinity,-Infinity,-Infinity,-Infinity,-Infinity,-Infinity,-Infinity,-Infinity,-Infinity,-Infinity,-Infinity,-Infinity,-Infinity,-Infinity,-Infinity,-Infinity,-Infinity,-Infinity,-Infinity,-Infinity,-Infinity,-Infinity,-Infinity,-Infinity,-Infinity,-Infinity,-Infinity,-Infinity,-Infinity,-Infinity,-Infinity,-Infinity,-Infinity,-Infinity,-Infinity,-Infinity,-Infinity,-Infinity,-Infinity,-Infinity,-Infinity,-Infinity,-Infinity,-Infinity,-Infinity,-Infinity,-Infinity,-Infinity,-Infinity,-Infinity,-Infinity,-Infinity,-Infinity,-Infinity,-Infinity,-Infinity,-Infinity,-Infinity,-Infinity,-Infinity,-Infinity,-Infinity,-Infinity,-Infinity,-Infinity,-Infinity,-Infinity,-Infinity,-Infinity,-Infinity,-Infinity,-Infinity,-Infinity,-Infinity,-Infinity,-Infinity,-Infinity,-Infinity,-Infinity,-Infinity,-Infinity,-Infinity,-Infinity,-Infinity,-Infinity,-Infinity,-Infinity,-Infinity,-Infinity,-Infinity,-Infinity,-Infinity,-Infinity,-Infinity,-Infinity,-Infinity,-Infinity,-Infinity,-Infinity,-Infinity,-Infinity,-Infinity,-Infinity,-Infinity,-Infinity,-Infinity,-Infinity,-Infinity,-Infinity,-Infinity,-Infinity,-Infinity,-Infinity,-Infinity,-Infinity,-Infinity,-Infinity,-Infinity,-Infinity,-Infinity,-Infinity,-Infinity,-Infinity,-Infinity
"S5",-Infinity,-Infinity,-Infinity,-Infinity,-Infinity,-Infinity,-Infinity,-Infinity,-Infinity,-Infinity,-Infinity,-Infinity,-Infinity,-Infinity,-Infinity,-Infinity,-Infinity,-Infinity,-Infinity,-Infinity,-Infinity,-Infinity,-Infinity,-Infinity,-Infinity,-Infinity,-Infinity,-Infinity,-Infinity,-Infinity,-Infinity,-Infinity,-Infinity,-Infinity,-Infinity,-Infinity,-Infinity,-Infinity,-Infinity,-Infinity,-Infinity,-Infinity,-Infinity,-Infinity,-Infinity,-Infinity,-Infinity,-Infinity,-Infinity,-Infinity,-Infinity,-Infinity,-Infinity,-Infinity,-Infinity,-Infinity,-Infinity,-Infinity,-Infinity,-Infinity,-Infinity,-Infinity,-Infinity,-Infinity,-Infinity,-Infinity,-Infinity,-Infinity,-Infinity,-Infinity,-Infinity,-Infinity,-Infinity,-Infinity,-Infinity,-Infinity,-Infinity,-Infinity,-Infinity,-Infinity,-Infinity,-Infinity,-Infinity,-Infinity,-Infinity,-Infinity,-Infinity,-Infinity,-Infinity,-Infinity,-Infinity,-Infinity,-Infinity,-Infinity,-Infinity,-Infinity,-Infinity,-Infinity,-Infinity,-Infinity,-Infinity,-Infinity,-Infinity,-Infinity,-Infinity,-Infinity,-Infinity,-Infinity,-Infinity,-Infinity,-Infinity,-Infinity,-Infinity,-Infinity,-Infinity,-Infinity,-Infinity,-Infinity,-Infinity,-Infinity,-Infinity,-Infinity,-Infinity,-Infinity,-Infinity,-Infinity,-Infinity,-Infinity,-Infinity,-Infinity,-Infinity,-Infinity,-Infinity,-Infinity,-Infinity,-Infinity,-Infinity,-Infinity,-Infinity,-Infinity,-Infinity
"S6",-Infinity,-Infinity,-Infinity,-Infinity,-Infinity,-Infinity,-Infinity,-Infinity,-Infinity,-Infinity,-Infinity,-Infinity,-Infinity,-Infinity,-Infinity,-Infinity,-Infinity,-Infinity,-Infinity,-Infinity,-Infinity,-Infinity,-Infinity,-Infinity,-Infinity,-Infinity,-Infinity,-Infinity,-Infinity,-Infinity,-Infinity,-Infinity,-Infinity,-Infinity,-Infinity,-Infinity,-Infinity,-Infinity,-Infinity,-Infinity,-Infinity,-Infinity,-Infinity,-Infinity,-Infinity,-Infinity,-Infinity,-Infinity,-Infinity,-Infinity,-Infinity,-Infinity,-Infinity,-Infinity,-Infinity,-Infinity,-Infinity,-Infinity,-Infinity,-Infinity,-Infinity,-Infinity,-Infinity,-Infinity,-Infinity,-Infinity,-Infinity,-Infinity,-Infinity,-Infinity,-Infinity,-Infinity,-Infinity,-Infinity,-Infinity,-Infinity,-Infinity,-Infinity,-Infinity,-Infinity,-Infinity,-Infinity,-Infinity,-Infinity,-Infinity,-Infinity,-Infinity,-Infinity,-Infinity,-Infinity,-Infinity,-Infinity,-Infinity,-Infinity,-Infinity,-Infinity,-Infinity,-Infinity,-Infinity,-Infinity,-Infinity,-Infinity,-Infinity,-Infinity,-Infinity,-Infinity,-Infinity,-Infinity,-Infinity,-Infinity,-Infinity,-Infinity,-Infinity,-Infinity,-Infinity,-Infinity,-Infinity,-Infinity,-Infinity,-Infinity,-Infinity,-Infinity,-Infinity,-Infinity,-Infinity,-Infinity,-Infinity,-Infinity,-Infinity,-Infinity,-Infinity,-Infinity,-Infinity,-Infinity,-Infinity,-Infinity,-Infinity,-Infinity,-Infinity,-Infinity,-Infinity
"S7",-Infinity,-Infinity,-Infinity,-Infinity,-Infinity,-Infinity,-Infinity,-Infinity,-Infinity,-Infinity,-Infinity,-Infinity,-Infinity,-Infinity,-Infinity,-Infinity,-Infinity,-Infinity,-Infinity,-Infinity,-Infinity,-Infinity,-Infinity,-Infinity,-Infinity,-Infinity,-Infinity,-Infinity,-Infinity,-Infinity,-Infinity,-Infinity,-Infinity,-Infinity,-Infinity,-Infinity,-Infinity,-Infinity,-Infinity,-Infinity,-Infinity,-Infinity,-Infinity,-Infinity,-Infinity,-Infinity,-Infinity,-Infinity,-Infinity,-Infinity,-Infinity,-Infinity,-Infinity,-Infinity,-Infinity,-Infinity,-Infinity,-Infinity,-Infinity,-Infinity,-Infinity,-Infinity,-Infinity,-Infinity,-Infinity,-Infinity,-Infinity,-Infinity,-Infinity,-Infinity,-Infinity,-Infinity,-Infinity,-Infinity,-Infinity,-Infinity,-Infinity,-Infinity,-Infinity,-Infinity,-Infinity,-Infinity,-Infinity,-Infinity,-Infinity,-Infinity,-Infinity,-Infinity,-Infinity,-Infinity,-Infinity,-Infinity,-Infinity,-Infinity,-Infinity,-Infinity,-Infinity,-Infinity,-Infinity,-Infinity,-Infinity,-Infinity,-Infinity,-Infinity,-Infinity,-Infinity,-Infinity,-Infinity,-Infinity,-Infinity,-Infinity,-Infinity,-Infinity,-Infinity,-Infinity,-Infinity,-Infinity,-Infinity,-Infinity,-Infinity,-Infinity,-Infinity,-Infinity,-Infinity,-Infinity,-Infinity,-Infinity,-Infinity,-Infinity,-Infinity,-Infinity,-Infinity,-Infinity,-Infinity,-Infinity,-Infinity,-Infinity,-Infinity,-Infinity,-Infinity,-Infinity
"S8",-Infinity,-Infinity,-Infinity,-Infinity,-Infinity,-Infinity,-Infinity,-Infinity,-Infinity,-Infinity,-Infinity,-Infinity,-Infinity,-Infinity,-Infinity,-Infinity,-Infinity,-Infinity,-Infinity,-Infinity,-Infinity,-Infinity,-Infinity,-Infinity,-Infinity,-Infinity,-Infinity,-Infinity,-Infinity,-Infinity,-Infinity,-Infinity,-Infinity,-Infinity,-Infinity,-Infinity,-Infinity,-Infinity,-Infinity,-Infinity,-Infinity,-Infinity,-Infinity,-Infinity,-Infinity,-Infinity,-Infinity,-Infinity,-Infinity,-Infinity,-Infinity,-Infinity,-Infinity,-Infinity,-Infinity,-Infinity,-Infinity,-Infinity,-Infinity,-Infinity,-Infinity,-Infinity,-Infinity,-Infinity,-Infinity,-Infinity,-Infinity,-Infinity,-Infinity,-Infinity,-Infinity,-Infinity,-Infinity,-Infinity,-Infinity,-Infinity,-Infinity,-Infinity,-Infinity,-Infinity,-Infinity,-Infinity,-Infinity,-Infinity,-Infinity,-Infinity,-Infinity,-Infinity,-Infinity,-Infinity,-Infinity,-Infinity,-Infinity,-Infinity,-Infinity,-Infinity,-Infinity,-Infinity,-Infinity,-Infinity,-Infinity,-Infinity,-Infinity,-Infinity,-Infinity,-Infinity,-Infinity,-Infinity,-Infinity,-Infinity,-Infinity,-Infinity,-Infinity,-Infinity,-Infinity,-Infinity,-Infinity,-Infinity,-Infinity,-Infinity,-Infinity,-Infinity,-Infinity,-Infinity,-Infinity,-Infinity,-Infinity,-Infinity,-Infinity,-Infinity,-Infinity,-Infinity,-Infinity,-Infinity,-Infinity,-Infinity,-Infinity,-Infinity,-Infinity,-Infinity,-Infinity
"S9",-Infinity,-Infinity,-Infinity,-Infinity,-Infinity,-Infinity,-Infinity,-Infinity,-Infinity,-Infinity,-Infinity,-Infinity,-Infinity,-Infinity,-Infinity,-Infinity,-Infinity,-Infinity,-Infinity,-Infinity,-Infinity,-Infinity,-Infinity,-Infinity,-Infinity,-Infinity,-Infinity,-Infinity,-Infinity,-Infinity,-Infinity,-Infinity,-Infinity,-Infinity,-Infinity,-Infinity,-Infinity,-Infinity,-Infinity,-Infinity,-Infinity,-Infinity,-Infinity,-Infinity,-Infinity,-Infinity,-Infinity,-Infinity,-Infinity,-Infinity,-Infinity,-Infinity,-Infinity,-Infinity,-Infinity,-Infinity,-Infinity,-Infinity,-Infinity,-Infinity,-Infinity,-Infinity,-Infinity,-Infinity,-Infinity,-Infinity,-Infinity,-Infinity,-Infinity,-Infinity,-Infinity,-Infinity,-Infinity,-Infinity,-Infinity,-Infinity,-Infinity,-Infinity,-Infinity,-Infinity,-Infinity,-Infinity,-Infinity,-Infinity,-Infinity,-Infinity,-Infinity,-Infinity,-Infinity,-Infinity,-Infinity,-Infinity,-Infinity,-Infinity,-Infinity,-Infinity,-Infinity,-Infinity,-Infinity,-Infinity,-Infinity,-Infinity,-Infinity,-Infinity,-Infinity,-Infinity,-Infinity,-Infinity,-Infinity,-Infinity,-Infinity,-Infinity,-Infinity,-Infinity,-Infinity,-Infinity,-Infinity,-Infinity,-Infinity,-Infinity,-Infinity,-Infinity,-Infinity,-Infinity,-Infinity,-Infinity,-Infinity,-Infinity,-Infinity,-Infinity,-Infinity,-Infinity,-Infinity,-Infinity,-Infinity,-Infinity,-Infinity,-Infinity,-Infinity,-Infinity,-Infinity
"S10",-Infinity,-Infinity,-Infinity,-Infinity,-Infinity,-Infinity,-Infinity,-Infinity,-Infinity,-Infinity,-Infinity,-Infinity,-Infinity,-Infinity,-Infinity,-Infinity,-Infinity,-Infinity,-Infinity,-Infinity,-Infinity,-Infinity,-Infinity,-Infinity,-Infinity,-Infinity,-Infinity,-Infinity,-Infinity,-Infinity,-Infinity,-Infinity,-Infinity,-Infinity,-Infinity,-Infinity,-Infinity,-Infinity,-Infinity,-Infinity,-Infinity,-Infinity,-Infinity,-Infinity,-Infinity,-Infinity,-Infinity,-Infinity,-Infinity,-Infinity,-Infinity,-Infinity,-Infinity,-Infinity,-Infinity,-Infinity,-Infinity,-Infinity,-Infinity,-Infinity,-Infinity,-Infinity,-Infinity,-Infinity,-Infinity,-Infinity,-Infinity,-Infinity,-Infinity,-Infinity,-Infinity,-Infinity,-Infinity,-Infinity,-Infinity,-Infinity,-Infinity,-Infinity,-Infinity,-Infinity,-Infinity,-Infinity,-Infinity,-Infinity,-Infinity,-Infinity,-Infinity,-Infinity,-Infinity,-Infinity,-Infinity,-Infinity,-Infinity,-Infinity,-Infinity,-Infinity,-Infinity,-Infinity,-Infinity,-Infinity,-Infinity,-Infinity,-Infinity,-Infinity,-Infinity,-Infinity,-Infinity,-Infinity,-Infinity,-Infinity,-Infinity,-Infinity,-Infinity,-Infinity,-Infinity,-Infinity,-Infinity,-Infinity,-Infinity,-Infinity,-Infinity,-Infinity,-Infinity,-Infinity,-Infinity,-Infinity,-Infinity,-Infinity,-Infinity,-Infinity,-Infinity,-Infinity,-Infinity,-Infinity,-Infinity,-Infinity,-Infinity,-Infinity,-Infinity,-Infinity,-Infinity
"S11",-Infinity,-Infinity,-Infinity,-Infinity,-Infinity,-Infinity,-Infinity,-Infinity,-Infinity,-Infinity,-Infinity,-Infinity,-Infinity,-Infinity,-Infinity,-Infinity,-Infinity,-Infinity,-Infinity,-Infinity,-Infinity,-Infinity,-Infinity,-Infinity,-Infinity,-Infinity,-Infinity,-Infinity,-Infinity,-Infinity,-Infinity,-Infinity,-Infinity,-Infinity,-Infinity,-Infinity,-Infinity,-Infinity,-Infinity,-Infinity,-Infinity,-Infinity,-Infinity,-Infinity,-Infinity,-Infinity,-Infinity,-Infinity,-Infinity,-Infinity,-Infinity,-Infinity,-Infinity,-Infinity,-Infinity,-Infinity,-Infinity,-Infinity,-Infinity,-Infinity,-Infinity,-Infinity,-Infinity,-Infinity,-Infinity,-Infinity,-Infinity,-Infinity,-Infinity,-Infinity,-Infinity,-Infinity,-Infinity,-Infinity,-Infinity,-Infinity,-Infinity,-Infinity,-Infinity,-Infinity,-Infinity,-Infinity,-Infinity,-Infinity,-Infinity,-Infinity,-Infinity,-Infinity,-Infinity,-Infinity,-Infinity,-Infinity,-Infinity,-Infinity,-Infinity,-Infinity,-Infinity,-Infinity,-Infinity,-Infinity,-Infinity,-Infinity,-Infinity,-Infinity,-Infinity,-Infinity,-Infinity,-Infinity,-Infinity,-Infinity,-Infinity,-Infinity,-Infinity,-Infinity,-Infinity,-Infinity,-Infinity,-Infinity,-Infinity,-Infinity,-Infinity,-Infinity,-Infinity,-Infinity,-Infinity,-Infinity,-Infinity,-Infinity,-Infinity,-Infinity,-Infinity,-Infinity,-Infinity,-Infinity,-Infinity,-Infinity,-Infinity,-Infinity,-Infinity,-Infinity,-Infinity
"S12",-Infinity,-Infinity,-Infinity,-Infinity,-Infinity,-Infinity,-Infinity,-Infinity,-Infinity,-Infinity,-Infinity,-Infinity,-Infinity,-Infinity,-Infinity,-Infinity,-Infinity,-Infinity,-Infinity,-Infinity,-Infinity,-Infinity,-Infinity,-Infinity,-Infinity,-Infinity,-Infinity,-Infinity,-Infinity,-Infinity,-Infinity,-Infinity,-Infinity,-Infinity,-Infinity,-Infinity,-Infinity,-Infinity,-Infinity,-Infinity,-Infinity,-Infinity,-Infinity,-Infinity,-Infinity,-Infinity,-Infinity,-Infinity,-Infinity,-Infinity,-Infinity,-Infinity,-Infinity,-Infinity,-Infinity,-Infinity,-Infinity,-Infinity,-Infinity,-Infinity,-Infinity,-Infinity,-Infinity,-Infinity,-Infinity,-Infinity,-Infinity,-Infinity,-Infinity,-Infinity,-Infinity,-Infinity,-Infinity,-Infinity,-Infinity,-Infinity,-Infinity,-Infinity,-Infinity,-Infinity,-Infinity,-Infinity,-Infinity,-Infinity,-Infinity,-Infinity,-Infinity,-Infinity,-Infinity,-Infinity,-Infinity,-Infinity,-Infinity,-Infinity,-Infinity,-Infinity,-Infinity,-Infinity,-Infinity,-Infinity,-Infinity,-Infinity,-Infinity,-Infinity,-Infinity,-Infinity,-Infinity,-Infinity,-Infinity,-Infinity,-Infinity,-Infinity,-Infinity,-Infinity,-Infinity,-Infinity,-Infinity,-Infinity,-Infinity,-Infinity,-Infinity,-Infinity,-Infinity,-Infinity,-Infinity,-Infinity,-Infinity,-Infinity,-Infinity,-Infinity,-Infinity,-Infinity,-Infinity,-Infinity,-Infinity,-Infinity,-Infinity,-Infinity,-Infinity,-Infinity,-Infinity
"S13",-Infinity,-Infinity,-Infinity,-Infinity,-Infinity,-Infinity,-Infinity,-Infinity,-Infinity,-Infinity,-Infinity,-Infinity,-Infinity,-Infinity,-Infinity,-Infinity,-Infinity,-Infinity,-Infinity,-Infinity,-Infinity,-Infinity,-Infinity,-Infinity,-Infinity,-Infinity,-Infinity,-Infinity,-Infinity,-Infinity,-Infinity,-Infinity,-Infinity,-Infinity,-Infinity,-Infinity,-Infinity,-Infinity,-Infinity,-Infinity,-Infinity,-Infinity,-Infinity,-Infinity,-Infinity,-Infinity,-Infinity,-Infinity,-Infinity,-Infinity,-Infinity,-Infinity,-Infinity,-Infinity,-Infinity,-Infinity,-Infinity,-Infinity,-Infinity,-Infinity,-Infinity,-Infinity,-Infinity,-Infinity,-Infinity,-Infinity,-Infinity,-Infinity,-Infinity,-Infinity,-Infinity,-Infinity,-Infinity,-Infinity,-Infinity,-Infinity,-Infinity,-Infinity,-Infinity,-Infinity,-Infinity,-Infinity,-Infinity,-Infinity,-Infinity,-Infinity,-Infinity,-Infinity,-Infinity,-Infinity,-Infinity,-Infinity,-Infinity,-Infinity,-Infinity,-Infinity,-Infinity,-Infinity,-Infinity,-Infinity,-Infinity,-Infinity,-Infinity,-Infinity,-Infinity,-Infinity,-Infinity,-Infinity,-Infinity,-Infinity,-Infinity,-Infinity,-Infinity,-Infinity,-Infinity,-Infinity,-Infinity,-Infinity,-Infinity,-Infinity,-Infinity,-Infinity,-Infinity,-Infinity,-Infinity,-Infinity,-Infinity,-Infinity,-Infinity,-Infinity,-Infinity,-Infinity,-Infinity,-Infinity,-Infinity,-Infinity,-Infinity,-Infinity,-Infinity,-Infinity,-Infinity
"S14",-Infinity,-Infinity,-Infinity,-Infinity,-Infinity,-Infinity,-Infinity,-Infinity,-Infinity,-Infinity,-Infinity,-Infinity,-Infinity,-Infinity,-Infinity,-Infinity,-Infinity,-Infinity,-Infinity,-Infinity,-Infinity,-Infinity,-Infinity,-Infinity,-Infinity,-Infinity,-Infinity,-Infinity,-Infinity,-Infinity,-Infinity,-Infinity,-Infinity,-Infinity,-Infinity,-Infinity,-Infinity,-Infinity,-Infinity,-Infinity,-Infinity,-Infinity,-Infinity,-Infinity,-Infinity,-Infinity,-Infinity,-Infinity,-Infinity,-Infinity,-Infinity,-Infinity,-Infinity,-Infinity,-Infinity,-Infinity,-Infinity,-Infinity,-Infinity,-Infinity,-Infinity,-Infinity,-Infinity,-Infinity,-Infinity,-Infinity,-Infinity,-Infinity,-Infinity,-Infinity,-Infinity,-Infinity,-Infinity,-Infinity,-Infinity,-Infinity,-Infinity,-Infinity,-Infinity,-Infinity,-Infinity,-Infinity,-Infinity,-Infinity,-Infinity,-Infinity,-Infinity,-Infinity,-Infinity,-Infinity,-Infinity,-Infinity,-Infinity,-Infinity,-Infinity,-Infinity,-Infinity,-Infinity,-Infinity,-Infinity,-Infinity,-Infinity,-Infinity,-Infinity,-Infinity,-Infinity,-Infinity,-Infinity,-Infinity,-Infinity,-Infinity,-Infinity,-Infinity,-Infinity,-Infinity,-Infinity,-Infinity,-Infinity,-Infinity,-Infinity,-Infinity,-Infinity,-Infinity,-Infinity,-Infinity,-Infinity,-Infinity,-Infinity,-Infinity,-Infinity,-Infinity,-Infinity,-Infinity,-Infinity,-Infinity,-Infinity,-Infinity,-Infinity,-Infinity,-Infinity,-Infinity
"S15",-Infinity,-Infinity,-Infinity,-Infinity,-Infinity,-Infinity,-Infinity,-Infinity,-Infinity,-Infinity,-Infinity,-Infinity,-Infinity,-Infinity,-Infinity,-Infinity,-Infinity,-Infinity,-Infinity,-Infinity,-Infinity,-Infinity,-Infinity,-Infinity,-Infinity,-Infinity,-Infinity,-Infinity,-Infinity,-Infinity,-Infinity,-Infinity,-Infinity,-Infinity,-Infinity,-Infinity,-Infinity,-Infinity,-Infinity,-Infinity,-Infinity,-Infinity,-Infinity,-Infinity,-Infinity,-Infinity,-Infinity,-Infinity,-Infinity,-Infinity,-Infinity,-Infinity,-Infinity,-Infinity,-Infinity,-Infinity,-Infinity,-Infinity,-Infinity,-Infinity,-Infinity,-Infinity,-Infinity,-Infinity,-Infinity,-Infinity,-Infinity,-Infinity,-Infinity,-Infinity,-Infinity,-Infinity,-Infinity,-Infinity,-Infinity,-Infinity,-Infinity,-Infinity,-Infinity,-Infinity,-Infinity,-Infinity,-Infinity,-Infinity,-Infinity,-Infinity,-Infinity,-Infinity,-Infinity,-Infinity,-Infinity,-Infinity,-Infinity,-Infinity,-Infinity,-Infinity,-Infinity,-Infinity,-Infinity,-Infinity,-Infinity,-Infinity,-Infinity,-Infinity,-Infinity,-Infinity,-Infinity,-Infinity,-Infinity,-Infinity,-Infinity,-Infinity,-Infinity,-Infinity,-Infinity,-Infinity,-Infinity,-Infinity,-Infinity,-Infinity,-Infinity,-Infinity,-Infinity,-Infinity,-Infinity,-Infinity,-Infinity,-Infinity,-Infinity,-Infinity,-Infinity,-Infinity,-Infinity,-Infinity,-Infinity,-Infinity,-Infinity,-Infinity,-Infinity,-Infinity,-Infinity
"S16",-Infinity,-Infinity,-Infinity,-Infinity,-Infinity,-Infinity,-Infinity,-Infinity,-Infinity,-Infinity,-Infinity,-Infinity,-Infinity,-Infinity,-Infinity,-Infinity,-Infinity,-Infinity,-Infinity,-Infinity,-Infinity,-Infinity,-Infinity,-Infinity,-Infinity,-Infinity,-Infinity,-Infinity,-Infinity,-Infinity,-Infinity,-Infinity,-Infinity,-Infinity,-Infinity,-Infinity,-Infinity,-Infinity,-Infinity,-Infinity,-Infinity,-Infinity,-Infinity,-Infinity,-Infinity,-Infinity,-Infinity,-Infinity,-Infinity,-Infinity,-Infinity,-Infinity,-Infinity,-Infinity,-Infinity,-Infinity,-Infinity,-Infinity,-Infinity,-Infinity,-Infinity,-Infinity,-Infinity,-Infinity,-Infinity,-Infinity,-Infinity,-Infinity,-Infinity,-Infinity,-Infinity,-Infinity,-Infinity,-Infinity,-Infinity,-Infinity,-Infinity,-Infinity,-Infinity,-Infinity,-Infinity,-Infinity,-Infinity,-Infinity,-Infinity,-Infinity,-Infinity,-Infinity,-Infinity,-Infinity,-Infinity,-Infinity,-Infinity,-Infinity,-Infinity,-Infinity,-Infinity,-Infinity,-Infinity,-Infinity,-Infinity,-Infinity,-Infinity,-Infinity,-Infinity,-Infinity,-Infinity,-Infinity,-Infinity,-Infinity,-Infinity,-Infinity,-Infinity,-Infinity,-Infinity,-Infinity,-Infinity,-Infinity,-Infinity,-Infinity,-Infinity,-Infinity,-Infinity,-Infinity,-Infinity,-Infinity,-Infinity,-Infinity,-Infinity,-Infinity,-Infinity,-Infinity,-Infinity,-Infinity,-Infinity,-Infinity,-Infinity,-Infinity,-Infinity,-Infinity,-Infinity
"S17",-Infinity,-Infinity,-Infinity,-Infinity,-Infinity,-Infinity,-Infinity,-Infinity,-Infinity,-Infinity,-Infinity,-Infinity,-Infinity,-Infinity,-Infinity,-Infinity,-Infinity,-Infinity,-Infinity,-Infinity,-Infinity,-Infinity,-Infinity,-Infinity,-Infinity,-Infinity,-Infinity,-Infinity,-Infinity,-Infinity,-Infinity,-Infinity,-Infinity,-Infinity,-Infinity,-Infinity,-Infinity,-Infinity,-Infinity,-Infinity,-Infinity,-Infinity,-Infinity,-Infinity,-Infinity,-Infinity,-Infinity,-Infinity,-Infinity,-Infinity,-Infinity,-Infinity,-Infinity,-Infinity,-Infinity,-Infinity,-Infinity,-Infinity,-Infinity,-Infinity,-Infinity,-Infinity,-Infinity,-Infinity,-Infinity,-Infinity,-Infinity,-Infinity,-Infinity,-Infinity,-Infinity,-Infinity,-Infinity,-Infinity,-Infinity,-Infinity,-Infinity,-Infinity,-Infinity,-Infinity,-Infinity,-Infinity,-Infinity,-Infinity,-Infinity,-Infinity,-Infinity,-Infinity,-Infinity,-Infinity,-Infinity,-Infinity,-Infinity,-Infinity,-Infinity,-Infinity,-Infinity,-Infinity,-Infinity,-Infinity,-Infinity,-Infinity,-Infinity,-Infinity,-Infinity,-Infinity,-Infinity,-Infinity,-Infinity,-Infinity,-Infinity,-Infinity,-Infinity,-Infinity,-Infinity,-Infinity,-Infinity,-Infinity,-Infinity,-Infinity,-Infinity,-Infinity,-Infinity,-Infinity,-Infinity,-Infinity,-Infinity,-Infinity,-Infinity,-Infinity,-Infinity,-Infinity,-Infinity,-Infinity,-Infinity,-Infinity,-Infinity,-Infinity,-Infinity,-Infinity,-Infinity
"S18",-Infinity,-Infinity,-Infinity,-Infinity,-Infinity,-Infinity,-Infinity,-Infinity,-Infinity,-Infinity,-Infinity,-Infinity,-Infinity,-Infinity,-Infinity,-Infinity,-Infinity,-Infinity,-Infinity,-Infinity,-Infinity,-Infinity,-Infinity,-Infinity,-Infinity,-Infinity,-Infinity,-Infinity,-Infinity,-Infinity,-Infinity,-Infinity,-Infinity,-Infinity,-Infinity,-Infinity,-Infinity,-Infinity,-Infinity,-Infinity,-Infinity,-Infinity,-Infinity,-Infinity,-Infinity,-Infinity,-Infinity,-Infinity,-Infinity,-Infinity,-Infinity,-Infinity,-Infinity,-Infinity,-Infinity,-Infinity,-Infinity,-Infinity,-Infinity,-Infinity,-Infinity,-Infinity,-Infinity,-Infinity,-Infinity,-Infinity,-Infinity,-Infinity,-Infinity,-Infinity,-Infinity,-Infinity,-Infinity,-Infinity,-Infinity,-Infinity,-Infinity,-Infinity,-Infinity,-Infinity,-Infinity,-Infinity,-Infinity,-Infinity,-Infinity,-Infinity,-Infinity,-Infinity,-Infinity,-Infinity,-Infinity,-Infinity,-Infinity,-Infinity,-Infinity,-Infinity,-Infinity,-Infinity,-Infinity,-Infinity,-Infinity,-Infinity,-Infinity,-Infinity,-Infinity,-Infinity,-Infinity,-Infinity,-Infinity,-Infinity,-Infinity,-Infinity,-Infinity,-Infinity,-Infinity,-Infinity,-Infinity,-Infinity,-Infinity,-Infinity,-Infinity,-Infinity,-Infinity,-Infinity,-Infinity,-Infinity,-Infinity,-Infinity,-Infinity,-Infinity,-Infinity,-Infinity,-Infinity,-Infinity,-Infinity,-Infinity,-Infinity,-Infinity,-Infinity,-Infinity,-Infinity
"S19",-Infinity,-Infinity,-Infinity,-Infinity,-Infinity,-Infinity,-Infinity,-Infinity,-Infinity,-Infinity,-Infinity,-Infinity,-Infinity,-Infinity,-Infinity,-Infinity,-Infinity,-Infinity,-Infinity,-Infinity,-Infinity,-Infinity,-Infinity,-Infinity,-Infinity,-Infinity,-Infinity,-Infinity,-Infinity,-Infinity,-Infinity,-Infinity,-Infinity,-Infinity,-Infinity,-Infinity,-Infinity,-Infinity,-Infinity,-Infinity,-Infinity,-Infinity,-Infinity,-Infinity,-Infinity,-Infinity,-Infinity,-Infinity,-Infinity,-Infinity,-Infinity,-Infinity,-Infinity,-Infinity,-Infinity,-Infinity,-Infinity,-Infinity,-Infinity,-Infinity,-Infinity,-Infinity,-Infinity,-Infinity,-Infinity,-Infinity,-Infinity,-Infinity,-Infinity,-Infinity,-Infinity,-Infinity,-Infinity,-Infinity,-Infinity,-Infinity,-Infinity,-Infinity,-Infinity,-Infinity,-Infinity,-Infinity,-Infinity,-Infinity,-Infinity,-Infinity,-Infinity,-Infinity,-Infinity,-Infinity,-Infinity,-Infinity,-Infinity,-Infinity,-Infinity,-Infinity,-Infinity,-Infinity,-Infinity,-Infinity,-Infinity,-Infinity,-Infinity,-Infinity,-Infinity,-Infinity,-Infinity,-Infinity,-Infinity,-Infinity,-Infinity,-Infinity,-Infinity,-Infinity,-Infinity,-Infinity,-Infinity,-Infinity,-Infinity,-Infinity,-Infinity,-Infinity,-Infinity,-Infinity,-Infinity,-Infinity,-Infinity,-Infinity,-Infinity,-Infinity,-Infinity,-Infinity,-Infinity,-Infinity,-Infinity,-Infinity,-Infinity,-Infinity,-Infinity,-Infinity,-Infinity
"S20",-Infinity,-Infinity,-Infinity,-Infinity,-Infinity,-Infinity,-Infinity,-Infinity,-Infinity,-Infinity,-Infinity,-Infinity,-Infinity,-Infinity,-Infinity,-Infinity,-Infinity,-Infinity,-Infinity,-Infinity,-Infinity,-Infinity,-Infinity,-Infinity,-Infinity,-Infinity,-Infinity,-Infinity,-Infinity,-Infinity,-Infinity,-Infinity,-Infinity,-Infinity,-Infinity,-Infinity,-Infinity,-Infinity,-Infinity,-Infinity,-Infinity,-Infinity,-Infinity,-Infinity,-Infinity,-Infinity,-Infinity,-Infinity,-Infinity,-Infinity,-Infinity,-Infinity,-Infinity,-Infinity,-Infinity,-Infinity,-Infinity,-Infinity,-Infinity,-Infinity,-Infinity,-Infinity,-Infinity,-Infinity,-Infinity,-Infinity,-Infinity,-Infinity,-Infinity,-Infinity,-Infinity,-Infinity,-Infinity,-Infinity,-Infinity,-Infinity,-Infinity,-Infinity,-Infinity,-Infinity,-Infinity,-Infinity,-Infinity,-Infinity,-Infinity,-Infinity,-Infinity,-Infinity,-Infinity,-Infinity,-Infinity,-Infinity,-Infinity,-Infinity,-Infinity,-Infinity,-Infinity,-Infinity,-Infinity,-Infinity,-Infinity,-Infinity,-Infinity,-Infinity,-Infinity,-Infinity,-Infinity,-Infinity,-Infinity,-Infinity,-Infinity,-Infinity,-Infinity,-Infinity,-Infinity,-Infinity,-Infinity,-Infinity,-Infinity,-Infinity,-Infinity,-Infinity,-Infinity,-Infinity,-Infinity,-Infinity,-Infinity,-Infinity,-Infinity,-Infinity,-Infinity,-Infinity,-Infinity,-Infinity,-Infinity,-Infinity,-Infinity,-Infinity,-Infinity,-Infinity,-Infinity
"S21",-Infinity,-Infinity,-Infinity,-Infinity,-Infinity,-Infinity,-Infinity,-Infinity,-Infinity,-Infinity,-Infinity,-Infinity,-Infinity,-Infinity,-Infinity,-Infinity,-Infinity,-Infinity,-Infinity,-Infinity,-Infinity,-Infinity,-Infinity,-Infinity,-Infinity,-Infinity,-Infinity,-Infinity,-Infinity,-Infinity,-Infinity,-Infinity,-Infinity,-Infinity,-Infinity,-Infinity,-Infinity,-Infinity,-Infinity,-Infinity,-Infinity,-Infinity,-Infinity,-Infinity,-Infinity,-Infinity,-Infinity,-Infinity,-Infinity,-Infinity,-Infinity,-Infinity,-Infinity,-Infinity,-Infinity,-Infinity,-Infinity,-Infinity,-Infinity,-Infinity,-Infinity,-Infinity,-Infinity,-Infinity,-Infinity,-Infinity,-Infinity,-Infinity,-Infinity,-Infinity,-Infinity,-Infinity,-Infinity,-Infinity,-Infinity,-Infinity,-Infinity,-Infinity,-Infinity,-Infinity,-Infinity,-Infinity,-Infinity,-Infinity,-Infinity,-Infinity,-Infinity,-Infinity,-Infinity,-Infinity,-Infinity,-Infinity,-Infinity,-Infinity,-Infinity,-Infinity,-Infinity,-Infinity,-Infinity,-Infinity,-Infinity,-Infinity,-Infinity,-Infinity,-Infinity,-Infinity,-Infinity,-Infinity,-Infinity,-Infinity,-Infinity,-Infinity,-Infinity,-Infinity,-Infinity,-Infinity,-Infinity,-Infinity,-Infinity,-Infinity,-Infinity,-Infinity,-Infinity,-Infinity,-Infinity,-Infinity,-Infinity,-Infinity,-Infinity,-Infinity,-Infinity,-Infinity,-Infinity,-Infinity,-Infinity,-Infinity,-Infinity,-Infinity,-Infinity,-Infinity,-Infinity
"S22",-Infinity,-Infinity,-Infinity,-Infinity,-Infinity,-Infinity,-Infinity,-Infinity,-Infinity,-Infinity,-Infinity,-Infinity,-Infinity,-Infinity,-Infinity,-Infinity,-Infinity,-Infinity,-Infinity,-Infinity,-Infinity,-Infinity,-Infinity,-Infinity,-Infinity,-Infinity,-Infinity,-Infinity,-Infinity,-Infinity,-Infinity,-Infinity,-Infinity,-Infinity,-Infinity,-Infinity,-Infinity,-Infinity,-Infinity,-Infinity,-Infinity,-Infinity,-Infinity,-Infinity,-Infinity,-Infinity,-Infinity,-Infinity,-Infinity,-Infinity,-Infinity,-Infinity,-Infinity,-Infinity,-Infinity,-Infinity,-Infinity,-Infinity,-Infinity,-Infinity,-Infinity,-Infinity,-Infinity,-Infinity,-Infinity,-Infinity,-Infinity,-Infinity,-Infinity,-Infinity,-Infinity,-Infinity,-Infinity,-Infinity,-Infinity,-Infinity,-Infinity,-Infinity,-Infinity,-Infinity,-Infinity,-Infinity,-Infinity,-Infinity,-Infinity,-Infinity,-Infinity,-Infinity,-Infinity,-Infinity,-Infinity,-Infinity,-Infinity,-Infinity,-Infinity,-Infinity,-Infinity,-Infinity,-Infinity,-Infinity,-Infinity,-Infinity,-Infinity,-Infinity,-Infinity,-Infinity,-Infinity,-Infinity,-Infinity,-Infinity,-Infinity,-Infinity,-Infinity,-Infinity,-Infinity,-Infinity,-Infinity,-Infinity,-Infinity,-Infinity,-Infinity,-Infinity,-Infinity,-Infinity,-Infinity,-Infinity,-Infinity,-Infinity,-Infinity,-Infinity,-Infinity,-Infinity,-Infinity,-Infinity,-Infinity,-Infinity,-Infinity,-Infinity,-Infinity,-Infinity,-Infinity
"S23",-Infinity,-Infinity,-Infinity,-Infinity,-Infinity,-Infinity,-Infinity,-Infinity,-Infinity,-Infinity,-Infinity,-Infinity,-Infinity,-Infinity,-Infinity,-Infinity,-Infinity,-Infinity,-Infinity,-Infinity,-Infinity,-Infinity,-Infinity,-Infinity,-Infinity,-Infinity,-Infinity,-Infinity,-Infinity,-Infinity,-Infinity,-Infinity,-Infinity,-Infinity,-Infinity,-Infinity,-Infinity,-Infinity,-Infinity,-Infinity,-Infinity,-Infinity,-Infinity,-Infinity,-Infinity,-Infinity,-Infinity,-Infinity,-Infinity,-Infinity,-Infinity,-Infinity,-Infinity,-Infinity,-Infinity,-Infinity,-Infinity,-Infinity,-Infinity,-Infinity,-Infinity,-Infinity,-Infinity,-Infinity,-Infinity,-Infinity,-Infinity,-Infinity,-Infinity,-Infinity,-Infinity,-Infinity,-Infinity,-Infinity,-Infinity,-Infinity,-Infinity,-Infinity,-Infinity,-Infinity,-Infinity,-Infinity,-Infinity,-Infinity,-Infinity,-Infinity,-Infinity,-Infinity,-Infinity,-Infinity,-Infinity,-Infinity,-Infinity,-Infinity,-Infinity,-Infinity,-Infinity,-Infinity,-Infinity,-Infinity,-Infinity,-Infinity,-Infinity,-Infinity,-Infinity,-Infinity,-Infinity,-Infinity,-Infinity,-Infinity,-Infinity,-Infinity,-Infinity,-Infinity,-Infinity,-Infinity,-Infinity,-Infinity,-Infinity,-Infinity,-Infinity,-Infinity,-Infinity,-Infinity,-Infinity,-Infinity,-Infinity,-Infinity,-Infinity,-Infinity,-Infinity,-Infinity,-Infinity,-Infinity,-Infinity,-Infinity,-Infinity,-Infinity,-Infinity,-Infinity,-Infinity
"S24",-Infinity,-Infinity,-Infinity,-Infinity,-Infinity,-Infinity,-Infinity,-Infinity,-Infinity,-Infinity,-Infinity,-Infinity,-Infinity,-Infinity,-Infinity,-Infinity,-Infinity,-Infinity,-Infinity,-Infinity,-Infinity,-Infinity,-Infinity,-Infinity,-Infinity,-Infinity,-Infinity,-Infinity,-Infinity,-Infinity,-Infinity,-Infinity,-Infinity,-Infinity,-Infinity,-Infinity,-Infinity,-Infinity,-Infinity,-Infinity,-Infinity,-Infinity,-Infinity,-Infinity,-Infinity,-Infinity,-Infinity,-Infinity,-Infinity,-Infinity,-Infinity,-Infinity,-Infinity,-Infinity,-Infinity,-Infinity,-Infinity,-Infinity,-Infinity,-Infinity,-Infinity,-Infinity,-Infinity,-Infinity,-Infinity,-Infinity,-Infinity,-Infinity,-Infinity,-Infinity,-Infinity,-Infinity,-Infinity,-Infinity,-Infinity,-Infinity,-Infinity,-Infinity,-Infinity,-Infinity,-Infinity,-Infinity,-Infinity,-Infinity,-Infinity,-Infinity,-Infinity,-Infinity,-Infinity,-Infinity,-Infinity,-Infinity,-Infinity,-Infinity,-Infinity,-Infinity,-Infinity,-Infinity,-Infinity,-Infinity,-Infinity,-Infinity,-Infinity,-Infinity,-Infinity,-Infinity,-Infinity,-Infinity,-Infinity,-Infinity,-Infinity,-Infinity,-Infinity,-Infinity,-Infinity,-Infinity,-Infinity,-Infinity,-Infinity,-Infinity,-Infinity,-Infinity,-Infinity,-Infinity,-Infinity,-Infinity,-Infinity,-Infinity,-Infinity,-Infinity,-Infinity,-Infinity,-Infinity,-Infinity,-Infinity,-Infinity,-Infinity,-Infinity,-Infinity,-Infinity,-Infinity
"S25",-Infinity,-Infinity,-Infinity,-Infinity,-Infinity,-Infinity,-Infinity,-Infinity,-Infinity,-Infinity,-Infinity,-Infinity,-Infinity,-Infinity,-Infinity,-Infinity,-Infinity,-Infinity,-Infinity,-Infinity,-Infinity,-Infinity,-Infinity,-Infinity,-Infinity,-Infinity,-Infinity,-Infinity,-Infinity,-Infinity,-Infinity,-Infinity,-Infinity,-Infinity,-Infinity,-Infinity,-Infinity,-Infinity,-Infinity,-Infinity,-Infinity,-Infinity,-Infinity,-Infinity,-Infinity,-Infinity,-Infinity,-Infinity,-Infinity,-Infinity,-Infinity,-Infinity,-Infinity,-Infinity,-Infinity,-Infinity,-Infinity,-Infinity,-Infinity,-Infinity,-Infinity,-Infinity,-Infinity,-Infinity,-Infinity,-Infinity,-Infinity,-Infinity,-Infinity,-Infinity,-Infinity,-Infinity,-Infinity,-Infinity,-Infinity,-Infinity,-Infinity,-Infinity,-Infinity,-Infinity,-Infinity,-Infinity,-Infinity,-Infinity,-Infinity,-Infinity,-Infinity,-Infinity,-Infinity,-Infinity,-Infinity,-Infinity,-Infinity,-Infinity,-Infinity,-Infinity,-Infinity,-Infinity,-Infinity,-Infinity,-Infinity,-Infinity,-Infinity,-Infinity,-Infinity,-Infinity,-Infinity,-Infinity,-Infinity,-Infinity,-Infinity,-Infinity,-Infinity,-Infinity,-Infinity,-Infinity,-Infinity,-Infinity,-Infinity,-Infinity,-Infinity,-Infinity,-Infinity,-Infinity,-Infinity,-Infinity,-Infinity,-Infinity,-Infinity,-Infinity,-Infinity,-Infinity,-Infinity,-Infinity,-Infinity,-Infinity,-Infinity,-Infinity,-Infinity,-Infinity,-Infinity
"S26",-Infinity,-Infinity,-Infinity,-Infinity,-Infinity,-Infinity,-Infinity,-Infinity,-Infinity,-Infinity,-Infinity,-Infinity,-Infinity,-Infinity,-Infinity,-Infinity,-Infinity,-Infinity,-Infinity,-Infinity,-Infinity,-Infinity,-Infinity,-Infinity,-Infinity,-Infinity,-Infinity,-Infinity,-Infinity,-Infinity,-Infinity,-Infinity,-Infinity,-Infinity,-Infinity,-Infinity,-Infinity,-Infinity,-Infinity,-Infinity,-Infinity,-Infinity,-Infinity,-Infinity,-Infinity,-Infinity,-Infinity,-Infinity,-Infinity,-Infinity,-Infinity,-Infinity,-Infinity,-Infinity,-Infinity,-Infinity,-Infinity,-Infinity,-Infinity,-Infinity,-Infinity,-Infinity,-Infinity,-Infinity,-Infinity,-Infinity,-Infinity,-Infinity,-Infinity,-Infinity,-Infinity,-Infinity,-Infinity,-Infinity,-Infinity,-Infinity,-Infinity,-Infinity,-Infinity,-Infinity,-Infinity,-Infinity,-Infinity,-Infinity,-Infinity,-Infinity,-Infinity,-Infinity,-Infinity,-Infinity,-Infinity,-Infinity,-Infinity,-Infinity,-Infinity,-Infinity,-Infinity,-Infinity,-Infinity,-Infinity,-Infinity,-Infinity,-Infinity,-Infinity,-Infinity,-Infinity,-Infinity,-Infinity,-Infinity,-Infinity,-Infinity,-Infinity,-Infinity,-Infinity,-Infinity,-Infinity,-Infinity,-Infinity,-Infinity,-Infinity,-Infinity,-Infinity,-Infinity,-Infinity,-Infinity,-Infinity,-Infinity,-Infinity,-Infinity,-Infinity,-Infinity,-Infinity,-Infinity,-Infinity,-Infinity,-Infinity,-Infinity,-Infinity,-Infinity,-Infinity,-Infinity
"S27",-Infinity,-Infinity,-Infinity,-Infinity,-Infinity,-Infinity,-Infinity,-Infinity,-Infinity,-Infinity,-Infinity,-Infinity,-Infinity,-Infinity,-Infinity,-Infinity,-Infinity,-Infinity,-Infinity,-Infinity,-Infinity,-Infinity,-Infinity,-Infinity,-Infinity,-Infinity,-Infinity,-Infinity,-Infinity,-Infinity,-Infinity,-Infinity,-Infinity,-Infinity,-Infinity,-Infinity,-Infinity,-Infinity,-Infinity,-Infinity,-Infinity,-Infinity,-Infinity,-Infinity,-Infinity,-Infinity,-Infinity,-Infinity,-Infinity,-Infinity,-Infinity,-Infinity,-Infinity,-Infinity,-Infinity,-Infinity,-Infinity,-Infinity,-Infinity,-Infinity,-Infinity,-Infinity,-Infinity,-Infinity,-Infinity,-Infinity,-Infinity,-Infinity,-Infinity,-Infinity,-Infinity,-Infinity,-Infinity,-Infinity,-Infinity,-Infinity,-Infinity,-Infinity,-Infinity,-Infinity,-Infinity,-Infinity,-Infinity,-Infinity,-Infinity,-Infinity,-Infinity,-Infinity,-Infinity,-Infinity,-Infinity,-Infinity,-Infinity,-Infinity,-Infinity,-Infinity,-Infinity,-Infinity,-Infinity,-Infinity,-Infinity,-Infinity,-Infinity,-Infinity,-Infinity,-Infinity,-Infinity,-Infinity,-Infinity,-Infinity,-Infinity,-Infinity,-Infinity,-Infinity,-Infinity,-Infinity,-Infinity,-Infinity,-Infinity,-Infinity,-Infinity,-Infinity,-Infinity,-Infinity,-Infinity,-Infinity,-Infinity,-Infinity,-Infinity,-Infinity,-Infinity,-Infinity,-Infinity,-Infinity,-Infinity,-Infinity,-Infinity,-Infinity,-Infinity,-Infinity,-Infinity
"S28",-Infinity,-Infinity,-Infinity,-Infinity,-Infinity,-Infinity,-Infinity,-Infinity,-Infinity,-Infinity,-Infinity,-Infinity,-Infinity,-Infinity,-Infinity,-Infinity,-Infinity,-Infinity,-Infinity,-Infinity,-Infinity,-Infinity,-Infinity,-Infinity,-Infinity,-Infinity,-Infinity,-Infinity,-Infinity,-Infinity,-Infinity,-Infinity,-Infinity,-Infinity,-Infinity,-Infinity,-Infinity,-Infinity,-Infinity,-Infinity,-Infinity,-Infinity,-Infinity,-Infinity,-Infinity,-Infinity,-Infinity,-Infinity,-Infinity,-Infinity,-Infinity,-Infinity,-Infinity,-Infinity,-Infinity,-Infinity,-Infinity,-Infinity,-Infinity,-Infinity,-Infinity,-Infinity,-Infinity,-Infinity,-Infinity,-Infinity,-Infinity,-Infinity,-Infinity,-Infinity,-Infinity,-Infinity,-Infinity,-Infinity,-Infinity,-Infinity,-Infinity,-Infinity,-Infinity,-Infinity,-Infinity,-Infinity,-Infinity,-Infinity,-Infinity,-Infinity,-Infinity,-Infinity,-Infinity,-Infinity,-Infinity,-Infinity,-Infinity,-Infinity,-Infinity,-Infinity,-Infinity,-Infinity,-Infinity,-Infinity,-Infinity,-Infinity,-Infinity,-Infinity,-Infinity,-Infinity,-Infinity,-Infinity,-Infinity,-Infinity,-Infinity,-Infinity,-Infinity,-Infinity,-Infinity,-Infinity,-Infinity,-Infinity,-Infinity,-Infinity,-Infinity,-Infinity,-Infinity,-Infinity,-Infinity,-Infinity,-Infinity,-Infinity,-Infinity,-Infinity,-Infinity,-Infinity,-Infinity,-Infinity,-Infinity,-Infinity,-Infinity,-Infinity,-Infinity,-Infinity,-Infinity
"S29",-Infinity,-Infinity,-Infinity,-Infinity,-Infinity,-Infinity,-Infinity,-Infinity,-Infinity,-Infinity,-Infinity,-Infinity,-Infinity,-Infinity,-Infinity,-Infinity,-Infinity,-Infinity,-Infinity,-Infinity,-Infinity,-Infinity,-Infinity,-Infinity,-Infinity,-Infinity,-Infinity,-Infinity,-Infinity,-Infinity,-Infinity,-Infinity,-Infinity,-Infinity,-Infinity,-Infinity,-Infinity,-Infinity,-Infinity,-Infinity,-Infinity,-Infinity,-Infinity,-Infinity,-Infinity,-Infinity,-Infinity,-Infinity,-Infinity,-Infinity,-Infinity,-Infinity,-Infinity,-Infinity,-Infinity,-Infinity,-Infinity,-Infinity,-Infinity,-Infinity,-Infinity,-Infinity,-Infinity,-Infinity,-Infinity,-Infinity,-Infinity,-Infinity,-Infinity,-Infinity,-Infinity,-Infinity,-Infinity,-Infinity,-Infinity,-Infinity,-Infinity,-Infinity,-Infinity,-Infinity,-Infinity,-Infinity,-Infinity,-Infinity,-Infinity,-Infinity,-Infinity,-Infinity,-Infinity,-Infinity,-Infinity,-Infinity,-Infinity,-Infinity,-Infinity,-Infinity,-Infinity,-Infinity,-Infinity,-Infinity,-Infinity,-Infinity,-Infinity,-Infinity,-Infinity,-Infinity,-Infinity,-Infinity,-Infinity,-Infinity,-Infinity,-Infinity,-Infinity,-Infinity,-Infinity,-Infinity,-Infinity,-Infinity,-Infinity,-Infinity,-Infinity,-Infinity,-Infinity,-Infinity,-Infinity,-Infinity,-Infinity,-Infinity,-Infinity,-Infinity,-Infinity,-Infinity,-Infinity,-Infinity,-Infinity,-Infinity,-Infinity,-Infinity,-Infinity,-Infinity,-Infinity
"S30",-Infinity,-Infinity,-Infinity,-Infinity,-Infinity,-Infinity,-Infinity,-Infinity,-Infinity,-Infinity,-Infinity,-Infinity,-Infinity,-Infinity,-Infinity,-Infinity,-Infinity,-Infinity,-Infinity,-Infinity,-Infinity,-Infinity,-Infinity,-Infinity,-Infinity,-Infinity,-Infinity,-Infinity,-Infinity,-Infinity,-Infinity,-Infinity,-Infinity,-Infinity,-Infinity,-Infinity,-Infinity,-Infinity,-Infinity,-Infinity,-Infinity,-Infinity,-Infinity,-Infinity,-Infinity,-Infinity,-Infinity,-Infinity,-Infinity,-Infinity,-Infinity,-Infinity,-Infinity,-Infinity,-Infinity,-Infinity,-Infinity,-Infinity,-Infinity,-Infinity,-Infinity,-Infinity,-Infinity,-Infinity,-Infinity,-Infinity,-Infinity,-Infinity,-Infinity,-Infinity,-Infinity,-Infinity,-Infinity,-Infinity,-Infinity,-Infinity,-Infinity,-Infinity,-Infinity,-Infinity,-Infinity,-Infinity,-Infinity,-Infinity,-Infinity,-Infinity,-Infinity,-Infinity,-Infinity,-Infinity,-Infinity,-Infinity,-Infinity,-Infinity,-Infinity,-Infinity,-Infinity,-Infinity,-Infinity,-Infinity,-Infinity,-Infinity,-Infinity,-Infinity,-Infinity,-Infinity,-Infinity,-Infinity,-Infinity,-Infinity,-Infinity,-Infinity,-Infinity,-Infinity,-Infinity,-Infinity,-Infinity,-Infinity,-Infinity,-Infinity,-Infinity,-Infinity,-Infinity,-Infinity,-Infinity,-Infinity,-Infinity,-Infinity,-Infinity,-Infinity,-Infinity,-Infinity,-Infinity,-Infinity,-Infinity,-Infinity,-Infinity,-Infinity,-Infinity,-Infinity,-Infinity
"S31",-Infinity,-Infinity,-Infinity,-Infinity,-Infinity,-Infinity,-Infinity,-Infinity,-Infinity,-Infinity,-Infinity,-Infinity,-Infinity,-Infinity,-Infinity,-Infinity,-Infinity,-Infinity,-Infinity,-Infinity,-Infinity,-Infinity,-Infinity,-Infinity,-Infinity,-Infinity,-Infinity,-Infinity,-Infinity,-Infinity,-Infinity,-Infinity,-Infinity,-Infinity,-Infinity,-Infinity,-Infinity,-Infinity,-Infinity,-Infinity,-Infinity,-Infinity,-Infinity,-Infinity,-Infinity,-Infinity,-Infinity,-Infinity,-Infinity,-Infinity,-Infinity,-Infinity,-Infinity,-Infinity,-Infinity,-Infinity,-Infinity,-Infinity,-Infinity,-Infinity,-Infinity,-Infinity,-Infinity,-Infinity,-Infinity,-Infinity,-Infinity,-Infinity,-Infinity,-Infinity,-Infinity,-Infinity,-Infinity,-Infinity,-Infinity,-Infinity,-Infinity,-Infinity,-Infinity,-Infinity,-Infinity,-Infinity,-Infinity,-Infinity,-Infinity,-Infinity,-Infinity,-Infinity,-Infinity,-Infinity,-Infinity,-Infinity,-Infinity,-Infinity,-Infinity,-Infinity,-Infinity,-Infinity,-Infinity,-Infinity,-Infinity,-Infinity,-Infinity,-Infinity,-Infinity,-Infinity,-Infinity,-Infinity,-Infinity,-Infinity,-Infinity,-Infinity,-Infinity,-Infinity,-Infinity,-Infinity,-Infinity,-Infinity,-Infinity,-Infinity,-Infinity,-Infinity,-Infinity,-Infinity,-Infinity,-Infinity,-Infinity,-Infinity,-Infinity,-Infinity,-Infinity,-Infinity,-Infinity,-Infinity,-Infinity,-Infinity,-Infinity,-Infinity,-Infinity,-Infinity,-Infinity
"S32",-Infinity,-Infinity,-Infinity,-Infinity,-Infinity,-Infinity,-Infinity,-Infinity,-Infinity,-Infinity,-Infinity,-Infinity,-Infinity,-Infinity,-Infinity,-Infinity,-Infinity,-Infinity,-Infinity,-Infinity,-Infinity,-Infinity,-Infinity,-Infinity,-Infinity,-Infinity,-Infinity,-Infinity,-Infinity,-Infinity,-Infinity,-Infinity,-Infinity,-Infinity,-Infinity,-Infinity,-Infinity,-Infinity,-Infinity,-Infinity,-Infinity,-Infinity,-Infinity,-Infinity,-Infinity,-Infinity,-Infinity,-Infinity,-Infinity,-Infinity,-Infinity,-Infinity,-Infinity,-Infinity,-Infinity,-Infinity,-Infinity,-Infinity,-Infinity,-Infinity,-Infinity,-Infinity,-Infinity,-Infinity,-Infinity,-Infinity,-Infinity,-Infinity,-Infinity,-Infinity,-Infinity,-Infinity,-Infinity,-Infinity,-Infinity,-Infinity,-Infinity,-Infinity,-Infinity,-Infinity,-Infinity,-Infinity,-Infinity,-Infinity,-Infinity,-Infinity,-Infinity,-Infinity,-Infinity,-Infinity,-Infinity,-Infinity,-Infinity,-Infinity,-Infinity,-Infinity,-Infinity,-Infinity,-Infinity,-Infinity,-Infinity,-Infinity,-Infinity,-Infinity,-Infinity,-Infinity,-Infinity,-Infinity,-Infinity,-Infinity,-Infinity,-Infinity,-Infinity,-Infinity,-Infinity,-Infinity,-Infinity,-Infinity,-Infinity,-Infinity,-Infinity,-Infinity,-Infinity,-Infinity,-Infinity,-Infinity,-Infinity,-Infinity,-Infinity,-Infinity,-Infinity,-Infinity,-Infinity,-Infinity,-Infinity,-Infinity,-Infinity,-Infinity,-Infinity,-Infinity,-Infinity
"S33",-Infinity,-Infinity,-Infinity,-Infinity,-Infinity,-Infinity,-Infinity,-Infinity,-Infinity,-Infinity,-Infinity,-Infinity,-Infinity,-Infinity,-Infinity,-Infinity,-Infinity,-Infinity,-Infinity,-Infinity,-Infinity,-Infinity,-Infinity,-Infinity,-Infinity,-Infinity,-Infinity,-Infinity,-Infinity,-Infinity,-Infinity,-Infinity,-Infinity,-Infinity,-Infinity,-Infinity,-Infinity,-Infinity,-Infinity,-Infinity,-Infinity,-Infinity,-Infinity,-Infinity,-Infinity,-Infinity,-Infinity,-Infinity,-Infinity,-Infinity,-Infinity,-Infinity,-Infinity,-Infinity,-Infinity,-Infinity,-Infinity,-Infinity,-Infinity,-Infinity,-Infinity,-Infinity,-Infinity,-Infinity,-Infinity,-Infinity,-Infinity,-Infinity,-Infinity,-Infinity,-Infinity,-Infinity,-Infinity,-Infinity,-Infinity,-Infinity,-Infinity,-Infinity,-Infinity,-Infinity,-Infinity,-Infinity,-Infinity,-Infinity,-Infinity,-Infinity,-Infinity,-Infinity,-Infinity,-Infinity,-Infinity,-Infinity,-Infinity,-Infinity,-Infinity,-Infinity,-Infinity,-Infinity,-Infinity,-Infinity,-Infinity,-Infinity,-Infinity,-Infinity,-Infinity,-Infinity,-Infinity,-Infinity,-Infinity,-Infinity,-Infinity,-Infinity,-Infinity,-Infinity,-Infinity,-Infinity,-Infinity,-Infinity,-Infinity,-Infinity,-Infinity,-Infinity,-Infinity,-Infinity,-Infinity,-Infinity,-Infinity,-Infinity,-Infinity,-Infinity,-Infinity,-Infinity,-Infinity,-Infinity,-Infinity,-Infinity,-Infinity,-Infinity,-Infinity,-Infinity,-Infinity
"S34",-Infinity,-Infinity,-Infinity,-Infinity,-Infinity,-Infinity,-Infinity,-Infinity,-Infinity,-Infinity,-Infinity,-Infinity,-Infinity,-Infinity,-Infinity,-Infinity,-Infinity,-Infinity,-Infinity,-Infinity,-Infinity,-Infinity,-Infinity,-Infinity,-Infinity,-Infinity,-Infinity,-Infinity,-Infinity,-Infinity,-Infinity,-Infinity,-Infinity,-Infinity,-Infinity,-Infinity,-Infinity,-Infinity,-Infinity,-Infinity,-Infinity,-Infinity,-Infinity,-Infinity,-Infinity,-Infinity,-Infinity,-Infinity,-Infinity,-Infinity,-Infinity,-Infinity,-Infinity,-Infinity,-Infinity,-Infinity,-Infinity,-Infinity,-Infinity,-Infinity,-Infinity,-Infinity,-Infinity,-Infinity,-Infinity,-Infinity,-Infinity,-Infinity,-Infinity,-Infinity,-Infinity,-Infinity,-Infinity,-Infinity,-Infinity,-Infinity,-Infinity,-Infinity,-Infinity,-Infinity,-Infinity,-Infinity,-Infinity,-Infinity,-Infinity,-Infinity,-Infinity,-Infinity,-Infinity,-Infinity,-Infinity,-Infinity,-Infinity,-Infinity,-Infinity,-Infinity,-Infinity,-Infinity,-Infinity,-Infinity,-Infinity,-Infinity,-Infinity,-Infinity,-Infinity,-Infinity,-Infinity,-Infinity,-Infinity,-Infinity,-Infinity,-Infinity,-Infinity,-Infinity,-Infinity,-Infinity,-Infinity,-Infinity,-Infinity,-Infinity,-Infinity,-Infinity,-Infinity,-Infinity,-Infinity,-Infinity,-Infinity,-Infinity,-Infinity,-Infinity,-Infinity,-Infinity,-Infinity,-Infinity,-Infinity,-Infinity,-Infinity,-Infinity,-Infinity,-Infinity,-Infinity
"S35",-Infinity,-Infinity,-Infinity,-Infinity,-Infinity,-Infinity,-Infinity,-Infinity,-Infinity,-Infinity,-Infinity,-Infinity,-Infinity,-Infinity,-Infinity,-Infinity,-Infinity,-Infinity,-Infinity,-Infinity,-Infinity,-Infinity,-Infinity,-Infinity,-Infinity,-Infinity,-Infinity,-Infinity,-Infinity,-Infinity,-Infinity,-Infinity,-Infinity,-Infinity,-Infinity,-Infinity,-Infinity,-Infinity,-Infinity,-Infinity,-Infinity,-Infinity,-Infinity,-Infinity,-Infinity,-Infinity,-Infinity,-Infinity,-Infinity,-Infinity,-Infinity,-Infinity,-Infinity,-Infinity,-Infinity,-Infinity,-Infinity,-Infinity,-Infinity,-Infinity,-Infinity,-Infinity,-Infinity,-Infinity,-Infinity,-Infinity,-Infinity,-Infinity,-Infinity,-Infinity,-Infinity,-Infinity,-Infinity,-Infinity,-Infinity,-Infinity,-Infinity,-Infinity,-Infinity,-Infinity,-Infinity,-Infinity,-Infinity,-Infinity,-Infinity,-Infinity,-Infinity,-Infinity,-Infinity,-Infinity,-Infinity,-Infinity,-Infinity,-Infinity,-Infinity,-Infinity,-Infinity,-Infinity,-Infinity,-Infinity,-Infinity,-Infinity,-Infinity,-Infinity,-Infinity,-Infinity,-Infinity,-Infinity,-Infinity,-Infinity,-Infinity,-Infinity,-Infinity,-Infinity,-Infinity,-Infinity,-Infinity,-Infinity,-Infinity,-Infinity,-Infinity,-Infinity,-Infinity,-Infinity,-Infinity,-Infinity,-Infinity,-Infinity,-Infinity,-Infinity,-Infinity,-Infinity,-Infinity,-Infinity,-Infinity,-Infinity,-Infinity,-Infinity,-Infinity,-Infinity,-Infinity
"S36",-Infinity,-Infinity,-Infinity,-Infinity,-Infinity,-Infinity,-Infinity,-Infinity,-Infinity,-Infinity,-Infinity,-Infinity,-Infinity,-Infinity,-Infinity,-Infinity,-Infinity,-Infinity,-Infinity,-Infinity,-Infinity,-Infinity,-Infinity,-Infinity,-Infinity,-Infinity,-Infinity,-Infinity,-Infinity,-Infinity,-Infinity,-Infinity,-Infinity,-Infinity,-Infinity,-Infinity,-Infinity,-Infinity,-Infinity,-Infinity,-Infinity,-Infinity,-Infinity,-Infinity,-Infinity,-Infinity,-Infinity,-Infinity,-Infinity,-Infinity,-Infinity,-Infinity,-Infinity,-Infinity,-Infinity,-Infinity,-Infinity,-Infinity,-Infinity,-Infinity,-Infinity,-Infinity,-Infinity,-Infinity,-Infinity,-Infinity,-Infinity,-Infinity,-Infinity,-Infinity,-Infinity,-Infinity,-Infinity,-Infinity,-Infinity,-Infinity,-Infinity,-Infinity,-Infinity,-Infinity,-Infinity,-Infinity,-Infinity,-Infinity,-Infinity,-Infinity,-Infinity,-Infinity,-Infinity,-Infinity,-Infinity,-Infinity,-Infinity,-Infinity,-Infinity,-Infinity,-Infinity,-Infinity,-Infinity,-Infinity,-Infinity,-Infinity,-Infinity,-Infinity,-Infinity,-Infinity,-Infinity,-Infinity,-Infinity,-Infinity,-Infinity,-Infinity,-Infinity,-Infinity,-Infinity,-Infinity,-Infinity,-Infinity,-Infinity,-Infinity,-Infinity,-Infinity,-Infinity,-Infinity,-Infinity,-Infinity,-Infinity,-Infinity,-Infinity,-Infinity,-Infinity,-Infinity,-Infinity,-Infinity,-Infinity,-Infinity,-Infinity,-Infinity,-Infinity,-Infinity,-Infinity
"S37",-Infinity,-Infinity,-Infinity,-Infinity,-Infinity,-Infinity,-Infinity,-Infinity,-Infinity,-Infinity,-Infinity,-Infinity,-Infinity,-Infinity,-Infinity,-Infinity,-Infinity,-Infinity,-Infinity,-Infinity,-Infinity,-Infinity,-Infinity,-Infinity,-Infinity,-Infinity,-Infinity,-Infinity,-Infinity,-Infinity,-Infinity,-Infinity,-Infinity,-Infinity,-Infinity,-Infinity,-Infinity,-Infinity,-Infinity,-Infinity,-Infinity,-Infinity,-Infinity,-Infinity,-Infinity,-Infinity,-Infinity,-Infinity,-Infinity,-Infinity,-Infinity,-Infinity,-Infinity,-Infinity,-Infinity,-Infinity,-Infinity,-Infinity,-Infinity,-Infinity,-Infinity,-Infinity,-Infinity,-Infinity,-Infinity,-Infinity,-Infinity,-Infinity,-Infinity,-Infinity,-Infinity,-Infinity,-Infinity,-Infinity,-Infinity,-Infinity,-Infinity,-Infinity,-Infinity,-Infinity,-Infinity,-Infinity,-Infinity,-Infinity,-Infinity,-Infinity,-Infinity,-Infinity,-Infinity,-Infinity,-Infinity,-Infinity,-Infinity,-Infinity,-Infinity,-Infinity,-Infinity,-Infinity,-Infinity,-Infinity,-Infinity,-Infinity,-Infinity,-Infinity,-Infinity,-Infinity,-Infinity,-Infinity,-Infinity,-Infinity,-Infinity,-Infinity,-Infinity,-Infinity,-Infinity,-Infinity,-Infinity,-Infinity,-Infinity,-Infinity,-Infinity,-Infinity,-Infinity,-Infinity,-Infinity,-Infinity,-Infinity,-Infinity,-Infinity,-Infinity,-Infinity,-Infinity,-Infinity,-Infinity,-Infinity,-Infinity,-Infinity,-Infinity,-Infinity,-Infinity,-Infinity
"S38",-Infinity,-Infinity,-Infinity,-Infinity,-Infinity,-Infinity,-Infinity,-Infinity,-Infinity,-Infinity,-Infinity,-Infinity,-Infinity,-Infinity,-Infinity,-Infinity,-Infinity,-Infinity,-Infinity,-Infinity,-Infinity,-Infinity,-Infinity,-Infinity,-Infinity,-Infinity,-Infinity,-Infinity,-Infinity,-Infinity,-Infinity,-Infinity,-Infinity,-Infinity,-Infinity,-Infinity,-Infinity,-Infinity,-Infinity,-Infinity,-Infinity,-Infinity,-Infinity,-Infinity,-Infinity,-Infinity,-Infinity,-Infinity,-Infinity,-Infinity,-Infinity,-Infinity,-Infinity,-Infinity,-Infinity,-Infinity,-Infinity,-Infinity,-Infinity,-Infinity,-Infinity,-Infinity,-Infinity,-Infinity,-Infinity,-Infinity,-Infinity,-Infinity,-Infinity,-Infinity,-Infinity,-Infinity,-Infinity,-Infinity,-Infinity,-Infinity,-Infinity,-Infinity,-Infinity,-Infinity,-Infinity,-Infinity,-Infinity,-Infinity,-Infinity,-Infinity,-Infinity,-Infinity,-Infinity,-Infinity,-Infinity,-Infinity,-Infinity,-Infinity,-Infinity,-Infinity,-Infinity,-Infinity,-Infinity,-Infinity,-Infinity,-Infinity,-Infinity,-Infinity,-Infinity,-Infinity,-Infinity,-Infinity,-Infinity,-Infinity,-Infinity,-Infinity,-Infinity,-Infinity,-Infinity,-Infinity,-Infinity,-Infinity,-Infinity,-Infinity,-Infinity,-Infinity,-Infinity,-Infinity,-Infinity,-Infinity,-Infinity,-Infinity,-Infinity,-Infinity,-Infinity,-Infinity,-Infinity,-Infinity,-Infinity,-Infinity,-Infinity,-Infinity,-Infinity,-Infinity,-Infinity
"S39",-Infinity,-Infinity,-Infinity,-Infinity,-Infinity,-Infinity,-Infinity,-Infinity,-Infinity,-Infinity,-Infinity,-Infinity,-Infinity,-Infinity,-Infinity,-Infinity,-Infinity,-Infinity,-Infinity,-Infinity,-Infinity,-Infinity,-Infinity,-Infinity,-Infinity,-Infinity,-Infinity,-Infinity,-Infinity,-Infinity,-Infinity,-Infinity,-Infinity,-Infinity,-Infinity,-Infinity,-Infinity,-Infinity,-Infinity,-Infinity,-Infinity,-Infinity,-Infinity,-Infinity,-Infinity,-Infinity,-Infinity,-Infinity,-Infinity,-Infinity,-Infinity,-Infinity,-Infinity,-Infinity,-Infinity,-Infinity,-Infinity,-Infinity,-Infinity,-Infinity,-Infinity,-Infinity,-Infinity,-Infinity,-Infinity,-Infinity,-Infinity,-Infinity,-Infinity,-Infinity,-Infinity,-Infinity,-Infinity,-Infinity,-Infinity,-Infinity,-Infinity,-Infinity,-Infinity,-Infinity,-Infinity,-Infinity,-Infinity,-Infinity,-Infinity,-Infinity,-Infinity,-Infinity,-Infinity,-Infinity,-Infinity,-Infinity,-Infinity,-Infinity,-Infinity,-Infinity,-Infinity,-Infinity,-Infinity,-Infinity,-Infinity,-Infinity,-Infinity,-Infinity,-Infinity,-Infinity,-Infinity,-Infinity,-Infinity,-Infinity,-Infinity,-Infinity,-Infinity,-Infinity,-Infinity,-Infinity,-Infinity,-Infinity,-Infinity,-Infinity,-Infinity,-Infinity,-Infinity,-Infinity,-Infinity,-Infinity,-Infinity,-Infinity,-Infinity,-Infinity,-Infinity,-Infinity,-Infinity,-Infinity,-Infinity,-Infinity,-Infinity,-Infinity,-Infinity,-Infinity,-Infinity
"S40",-Infinity,-Infinity,-Infinity,-Infinity,-Infinity,-Infinity,-Infinity,-Infinity,-Infinity,-Infinity,-Infinity,-Infinity,-Infinity,-Infinity,-Infinity,-Infinity,-Infinity,-Infinity,-Infinity,-Infinity,-Infinity,-Infinity,-Infinity,-Infinity,-Infinity,-Infinity,-Infinity,-Infinity,-Infinity,-Infinity,-Infinity,-Infinity,-Infinity,-Infinity,-Infinity,-Infinity,-Infinity,-Infinity,-Infinity,-Infinity,-Infinity,-Infinity,-Infinity,-Infinity,-Infinity,-Infinity,-Infinity,-Infinity,-Infinity,-Infinity,-Infinity,-Infinity,-Infinity,-Infinity,-Infinity,-Infinity,-Infinity,-Infinity,-Infinity,-Infinity,-Infinity,-Infinity,-Infinity,-Infinity,-Infinity,-Infinity,-Infinity,-Infinity,-Infinity,-Infinity,-Infinity,-Infinity,-Infinity,-Infinity,-Infinity,-Infinity,-Infinity,-Infinity,-Infinity,-Infinity,-Infinity,-Infinity,-Infinity,-Infinity,-Infinity,-Infinity,-Infinity,-Infinity,-Infinity,-Infinity,-Infinity,-Infinity,-Infinity,-Infinity,-Infinity,-Infinity,-Infinity,-Infinity,-Infinity,-Infinity,-Infinity,-Infinity,-Infinity,-Infinity,-Infinity,-Infinity,-Infinity,-Infinity,-Infinity,-Infinity,-Infinity,-Infinity,-Infinity,-Infinity,-Infinity,-Infinity,-Infinity,-Infinity,-Infinity,-Infinity,-Infinity,-Infinity,-Infinity,-Infinity,-Infinity,-Infinity,-Infinity,-Infinity,-Infinity,-Infinity,-Infinity,-Infinity,-Infinity,-Infinity,-Infinity,-Infinity,-Infinity,-Infinity,-Infinity,-Infinity,-Infinity
"S41",-Infinity,-Infinity,-Infinity,-Infinity,-Infinity,-Infinity,-Infinity,-Infinity,-Infinity,-Infinity,-Infinity,-Infinity,-Infinity,-Infinity,-Infinity,-Infinity,-Infinity,-Infinity,-Infinity,-Infinity,-Infinity,-Infinity,-Infinity,-Infinity,-Infinity,-Infinity,-Infinity,-Infinity,-Infinity,-Infinity,-Infinity,-Infinity,-Infinity,-Infinity,-Infinity,-Infinity,-Infinity,-Infinity,-Infinity,-Infinity,-Infinity,-Infinity,-Infinity,-Infinity,-Infinity,-Infinity,-Infinity,-Infinity,-Infinity,-Infinity,-Infinity,-Infinity,-Infinity,-Infinity,-Infinity,-Infinity,-Infinity,-Infinity,-Infinity,-Infinity,-Infinity,-Infinity,-Infinity,-Infinity,-Infinity,-Infinity,-Infinity,-Infinity,-Infinity,-Infinity,-Infinity,-Infinity,-Infinity,-Infinity,-Infinity,-Infinity,-Infinity,-Infinity,-Infinity,-Infinity,-Infinity,-Infinity,-Infinity,-Infinity,-Infinity,-Infinity,-Infinity,-Infinity,-Infinity,-Infinity,-Infinity,-Infinity,-Infinity,-Infinity,-Infinity,-Infinity,-Infinity,-Infinity,-Infinity,-Infinity,-Infinity,-Infinity,-Infinity,-Infinity,-Infinity,-Infinity,-Infinity,-Infinity,-Infinity,-Infinity,-Infinity,-Infinity,-Infinity,-Infinity,-Infinity,-Infinity,-Infinity,-Infinity,-Infinity,-Infinity,-Infinity,-Infinity,-Infinity,-Infinity,-Infinity,-Infinity,-Infinity,-Infinity,-Infinity,-Infinity,-Infinity,-Infinity,-Infinity,-Infinity,-Infinity,-Infinity,-Infinity,-Infinity,-Infinity,-Infinity,-Infinity
"S42",-Infinity,-Infinity,-Infinity,-Infinity,-Infinity,-Infinity,-Infinity,-Infinity,-Infinity,-Infinity,-Infinity,-Infinity,-Infinity,-Infinity,-Infinity,-Infinity,-Infinity,-Infinity,-Infinity,-Infinity,-Infinity,-Infinity,-Infinity,-Infinity,-Infinity,-Infinity,-Infinity,-Infinity,-Infinity,-Infinity,-Infinity,-Infinity,-Infinity,-Infinity,-Infinity,-Infinity,-Infinity,-Infinity,-Infinity,-Infinity,-Infinity,-Infinity,-Infinity,-Infinity,-Infinity,-Infinity,-Infinity,-Infinity,-Infinity,-Infinity,-Infinity,-Infinity,-Infinity,-Infinity,-Infinity,-Infinity,-Infinity,-Infinity,-Infinity,-Infinity,-Infinity,-Infinity,-Infinity,-Infinity,-Infinity,-Infinity,-Infinity,-Infinity,-Infinity,-Infinity,-Infinity,-Infinity,-Infinity,-Infinity,-Infinity,-Infinity,-Infinity,-Infinity,-Infinity,-Infinity,-Infinity,-Infinity,-Infinity,-Infinity,-Infinity,-Infinity,-Infinity,-Infinity,-Infinity,-Infinity,-Infinity,-Infinity,-Infinity,-Infinity,-Infinity,-Infinity,-Infinity,-Infinity,-Infinity,-Infinity,-Infinity,-Infinity,-Infinity,-Infinity,-Infinity,-Infinity,-Infinity,-Infinity,-Infinity,-Infinity,-Infinity,-Infinity,-Infinity,-Infinity,-Infinity,-Infinity,-Infinity,-Infinity,-Infinity,-Infinity,-Infinity,-Infinity,-Infinity,-Infinity,-Infinity,-Infinity,-Infinity,-Infinity,-Infinity,-Infinity,-Infinity,-Infinity,-Infinity,-Infinity,-Infinity,-Infinity,-Infinity,-Infinity,-Infinity,-Infinity,-Infinity
"S43",-Infinity,-Infinity,-Infinity,-Infinity,-Infinity,-Infinity,-Infinity,-Infinity,-Infinity,-Infinity,-Infinity,-Infinity,-Infinity,-Infinity,-Infinity,-Infinity,-Infinity,-Infinity,-Infinity,-Infinity,-Infinity,-Infinity,-Infinity,-Infinity,-Infinity,-Infinity,-Infinity,-Infinity,-Infinity,-Infinity,-Infinity,-Infinity,-Infinity,-Infinity,-Infinity,-Infinity,-Infinity,-Infinity,-Infinity,-Infinity,-Infinity,-Infinity,-Infinity,-Infinity,-Infinity,-Infinity,-Infinity,-Infinity,-Infinity,-Infinity,-Infinity,-Infinity,-Infinity,-Infinity,-Infinity,-Infinity,-Infinity,-Infinity,-Infinity,-Infinity,-Infinity,-Infinity,-Infinity,-Infinity,-Infinity,-Infinity,-Infinity,-Infinity,-Infinity,-Infinity,-Infinity,-Infinity,-Infinity,-Infinity,-Infinity,-Infinity,-Infinity,-Infinity,-Infinity,-Infinity,-Infinity,-Infinity,-Infinity,-Infinity,-Infinity,-Infinity,-Infinity,-Infinity,-Infinity,-Infinity,-Infinity,-Infinity,-Infinity,-Infinity,-Infinity,-Infinity,-Infinity,-Infinity,-Infinity,-Infinity,-Infinity,-Infinity,-Infinity,-Infinity,-Infinity,-Infinity,-Infinity,-Infinity,-Infinity,-Infinity,-Infinity,-Infinity,-Infinity,-Infinity,-Infinity,-Infinity,-Infinity,-Infinity,-Infinity,-Infinity,-Infinity,-Infinity,-Infinity,-Infinity,-Infinity,-Infinity,-Infinity,-Infinity,-Infinity,-Infinity,-Infinity,-Infinity,-Infinity,-Infinity,-Infinity,-Infinity,-Infinity,-Infinity,-Infinity,-Infinity,-Infinity
"S44",-Infinity,-Infinity,-Infinity,-Infinity,-Infinity,-Infinity,-Infinity,-Infinity,-Infinity,-Infinity,-Infinity,-Infinity,-Infinity,-Infinity,-Infinity,-Infinity,-Infinity,-Infinity,-Infinity,-Infinity,-Infinity,-Infinity,-Infinity,-Infinity,-Infinity,-Infinity,-Infinity,-Infinity,-Infinity,-Infinity,-Infinity,-Infinity,-Infinity,-Infinity,-Infinity,-Infinity,-Infinity,-Infinity,-Infinity,-Infinity,-Infinity,-Infinity,-Infinity,-Infinity,-Infinity,-Infinity,-Infinity,-Infinity,-Infinity,-Infinity,-Infinity,-Infinity,-Infinity,-Infinity,-Infinity,-Infinity,-Infinity,-Infinity,-Infinity,-Infinity,-Infinity,-Infinity,-Infinity,-Infinity,-Infinity,-Infinity,-Infinity,-Infinity,-Infinity,-Infinity,-Infinity,-Infinity,-Infinity,-Infinity,-Infinity,-Infinity,-Infinity,-Infinity,-Infinity,-Infinity,-Infinity,-Infinity,-Infinity,-Infinity,-Infinity,-Infinity,-Infinity,-Infinity,-Infinity,-Infinity,-Infinity,-Infinity,-Infinity,-Infinity,-Infinity,-Infinity,-Infinity,-Infinity,-Infinity,-Infinity,-Infinity,-Infinity,-Infinity,-Infinity,-Infinity,-Infinity,-Infinity,-Infinity,-Infinity,-Infinity,-Infinity,-Infinity,-Infinity,-Infinity,-Infinity,-Infinity,-Infinity,-Infinity,-Infinity,-Infinity,-Infinity,-Infinity,-Infinity,-Infinity,-Infinity,-Infinity,-Infinity,-Infinity,-Infinity,-Infinity,-Infinity,-Infinity,-Infinity,-Infinity,-Infinity,-Infinity,-Infinity,-Infinity,-Infinity,-Infinity,-Infinity
"S45",-Infinity,-Infinity,-Infinity,-Infinity,-Infinity,-Infinity,-Infinity,-Infinity,-Infinity,-Infinity,-Infinity,-Infinity,-Infinity,-Infinity,-Infinity,-Infinity,-Infinity,-Infinity,-Infinity,-Infinity,-Infinity,-Infinity,-Infinity,-Infinity,-Infinity,-Infinity,-Infinity,-Infinity,-Infinity,-Infinity,-Infinity,-Infinity,-Infinity,-Infinity,-Infinity,-Infinity,-Infinity,-Infinity,-Infinity,-Infinity,-Infinity,-Infinity,-Infinity,-Infinity,-Infinity,-Infinity,-Infinity,-Infinity,-Infinity,-Infinity,-Infinity,-Infinity,-Infinity,-Infinity,-Infinity,-Infinity,-Infinity,-Infinity,-Infinity,-Infinity,-Infinity,-Infinity,-Infinity,-Infinity,-Infinity,-Infinity,-Infinity,-Infinity,-Infinity,-Infinity,-Infinity,-Infinity,-Infinity,-Infinity,-Infinity,-Infinity,-Infinity,-Infinity,-Infinity,-Infinity,-Infinity,-Infinity,-Infinity,-Infinity,-Infinity,-Infinity,-Infinity,-Infinity,-Infinity,-Infinity,-Infinity,-Infinity,-Infinity,-Infinity,-Infinity,-Infinity,-Infinity,-Infinity,-Infinity,-Infinity,-Infinity,-Infinity,-Infinity,-Infinity,-Infinity,-Infinity,-Infinity,-Infinity,-Infinity,-Infinity,-Infinity,-Infinity,-Infinity,-Infinity,-Infinity,-Infinity,-Infinity,-Infinity,-Infinity,-Infinity,-Infinity,-Infinity,-Infinity,-Infinity,-Infinity,-Infinity,-Infinity,-Infinity,-Infinity,-Infinity,-Infinity,-Infinity,-Infinity,-Infinity,-Infinity,-Infinity,-Infinity,-Infinity,-Infinity,-Infinity,-Infinity
"S46",-Infinity,-Infinity,-Infinity,-Infinity,-Infinity,-Infinity,-Infinity,-Infinity,-Infinity,-Infinity,-Infinity,-Infinity,-Infinity,-Infinity,-Infinity,-Infinity,-Infinity,-Infinity,-Infinity,-Infinity,-Infinity,-Infinity,-Infinity,-Infinity,-Infinity,-Infinity,-Infinity,-Infinity,-Infinity,-Infinity,-Infinity,-Infinity,-Infinity,-Infinity,-Infinity,-Infinity,-Infinity,-Infinity,-Infinity,-Infinity,-Infinity,-Infinity,-Infinity,-Infinity,-Infinity,-Infinity,-Infinity,-Infinity,-Infinity,-Infinity,-Infinity,-Infinity,-Infinity,-Infinity,-Infinity,-Infinity,-Infinity,-Infinity,-Infinity,-Infinity,-Infinity,-Infinity,-Infinity,-Infinity,-Infinity,-Infinity,-Infinity,-Infinity,-Infinity,-Infinity,-Infinity,-Infinity,-Infinity,-Infinity,-Infinity,-Infinity,-Infinity,-Infinity,-Infinity,-Infinity,-Infinity,-Infinity,-Infinity,-Infinity,-Infinity,-Infinity,-Infinity,-Infinity,-Infinity,-Infinity,-Infinity,-Infinity,-Infinity,-Infinity,-Infinity,-Infinity,-Infinity,-Infinity,-Infinity,-Infinity,-Infinity,-Infinity,-Infinity,-Infinity,-Infinity,-Infinity,-Infinity,-Infinity,-Infinity,-Infinity,-Infinity,-Infinity,-Infinity,-Infinity,-Infinity,-Infinity,-Infinity,-Infinity,-Infinity,-Infinity,-Infinity,-Infinity,-Infinity,-Infinity,-Infinity,-Infinity,-Infinity,-Infinity,-Infinity,-Infinity,-Infinity,-Infinity,-Infinity,-Infinity,-Infinity,-Infinity,-Infinity,-Infinity,-Infinity,-Infinity,-Infinity
"S47",-Infinity,-Infinity,-Infinity,-Infinity,-Infinity,-Infinity,-Infinity,-Infinity,-Infinity,-Infinity,-Infinity,-Infinity,-Infinity,-Infinity,-Infinity,-Infinity,-Infinity,-Infinity,-Infinity,-Infinity,-Infinity,-Infinity,-Infinity,-Infinity,-Infinity,-Infinity,-Infinity,-Infinity,-Infinity,-Infinity,-Infinity,-Infinity,-Infinity,-Infinity,-Infinity,-Infinity,-Infinity,-Infinity,-Infinity,-Infinity,-Infinity,-Infinity,-Infinity,-Infinity,-Infinity,-Infinity,-Infinity,-Infinity,-Infinity,-Infinity,-Infinity,-Infinity,-Infinity,-Infinity,-Infinity,-Infinity,-Infinity,-Infinity,-Infinity,-Infinity,-Infinity,-Infinity,-Infinity,-Infinity,-Infinity,-Infinity,-Infinity,-Infinity,-Infinity,-Infinity,-Infinity,-Infinity,-Infinity,-Infinity,-Infinity,-Infinity,-Infinity,-Infinity,-Infinity,-Infinity,-Infinity,-Infinity,-Infinity,-Infinity,-Infinity,-Infinity,-Infinity,-Infinity,-Infinity,-Infinity,-Infinity,-Infinity,-Infinity,-Infinity,-Infinity,-Infinity,-Infinity,-Infinity,-Infinity,-Infinity,-Infinity,-Infinity,-Infinity,-Infinity,-Infinity,-Infinity,-Infinity,-Infinity,-Infinity,-Infinity,-Infinity,-Infinity,-Infinity,-Infinity,-Infinity,-Infinity,-Infinity,-Infinity,-Infinity,-Infinity,-Infinity,-Infinity,-Infinity,-Infinity,-Infinity,-Infinity,-Infinity,-Infinity,-Infinity,-Infinity,-Infinity,-Infinity,-Infinity,-Infinity,-Infinity,-Infinity,-Infinity,-Infinity,-Infinity,-Infinity,-Infinity
"S48",-Infinity,-Infinity,-Infinity,-Infinity,-Infinity,-Infinity,-Infinity,-Infinity,-Infinity,-Infinity,-Infinity,-Infinity,-Infinity,-Infinity,-Infinity,-Infinity,-Infinity,-Infinity,-Infinity,-Infinity,-Infinity,-Infinity,-Infinity,-Infinity,-Infinity,-Infinity,-Infinity,-Infinity,-Infinity,-Infinity,-Infinity,-Infinity,-Infinity,-Infinity,-Infinity,-Infinity,-Infinity,-Infinity,-Infinity,-Infinity,-Infinity,-Infinity,-Infinity,-Infinity,-Infinity,-Infinity,-Infinity,-Infinity,-Infinity,-Infinity,-Infinity,-Infinity,-Infinity,-Infinity,-Infinity,-Infinity,-Infinity,-Infinity,-Infinity,-Infinity,-Infinity,-Infinity,-Infinity,-Infinity,-Infinity,-Infinity,-Infinity,-Infinity,-Infinity,-Infinity,-Infinity,-Infinity,-Infinity,-Infinity,-Infinity,-Infinity,-Infinity,-Infinity,-Infinity,-Infinity,-Infinity,-Infinity,-Infinity,-Infinity,-Infinity,-Infinity,-Infinity,-Infinity,-Infinity,-Infinity,-Infinity,-Infinity,-Infinity,-Infinity,-Infinity,-Infinity,-Infinity,-Infinity,-Infinity,-Infinity,-Infinity,-Infinity,-Infinity,-Infinity,-Infinity,-Infinity,-Infinity,-Infinity,-Infinity,-Infinity,-Infinity,-Infinity,-Infinity,-Infinity,-Infinity,-Infinity,-Infinity,-Infinity,-Infinity,-Infinity,-Infinity,-Infinity,-Infinity,-Infinity,-Infinity,-Infinity,-Infinity,-Infinity,-Infinity,-Infinity,-Infinity,-Infinity,-Infinity,-Infinity,-Infinity,-Infinity,-Infinity,-Infinity,-Infinity,-Infinity,-Infinity
"S49",-Infinity,-Infinity,-Infinity,-Infinity,-Infinity,-Infinity,-Infinity,-Infinity,-Infinity,-Infinity,-Infinity,-Infinity,-Infinity,-Infinity,-Infinity,-Infinity,-Infinity,-Infinity,-Infinity,-Infinity,-Infinity,-Infinity,-Infinity,-Infinity,-Infinity,-Infinity,-Infinity,-Infinity,-Infinity,-Infinity,-Infinity,-Infinity,-Infinity,-Infinity,-Infinity,-Infinity,-Infinity,-Infinity,-Infinity,-Infinity,-Infinity,-Infinity,-Infinity,-Infinity,-Infinity,-Infinity,-Infinity,-Infinity,-Infinity,-Infinity,-Infinity,-Infinity,-Infinity,-Infinity,-Infinity,-Infinity,-Infinity,-Infinity,-Infinity,-Infinity,-Infinity,-Infinity,-Infinity,-Infinity,-Infinity,-Infinity,-Infinity,-Infinity,-Infinity,-Infinity,-Infinity,-Infinity,-Infinity,-Infinity,-Infinity,-Infinity,-Infinity,-Infinity,-Infinity,-Infinity,-Infinity,-Infinity,-Infinity,-Infinity,-Infinity,-Infinity,-Infinity,-Infinity,-Infinity,-Infinity,-Infinity,-Infinity,-Infinity,-Infinity,-Infinity,-Infinity,-Infinity,-Infinity,-Infinity,-Infinity,-Infinity,-Infinity,-Infinity,-Infinity,-Infinity,-Infinity,-Infinity,-Infinity,-Infinity,-Infinity,-Infinity,-Infinity,-Infinity,-Infinity,-Infinity,-Infinity,-Infinity,-Infinity,-Infinity,-Infinity,-Infinity,-Infinity,-Infinity,-Infinity,-Infinity,-Infinity,-Infinity,-Infinity,-Infinity,-Infinity,-Infinity,-Infinity,-Infinity,-Infinity,-Infinity,-Infinity,-Infinity,-Infinity,-Infinity,-Infinity,-Infinity
"S50",-Infinity,-Infinity,-Infinity,-Infinity,-Infinity,-Infinity,-Infinity,-Infinity,-Infinity,-Infinity,-Infinity,-Infinity,-Infinity,-Infinity,-Infinity,-Infinity,-Infinity,-Infinity,-Infinity,-Infinity,-Infinity,-Infinity,-Infinity,-Infinity,-Infinity,-Infinity,-Infinity,-Infinity,-Infinity,-Infinity,-Infinity,-Infinity,-Infinity,-Infinity,-Infinity,-Infinity,-Infinity,-Infinity,-Infinity,-Infinity,-Infinity,-Infinity,-Infinity,-Infinity,-Infinity,-Infinity,-Infinity,-Infinity,-Infinity,-Infinity,-Infinity,-Infinity,-Infinity,-Infinity,-Infinity,-Infinity,-Infinity,-Infinity,-Infinity,-Infinity,-Infinity,-Infinity,-Infinity,-Infinity,-Infinity,-Infinity,-Infinity,-Infinity,-Infinity,-Infinity,-Infinity,-Infinity,-Infinity,-Infinity,-Infinity,-Infinity,-Infinity,-Infinity,-Infinity,-Infinity,-Infinity,-Infinity,-Infinity,-Infinity,-Infinity,-Infinity,-Infinity,-Infinity,-Infinity,-Infinity,-Infinity,-Infinity,-Infinity,-Infinity,-Infinity,-Infinity,-Infinity,-Infinity,-Infinity,-Infinity,-Infinity,-Infinity,-Infinity,-Infinity,-Infinity,-Infinity,-Infinity,-Infinity,-Infinity,-Infinity,-Infinity,-Infinity,-Infinity,-Infinity,-Infinity,-Infinity,-Infinity,-Infinity,-Infinity,-Infinity,-Infinity,-Infinity,-Infinity,-Infinity,-Infinity,-Infinity,-Infinity,-Infinity,-Infinity,-Infinity,-Infinity,-Infinity,-Infinity,-Infinity,-Infinity,-Infinity,-Infinity,-Infinity,-Infinity,-Infinity,-Infinity
"S51",-Infinity,-Infinity,-Infinity,-Infinity,-Infinity,-Infinity,-Infinity,-Infinity,-Infinity,-Infinity,-Infinity,-Infinity,-Infinity,-Infinity,-Infinity,-Infinity,-Infinity,-Infinity,-Infinity,-Infinity,-Infinity,-Infinity,-Infinity,-Infinity,-Infinity,-Infinity,-Infinity,-Infinity,-Infinity,-Infinity,-Infinity,-Infinity,-Infinity,-Infinity,-Infinity,-Infinity,-Infinity,-Infinity,-Infinity,-Infinity,-Infinity,-Infinity,-Infinity,-Infinity,-Infinity,-Infinity,-Infinity,-Infinity,-Infinity,-Infinity,-Infinity,-Infinity,-Infinity,-Infinity,-Infinity,-Infinity,-Infinity,-Infinity,-Infinity,-Infinity,-Infinity,-Infinity,-Infinity,-Infinity,-Infinity,-Infinity,-Infinity,-Infinity,-Infinity,-Infinity,-Infinity,-Infinity,-Infinity,-Infinity,-Infinity,-Infinity,-Infinity,-Infinity,-Infinity,-Infinity,-Infinity,-Infinity,-Infinity,-Infinity,-Infinity,-Infinity,-Infinity,-Infinity,-Infinity,-Infinity,-Infinity,-Infinity,-Infinity,-Infinity,-Infinity,-Infinity,-Infinity,-Infinity,-Infinity,-Infinity,-Infinity,-Infinity,-Infinity,-Infinity,-Infinity,-Infinity,-Infinity,-Infinity,-Infinity,-Infinity,-Infinity,-Infinity,-Infinity,-Infinity,-Infinity,-Infinity,-Infinity,-Infinity,-Infinity,-Infinity,-Infinity,-Infinity,-Infinity,-Infinity,-Infinity,-Infinity,-Infinity,-Infinity,-Infinity,-Infinity,-Infinity,-Infinity,-Infinity,-Infinity,-Infinity,-Infinity,-Infinity,-Infinity,-Infinity,-Infinity,-Infinity
"S52",-Infinity,-Infinity,-Infinity,-Infinity,-Infinity,-Infinity,-Infinity,-Infinity,-Infinity,-Infinity,-Infinity,-Infinity,-Infinity,-Infinity,-Infinity,-Infinity,-Infinity,-Infinity,-Infinity,-Infinity,-Infinity,-Infinity,-Infinity,-Infinity,-Infinity,-Infinity,-Infinity,-Infinity,-Infinity,-Infinity,-Infinity,-Infinity,-Infinity,-Infinity,-Infinity,-Infinity,-Infinity,-Infinity,-Infinity,-Infinity,-Infinity,-Infinity,-Infinity,-Infinity,-Infinity,-Infinity,-Infinity,-Infinity,-Infinity,-Infinity,-Infinity,-Infinity,-Infinity,-Infinity,-Infinity,-Infinity,-Infinity,-Infinity,-Infinity,-Infinity,-Infinity,-Infinity,-Infinity,-Infinity,-Infinity,-Infinity,-Infinity,-Infinity,-Infinity,-Infinity,-Infinity,-Infinity,-Infinity,-Infinity,-Infinity,-Infinity,-Infinity,-Infinity,-Infinity,-Infinity,-Infinity,-Infinity,-Infinity,-Infinity,-Infinity,-Infinity,-Infinity,-Infinity,-Infinity,-Infinity,-Infinity,-Infinity,-Infinity,-Infinity,-Infinity,-Infinity,-Infinity,-Infinity,-Infinity,-Infinity,-Infinity,-Infinity,-Infinity,-Infinity,-Infinity,-Infinity,-Infinity,-Infinity,-Infinity,-Infinity,-Infinity,-Infinity,-Infinity,-Infinity,-Infinity,-Infinity,-Infinity,-Infinity,-Infinity,-Infinity,-Infinity,-Infinity,-Infinity,-Infinity,-Infinity,-Infinity,-Infinity,-Infinity,-Infinity,-Infinity,-Infinity,-Infinity,-Infinity,-Infinity,-Infinity,-Infinity,-Infinity,-Infinity,-Infinity,-Infinity,-Infinity
"S53",-Infinity,-Infinity,-Infinity,-Infinity,-Infinity,-Infinity,-Infinity,-Infinity,-Infinity,-Infinity,-Infinity,-Infinity,-Infinity,-Infinity,-Infinity,-Infinity,-Infinity,-Infinity,-Infinity,-Infinity,-Infinity,-Infinity,-Infinity,-Infinity,-Infinity,-Infinity,-Infinity,-Infinity,-Infinity,-Infinity,-Infinity,-Infinity,-Infinity,-Infinity,-Infinity,-Infinity,-Infinity,-Infinity,-Infinity,-Infinity,-Infinity,-Infinity,-Infinity,-Infinity,-Infinity,-Infinity,-Infinity,-Infinity,-Infinity,-Infinity,-Infinity,-Infinity,-Infinity,-Infinity,-Infinity,-Infinity,-Infinity,-Infinity,-Infinity,-Infinity,-Infinity,-Infinity,-Infinity,-Infinity,-Infinity,-Infinity,-Infinity,-Infinity,-Infinity,-Infinity,-Infinity,-Infinity,-Infinity,-Infinity,-Infinity,-Infinity,-Infinity,-Infinity,-Infinity,-Infinity,-Infinity,-Infinity,-Infinity,-Infinity,-Infinity,-Infinity,-Infinity,-Infinity,-Infinity,-Infinity,-Infinity,-Infinity,-Infinity,-Infinity,-Infinity,-Infinity,-Infinity,-Infinity,-Infinity,-Infinity,-Infinity,-Infinity,-Infinity,-Infinity,-Infinity,-Infinity,-Infinity,-Infinity,-Infinity,-Infinity,-Infinity,-Infinity,-Infinity,-Infinity,-Infinity,-Infinity,-Infinity,-Infinity,-Infinity,-Infinity,-Infinity,-Infinity,-Infinity,-Infinity,-Infinity,-Infinity,-Infinity,-Infinity,-Infinity,-Infinity,-Infinity,-Infinity,-Infinity,-Infinity,-Infinity,-Infinity,-Infinity,-Infinity,-Infinity,-Infinity,-Infinity
"S54",-Infinity,-Infinity,-Infinity,-Infinity,-Infinity,-Infinity,-Infinity,-Infinity,-Infinity,-Infinity,-Infinity,-Infinity,-Infinity,-Infinity,-Infinity,-Infinity,-Infinity,-Infinity,-Infinity,-Infinity,-Infinity,-Infinity,-Infinity,-Infinity,-Infinity,-Infinity,-Infinity,-Infinity,-Infinity,-Infinity,-Infinity,-Infinity,-Infinity,-Infinity,-Infinity,-Infinity,-Infinity,-Infinity,-Infinity,-Infinity,-Infinity,-Infinity,-Infinity,-Infinity,-Infinity,-Infinity,-Infinity,-Infinity,-Infinity,-Infinity,-Infinity,-Infinity,-Infinity,-Infinity,-Infinity,-Infinity,-Infinity,-Infinity,-Infinity,-Infinity,-Infinity,-Infinity,-Infinity,-Infinity,-Infinity,-Infinity,-Infinity,-Infinity,-Infinity,-Infinity,-Infinity,-Infinity,-Infinity,-Infinity,-Infinity,-Infinity,-Infinity,-Infinity,-Infinity,-Infinity,-Infinity,-Infinity,-Infinity,-Infinity,-Infinity,-Infinity,-Infinity,-Infinity,-Infinity,-Infinity,-Infinity,-Infinity,-Infinity,-Infinity,-Infinity,-Infinity,-Infinity,-Infinity,-Infinity,-Infinity,-Infinity,-Infinity,-Infinity,-Infinity,-Infinity,-Infinity,-Infinity,-Infinity,-Infinity,-Infinity,-Infinity,-Infinity,-Infinity,-Infinity,-Infinity,-Infinity,-Infinity,-Infinity,-Infinity,-Infinity,-Infinity,-Infinity,-Infinity,-Infinity,-Infinity,-Infinity,-Infinity,-Infinity,-Infinity,-Infinity,-Infinity,-Infinity,-Infinity,-Infinity,-Infinity,-Infinity,-Infinity,-Infinity,-Infinity,-Infinity,-Infinity
"S55",-Infinity,-Infinity,-Infinity,-Infinity,-Infinity,-Infinity,-Infinity,-Infinity,-Infinity,-Infinity,-Infinity,-Infinity,-Infinity,-Infinity,-Infinity,-Infinity,-Infinity,-Infinity,-Infinity,-Infinity,-Infinity,-Infinity,-Infinity,-Infinity,-Infinity,-Infinity,-Infinity,-Infinity,-Infinity,-Infinity,-Infinity,-Infinity,-Infinity,-Infinity,-Infinity,-Infinity,-Infinity,-Infinity,-Infinity,-Infinity,-Infinity,-Infinity,-Infinity,-Infinity,-Infinity,-Infinity,-Infinity,-Infinity,-Infinity,-Infinity,-Infinity,-Infinity,-Infinity,-Infinity,-Infinity,-Infinity,-Infinity,-Infinity,-Infinity,-Infinity,-Infinity,-Infinity,-Infinity,-Infinity,-Infinity,-Infinity,-Infinity,-Infinity,-Infinity,-Infinity,-Infinity,-Infinity,-Infinity,-Infinity,-Infinity,-Infinity,-Infinity,-Infinity,-Infinity,-Infinity,-Infinity,-Infinity,-Infinity,-Infinity,-Infinity,-Infinity,-Infinity,-Infinity,-Infinity,-Infinity,-Infinity,-Infinity,-Infinity,-Infinity,-Infinity,-Infinity,-Infinity,-Infinity,-Infinity,-Infinity,-Infinity,-Infinity,-Infinity,-Infinity,-Infinity,-Infinity,-Infinity,-Infinity,-Infinity,-Infinity,-Infinity,-Infinity,-Infinity,-Infinity,-Infinity,-Infinity,-Infinity,-Infinity,-Infinity,-Infinity,-Infinity,-Infinity,-Infinity,-Infinity,-Infinity,-Infinity,-Infinity,-Infinity,-Infinity,-Infinity,-Infinity,-Infinity,-Infinity,-Infinity,-Infinity,-Infinity,-Infinity,-Infinity,-Infinity,-Infinity,-Infinity
"S56",-Infinity,-Infinity,-Infinity,-Infinity,-Infinity,-Infinity,-Infinity,-Infinity,-Infinity,-Infinity,-Infinity,-Infinity,-Infinity,-Infinity,-Infinity,-Infinity,-Infinity,-Infinity,-Infinity,-Infinity,-Infinity,-Infinity,-Infinity,-Infinity,-Infinity,-Infinity,-Infinity,-Infinity,-Infinity,-Infinity,-Infinity,-Infinity,-Infinity,-Infinity,-Infinity,-Infinity,-Infinity,-Infinity,-Infinity,-Infinity,-Infinity,-Infinity,-Infinity,-Infinity,-Infinity,-Infinity,-Infinity,-Infinity,-Infinity,-Infinity,-Infinity,-Infinity,-Infinity,-Infinity,-Infinity,-Infinity,-Infinity,-Infinity,-Infinity,-Infinity,-Infinity,-Infinity,-Infinity,-Infinity,-Infinity,-Infinity,-Infinity,-Infinity,-Infinity,-Infinity,-Infinity,-Infinity,-Infinity,-Infinity,-Infinity,-Infinity,-Infinity,-Infinity,-Infinity,-Infinity,-Infinity,-Infinity,-Infinity,-Infinity,-Infinity,-Infinity,-Infinity,-Infinity,-Infinity,-Infinity,-Infinity,-Infinity,-Infinity,-Infinity,-Infinity,-Infinity,-Infinity,-Infinity,-Infinity,-Infinity,-Infinity,-Infinity,-Infinity,-Infinity,-Infinity,-Infinity,-Infinity,-Infinity,-Infinity,-Infinity,-Infinity,-Infinity,-Infinity,-Infinity,-Infinity,-Infinity,-Infinity,-Infinity,-Infinity,-Infinity,-Infinity,-Infinity,-Infinity,-Infinity,-Infinity,-Infinity,-Infinity,-Infinity,-Infinity,-Infinity,-Infinity,-Infinity,-Infinity,-Infinity,-Infinity,-Infinity,-Infinity,-Infinity,-Infinity,-Infinity,-Infinity
"S57",-Infinity,-Infinity,-Infinity,-Infinity,-Infinity,-Infinity,-Infinity,-Infinity,-Infinity,-Infinity,-Infinity,-Infinity,-Infinity,-Infinity,-Infinity,-Infinity,-Infinity,-Infinity,-Infinity,-Infinity,-Infinity,-Infinity,-Infinity,-Infinity,-Infinity,-Infinity,-Infinity,-Infinity,-Infinity,-Infinity,-Infinity,-Infinity,-Infinity,-Infinity,-Infinity,-Infinity,-Infinity,-Infinity,-Infinity,-Infinity,-Infinity,-Infinity,-Infinity,-Infinity,-Infinity,-Infinity,-Infinity,-Infinity,-Infinity,-Infinity,-Infinity,-Infinity,-Infinity,-Infinity,-Infinity,-Infinity,-Infinity,-Infinity,-Infinity,-Infinity,-Infinity,-Infinity,-Infinity,-Infinity,-Infinity,-Infinity,-Infinity,-Infinity,-Infinity,-Infinity,-Infinity,-Infinity,-Infinity,-Infinity,-Infinity,-Infinity,-Infinity,-Infinity,-Infinity,-Infinity,-Infinity,-Infinity,-Infinity,-Infinity,-Infinity,-Infinity,-Infinity,-Infinity,-Infinity,-Infinity,-Infinity,-Infinity,-Infinity,-Infinity,-Infinity,-Infinity,-Infinity,-Infinity,-Infinity,-Infinity,-Infinity,-Infinity,-Infinity,-Infinity,-Infinity,-Infinity,-Infinity,-Infinity,-Infinity,-Infinity,-Infinity,-Infinity,-Infinity,-Infinity,-Infinity,-Infinity,-Infinity,-Infinity,-Infinity,-Infinity,-Infinity,-Infinity,-Infinity,-Infinity,-Infinity,-Infinity,-Infinity,-Infinity,-Infinity,-Infinity,-Infinity,-Infinity,-Infinity,-Infinity,-Infinity,-Infinity,-Infinity,-Infinity,-Infinity,-Infinity,-Infinity
"S58",-Infinity,-Infinity,-Infinity,-Infinity,-Infinity,-Infinity,-Infinity,-Infinity,-Infinity,-Infinity,-Infinity,-Infinity,-Infinity,-Infinity,-Infinity,-Infinity,-Infinity,-Infinity,-Infinity,-Infinity,-Infinity,-Infinity,-Infinity,-Infinity,-Infinity,-Infinity,-Infinity,-Infinity,-Infinity,-Infinity,-Infinity,-Infinity,-Infinity,-Infinity,-Infinity,-Infinity,-Infinity,-Infinity,-Infinity,-Infinity,-Infinity,-Infinity,-Infinity,-Infinity,-Infinity,-Infinity,-Infinity,-Infinity,-Infinity,-Infinity,-Infinity,-Infinity,-Infinity,-Infinity,-Infinity,-Infinity,-Infinity,-Infinity,-Infinity,-Infinity,-Infinity,-Infinity,-Infinity,-Infinity,-Infinity,-Infinity,-Infinity,-Infinity,-Infinity,-Infinity,-Infinity,-Infinity,-Infinity,-Infinity,-Infinity,-Infinity,-Infinity,-Infinity,-Infinity,-Infinity,-Infinity,-Infinity,-Infinity,-Infinity,-Infinity,-Infinity,-Infinity,-Infinity,-Infinity,-Infinity,-Infinity,-Infinity,-Infinity,-Infinity,-Infinity,-Infinity,-Infinity,-Infinity,-Infinity,-Infinity,-Infinity,-Infinity,-Infinity,-Infinity,-Infinity,-Infinity,-Infinity,-Infinity,-Infinity,-Infinity,-Infinity,-Infinity,-Infinity,-Infinity,-Infinity,-Infinity,-Infinity,-Infinity,-Infinity,-Infinity,-Infinity,-Infinity,-Infinity,-Infinity,-Infinity,-Infinity,-Infinity,-Infinity,-Infinity,-Infinity,-Infinity,-Infinity,-Infinity,-Infinity,-Infinity,-Infinity,-Infinity,-Infinity,-Infinity,-Infinity,-Infinity
"S59",-Infinity,-Infinity,-Infinity,-Infinity,-Infinity,-Infinity,-Infinity,-Infinity,-Infinity,-Infinity,-Infinity,-Infinity,-Infinity,-Infinity,-Infinity,-Infinity,-Infinity,-Infinity,-Infinity,-Infinity,-Infinity,-Infinity,-Infinity,-Infinity,-Infinity,-Infinity,-Infinity,-Infinity,-Infinity,-Infinity,-Infinity,-Infinity,-Infinity,-Infinity,-Infinity,-Infinity,-Infinity,-Infinity,-Infinity,-Infinity,-Infinity,-Infinity,-Infinity,-Infinity,-Infinity,-Infinity,-Infinity,-Infinity,-Infinity,-Infinity,-Infinity,-Infinity,-Infinity,-Infinity,-Infinity,-Infinity,-Infinity,-Infinity,-Infinity,-Infinity,-Infinity,-Infinity,-Infinity,-Infinity,-Infinity,-Infinity,-Infinity,-Infinity,-Infinity,-Infinity,-Infinity,-Infinity,-Infinity,-Infinity,-Infinity,-Infinity,-Infinity,-Infinity,-Infinity,-Infinity,-Infinity,-Infinity,-Infinity,-Infinity,-Infinity,-Infinity,-Infinity,-Infinity,-Infinity,-Infinity,-Infinity,-Infinity,-Infinity,-Infinity,-Infinity,-Infinity,-Infinity,-Infinity,-Infinity,-Infinity,-Infinity,-Infinity,-Infinity,-Infinity,-Infinity,-Infinity,-Infinity,-Infinity,-Infinity,-Infinity,-Infinity,-Infinity,-Infinity,-Infinity,-Infinity,-Infinity,-Infinity,-Infinity,-Infinity,-Infinity,-Infinity,-Infinity,-Infinity,-Infinity,-Infinity,-Infinity,-Infinity,-Infinity,-Infinity,-Infinity,-Infinity,-Infinity,-Infinity,-Infinity,-Infinity,-Infinity,-Infinity,-Infinity,-Infinity,-Infinity,-Infinity
"S60",-Infinity,-Infinity,-Infinity,-Infinity,-Infinity,-Infinity,-Infinity,-Infinity,-Infinity,-Infinity,-Infinity,-Infinity,-Infinity,-Infinity,-Infinity,-Infinity,-Infinity,-Infinity,-Infinity,-Infinity,-Infinity,-Infinity,-Infinity,-Infinity,-Infinity,-Infinity,-Infinity,-Infinity,-Infinity,-Infinity,-Infinity,-Infinity,-Infinity,-Infinity,-Infinity,-Infinity,-Infinity,-Infinity,-Infinity,-Infinity,-Infinity,-Infinity,-Infinity,-Infinity,-Infinity,-Infinity,-Infinity,-Infinity,-Infinity,-Infinity,-Infinity,-Infinity,-Infinity,-Infinity,-Infinity,-Infinity,-Infinity,-Infinity,-Infinity,-Infinity,-Infinity,-Infinity,-Infinity,-Infinity,-Infinity,-Infinity,-Infinity,-Infinity,-Infinity,-Infinity,-Infinity,-Infinity,-Infinity,-Infinity,-Infinity,-Infinity,-Infinity,-Infinity,-Infinity,-Infinity,-Infinity,-Infinity,-Infinity,-Infinity,-Infinity,-Infinity,-Infinity,-Infinity,-Infinity,-Infinity,-Infinity,-Infinity,-Infinity,-Infinity,-Infinity,-Infinity,-Infinity,-Infinity,-Infinity,-Infinity,-Infinity,-Infinity,-Infinity,-Infinity,-Infinity,-Infinity,-Infinity,-Infinity,-Infinity,-Infinity,-Infinity,-Infinity,-Infinity,-Infinity,-Infinity,-Infinity,-Infinity,-Infinity,-Infinity,-Infinity,-Infinity,-Infinity,-Infinity,-Infinity,-Infinity,-Infinity,-Infinity,-Infinity,-Infinity,-Infinity,-Infinity,-Infinity,-Infinity,-Infinity,-Infinity,-Infinity,-Infinity,-Infinity,-Infinity,-Infinity,-Infinity
"S61",-Infinity,-Infinity,-Infinity,-Infinity,-Infinity,-Infinity,-Infinity,-Infinity,-Infinity,-Infinity,-Infinity,-Infinity,-Infinity,-Infinity,-Infinity,-Infinity,-Infinity,-Infinity,-Infinity,-Infinity,-Infinity,-Infinity,-Infinity,-Infinity,-Infinity,-Infinity,-Infinity,-Infinity,-Infinity,-Infinity,-Infinity,-Infinity,-Infinity,-Infinity,-Infinity,-Infinity,-Infinity,-Infinity,-Infinity,-Infinity,-Infinity,-Infinity,-Infinity,-Infinity,-Infinity,-Infinity,-Infinity,-Infinity,-Infinity,-Infinity,-Infinity,-Infinity,-Infinity,-Infinity,-Infinity,-Infinity,-Infinity,-Infinity,-Infinity,-Infinity,-Infinity,-Infinity,-Infinity,-Infinity,-Infinity,-Infinity,-Infinity,-Infinity,-Infinity,-Infinity,-Infinity,-Infinity,-Infinity,-Infinity,-Infinity,-Infinity,-Infinity,-Infinity,-Infinity,-Infinity,-Infinity,-Infinity,-Infinity,-Infinity,-Infinity,-Infinity,-Infinity,-Infinity,-Infinity,-Infinity,-Infinity,-Infinity,-Infinity,-Infinity,-Infinity,-Infinity,-Infinity,-Infinity,-Infinity,-Infinity,-Infinity,-Infinity,-Infinity,-Infinity,-Infinity,-Infinity,-Infinity,-Infinity,-Infinity,-Infinity,-Infinity,-Infinity,-Infinity,-Infinity,-Infinity,-Infinity,-Infinity,-Infinity,-Infinity,-Infinity,-Infinity,-Infinity,-Infinity,-Infinity,-Infinity,-Infinity,-Infinity,-Infinity,-Infinity,-Infinity,-Infinity,-Infinity,-Infinity,-Infinity,-Infinity,-Infinity,-Infinity,-Infinity,-Infinity,-Infinity,-Infinity
"S62",-Infinity,-Infinity,-Infinity,-Infinity,-Infinity,-Infinity,-Infinity,-Infinity,-Infinity,-Infinity,-Infinity,-Infinity,-Infinity,-Infinity,-Infinity,-Infinity,-Infinity,-Infinity,-Infinity,-Infinity,-Infinity,-Infinity,-Infinity,-Infinity,-Infinity,-Infinity,-Infinity,-Infinity,-Infinity,-Infinity,-Infinity,-Infinity,-Infinity,-Infinity,-Infinity,-Infinity,-Infinity,-Infinity,-Infinity,-Infinity,-Infinity,-Infinity,-Infinity,-Infinity,-Infinity,-Infinity,-Infinity,-Infinity,-Infinity,-Infinity,-Infinity,-Infinity,-Infinity,-Infinity,-Infinity,-Infinity,-Infinity,-Infinity,-Infinity,-Infinity,-Infinity,-Infinity,-Infinity,-Infinity,-Infinity,-Infinity,-Infinity,-Infinity,-Infinity,-Infinity,-Infinity,-Infinity,-Infinity,-Infinity,-Infinity,-Infinity,-Infinity,-Infinity,-Infinity,-Infinity,-Infinity,-Infinity,-Infinity,-Infinity,-Infinity,-Infinity,-Infinity,-Infinity,-Infinity,-Infinity,-Infinity,-Infinity,-Infinity,-Infinity,-Infinity,-Infinity,-Infinity,-Infinity,-Infinity,-Infinity,-Infinity,-Infinity,-Infinity,-Infinity,-Infinity,-Infinity,-Infinity,-Infinity,-Infinity,-Infinity,-Infinity,-Infinity,-Infinity,-Infinity,-Infinity,-Infinity,-Infinity,-Infinity,-Infinity,-Infinity,-Infinity,-Infinity,-Infinity,-Infinity,-Infinity,-Infinity,-Infinity,-Infinity,-Infinity,-Infinity,-Infinity,-Infinity,-Infinity,-Infinity,-Infinity,-Infinity,-Infinity,-Infinity,-Infinity,-Infinity,-Infinity
"S63",-Infinity,-Infinity,-Infinity,-Infinity,-Infinity,-Infinity,-Infinity,-Infinity,-Infinity,-Infinity,-Infinity,-Infinity,-Infinity,-Infinity,-Infinity,-Infinity,-Infinity,-Infinity,-Infinity,-Infinity,-Infinity,-Infinity,-Infinity,-Infinity,-Infinity,-Infinity,-Infinity,-Infinity,-Infinity,-Infinity,-Infinity,-Infinity,-Infinity,-Infinity,-Infinity,-Infinity,-Infinity,-Infinity,-Infinity,-Infinity,-Infinity,-Infinity,-Infinity,-Infinity,-Infinity,-Infinity,-Infinity,-Infinity,-Infinity,-Infinity,-Infinity,-Infinity,-Infinity,-Infinity,-Infinity,-Infinity,-Infinity,-Infinity,-Infinity,-Infinity,-Infinity,-Infinity,-Infinity,-Infinity,-Infinity,-Infinity,-Infinity,-Infinity,-Infinity,-Infinity,-Infinity,-Infinity,-Infinity,-Infinity,-Infinity,-Infinity,-Infinity,-Infinity,-Infinity,-Infinity,-Infinity,-Infinity,-Infinity,-Infinity,-Infinity,-Infinity,-Infinity,-Infinity,-Infinity,-Infinity,-Infinity,-Infinity,-Infinity,-Infinity,-Infinity,-Infinity,-Infinity,-Infinity,-Infinity,-Infinity,-Infinity,-Infinity,-Infinity,-Infinity,-Infinity,-Infinity,-Infinity,-Infinity,-Infinity,-Infinity,-Infinity,-Infinity,-Infinity,-Infinity,-Infinity,-Infinity,-Infinity,-Infinity,-Infinity,-Infinity,-Infinity,-Infinity,-Infinity,-Infinity,-Infinity,-Infinity,-Infinity,-Infinity,-Infinity,-Infinity,-Infinity,-Infinity,-Infinity,-Infinity,-Infinity,-Infinity,-Infinity,-Infinity,-Infinity,-Infinity,-Infinity
"S64",-Infinity,-Infinity,-Infinity,-Infinity,-Infinity,-Infinity,-Infinity,-Infinity,-Infinity,-Infinity,-Infinity,-Infinity,-Infinity,-Infinity,-Infinity,-Infinity,-Infinity,-Infinity,-Infinity,-Infinity,-Infinity,-Infinity,-Infinity,-Infinity,-Infinity,-Infinity,-Infinity,-Infinity,-Infinity,-Infinity,-Infinity,-Infinity,-Infinity,-Infinity,-Infinity,-Infinity,-Infinity,-Infinity,-Infinity,-Infinity,-Infinity,-Infinity,-Infinity,-Infinity,-Infinity,-Infinity,-Infinity,-Infinity,-Infinity,-Infinity,-Infinity,-Infinity,-Infinity,-Infinity,-Infinity,-Infinity,-Infinity,-Infinity,-Infinity,-Infinity,-Infinity,-Infinity,-Infinity,-Infinity,-Infinity,-Infinity,-Infinity,-Infinity,-Infinity,-Infinity,-Infinity,-Infinity,-Infinity,-Infinity,-Infinity,-Infinity,-Infinity,-Infinity,-Infinity,-Infinity,-Infinity,-Infinity,-Infinity,-Infinity,-Infinity,-Infinity,-Infinity,-Infinity,-Infinity,-Infinity,-Infinity,-Infinity,-Infinity,-Infinity,-Infinity,-Infinity,-Infinity,-Infinity,-Infinity,-Infinity,-Infinity,-Infinity,-Infinity,-Infinity,-Infinity,-Infinity,-Infinity,-Infinity,-Infinity,-Infinity,-Infinity,-Infinity,-Infinity,-Infinity,-Infinity,-Infinity,-Infinity,-Infinity,-Infinity,-Infinity,-Infinity,-Infinity,-Infinity,-Infinity,-Infinity,-Infinity,-Infinity,-Infinity,-Infinity,-Infinity,-Infinity,-Infinity,-Infinity,-Infinity,-Infinity,-Infinity,-Infinity,-Infinity,-Infinity,-Infinity,-Infinity
"S65",-Infinity,-Infinity,-Infinity,-Infinity,-Infinity,-Infinity,-Infinity,-Infinity,-Infinity,-Infinity,-Infinity,-Infinity,-Infinity,-Infinity,-Infinity,-Infinity,-Infinity,-Infinity,-Infinity,-Infinity,-Infinity,-Infinity,-Infinity,-Infinity,-Infinity,-Infinity,-Infinity,-Infinity,-Infinity,-Infinity,-Infinity,-Infinity,-Infinity,-Infinity,-Infinity,-Infinity,-Infinity,-Infinity,-Infinity,-Infinity,-Infinity,-Infinity,-Infinity,-Infinity,-Infinity,-Infinity,-Infinity,-Infinity,-Infinity,-Infinity,-Infinity,-Infinity,-Infinity,-Infinity,-Infinity,-Infinity,-Infinity,-Infinity,-Infinity,-Infinity,-Infinity,-Infinity,-Infinity,-Infinity,-Infinity,-Infinity,-Infinity,-Infinity,-Infinity,-Infinity,-Infinity,-Infinity,-Infinity,-Infinity,-Infinity,-Infinity,-Infinity,-Infinity,-Infinity,-Infinity,-Infinity,-Infinity,-Infinity,-Infinity,-Infinity,-Infinity,-Infinity,-Infinity,-Infinity,-Infinity,-Infinity,-Infinity,-Infinity,-Infinity,-Infinity,-Infinity,-Infinity,-Infinity,-Infinity,-Infinity,-Infinity,-Infinity,-Infinity,-Infinity,-Infinity,-Infinity,-Infinity,-Infinity,-Infinity,-Infinity,-Infinity,-Infinity,-Infinity,-Infinity,-Infinity,-Infinity,-Infinity,-Infinity,-Infinity,-Infinity,-Infinity,-Infinity,-Infinity,-Infinity,-Infinity,-Infinity,-Infinity,-Infinity,-Infinity,-Infinity,-Infinity,-Infinity,-Infinity,-Infinity,-Infinity,-Infinity,-Infinity,-Infinity,-Infinity,-Infinity,-Infinity
"S66",-Infinity,-Infinity,-Infinity,-Infinity,-Infinity,-Infinity,-Infinity,-Infinity,-Infinity,-Infinity,-Infinity,-Infinity,-Infinity,-Infinity,-Infinity,-Infinity,-Infinity,-Infinity,-Infinity,-Infinity,-Infinity,-Infinity,-Infinity,-Infinity,-Infinity,-Infinity,-Infinity,-Infinity,-Infinity,-Infinity,-Infinity,-Infinity,-Infinity,-Infinity,-Infinity,-Infinity,-Infinity,-Infinity,-Infinity,-Infinity,-Infinity,-Infinity,-Infinity,-Infinity,-Infinity,-Infinity,-Infinity,-Infinity,-Infinity,-Infinity,-Infinity,-Infinity,-Infinity,-Infinity,-Infinity,-Infinity,-Infinity,-Infinity,-Infinity,-Infinity,-Infinity,-Infinity,-Infinity,-Infinity,-Infinity,-Infinity,-Infinity,-Infinity,-Infinity,-Infinity,-Infinity,-Infinity,-Infinity,-Infinity,-Infinity,-Infinity,-Infinity,-Infinity,-Infinity,-Infinity,-Infinity,-Infinity,-Infinity,-Infinity,-Infinity,-Infinity,-Infinity,-Infinity,-Infinity,-Infinity,-Infinity,-Infinity,-Infinity,-Infinity,-Infinity,-Infinity,-Infinity,-Infinity,-Infinity,-Infinity,-Infinity,-Infinity,-Infinity,-Infinity,-Infinity,-Infinity,-Infinity,-Infinity,-Infinity,-Infinity,-Infinity,-Infinity,-Infinity,-Infinity,-Infinity,-Infinity,-Infinity,-Infinity,-Infinity,-Infinity,-Infinity,-Infinity,-Infinity,-Infinity,-Infinity,-Infinity,-Infinity,-Infinity,-Infinity,-Infinity,-Infinity,-Infinity,-Infinity,-Infinity,-Infinity,-Infinity,-Infinity,-Infinity,-Infinity,-Infinity,-Infinity
"S67",-Infinity,-Infinity,-Infinity,-Infinity,-Infinity,-Infinity,-Infinity,-Infinity,-Infinity,-Infinity,-Infinity,-Infinity,-Infinity,-Infinity,-Infinity,-Infinity,-Infinity,-Infinity,-Infinity,-Infinity,-Infinity,-Infinity,-Infinity,-Infinity,-Infinity,-Infinity,-Infinity,-Infinity,-Infinity,-Infinity,-Infinity,-Infinity,-Infinity,-Infinity,-Infinity,-Infinity,-Infinity,-Infinity,-Infinity,-Infinity,-Infinity,-Infinity,-Infinity,-Infinity,-Infinity,-Infinity,-Infinity,-Infinity,-Infinity,-Infinity,-Infinity,-Infinity,-Infinity,-Infinity,-Infinity,-Infinity,-Infinity,-Infinity,-Infinity,-Infinity,-Infinity,-Infinity,-Infinity,-Infinity,-Infinity,-Infinity,-Infinity,-Infinity,-Infinity,-Infinity,-Infinity,-Infinity,-Infinity,-Infinity,-Infinity,-Infinity,-Infinity,-Infinity,-Infinity,-Infinity,-Infinity,-Infinity,-Infinity,-Infinity,-Infinity,-Infinity,-Infinity,-Infinity,-Infinity,-Infinity,-Infinity,-Infinity,-Infinity,-Infinity,-Infinity,-Infinity,-Infinity,-Infinity,-Infinity,-Infinity,-Infinity,-Infinity,-Infinity,-Infinity,-Infinity,-Infinity,-Infinity,-Infinity,-Infinity,-Infinity,-Infinity,-Infinity,-Infinity,-Infinity,-Infinity,-Infinity,-Infinity,-Infinity,-Infinity,-Infinity,-Infinity,-Infinity,-Infinity,-Infinity,-Infinity,-Infinity,-Infinity,-Infinity,-Infinity,-Infinity,-Infinity,-Infinity,-Infinity,-Infinity,-Infinity,-Infinity,-Infinity,-Infinity,-Infinity,-Infinity,-Infinity
"S68",-Infinity,-Infinity,-Infinity,-Infinity,-Infinity,-Infinity,-Infinity,-Infinity,-Infinity,-Infinity,-Infinity,-Infinity,-Infinity,-Infinity,-Infinity,-Infinity,-Infinity,-Infinity,-Infinity,-Infinity,-Infinity,-Infinity,-Infinity,-Infinity,-Infinity,-Infinity,-Infinity,-Infinity,-Infinity,-Infinity,-Infinity,-Infinity,-Infinity,-Infinity,-Infinity,-Infinity,-Infinity,-Infinity,-Infinity,-Infinity,-Infinity,-Infinity,-Infinity,-Infinity,-Infinity,-Infinity,-Infinity,-Infinity,-Infinity,-Infinity,-Infinity,-Infinity,-Infinity,-Infinity,-Infinity,-Infinity,-Infinity,-Infinity,-Infinity,-Infinity,-Infinity,-Infinity,-Infinity,-Infinity,-Infinity,-Infinity,-Infinity,-Infinity,-Infinity,-Infinity,-Infinity,-Infinity,-Infinity,-Infinity,-Infinity,-Infinity,-Infinity,-Infinity,-Infinity,-Infinity,-Infinity,-Infinity,-Infinity,-Infinity,-Infinity,-Infinity,-Infinity,-Infinity,-Infinity,-Infinity,-Infinity,-Infinity,-Infinity,-Infinity,-Infinity,-Infinity,-Infinity,-Infinity,-Infinity,-Infinity,-Infinity,-Infinity,-Infinity,-Infinity,-Infinity,-Infinity,-Infinity,-Infinity,-Infinity,-Infinity,-Infinity,-Infinity,-Infinity,-Infinity,-Infinity,-Infinity,-Infinity,-Infinity,-Infinity,-Infinity,-Infinity,-Infinity,-Infinity,-Infinity,-Infinity,-Infinity,-Infinity,-Infinity,-Infinity,-Infinity,-Infinity,-Infinity,-Infinity,-Infinity,-Infinity,-Infinity,-Infinity,-Infinity,-Infinity,-Infinity,-Infinity
"S69",-Infinity,-Infinity,-Infinity,-Infinity,-Infinity,-Infinity,-Infinity,-Infinity,-Infinity,-Infinity,-Infinity,-Infinity,-Infinity,-Infinity,-Infinity,-Infinity,-Infinity,-Infinity,-Infinity,-Infinity,-Infinity,-Infinity,-Infinity,-Infinity,-Infinity,-Infinity,-Infinity,-Infinity,-Infinity,-Infinity,-Infinity,-Infinity,-Infinity,-Infinity,-Infinity,-Infinity,-Infinity,-Infinity,-Infinity,-Infinity,-Infinity,-Infinity,-Infinity,-Infinity,-Infinity,-Infinity,-Infinity,-Infinity,-Infinity,-Infinity,-Infinity,-Infinity,-Infinity,-Infinity,-Infinity,-Infinity,-Infinity,-Infinity,-Infinity,-Infinity,-Infinity,-Infinity,-Infinity,-Infinity,-Infinity,-Infinity,-Infinity,-Infinity,-Infinity,-Infinity,-Infinity,-Infinity,-Infinity,-Infinity,-Infinity,-Infinity,-Infinity,-Infinity,-Infinity,-Infinity,-Infinity,-Infinity,-Infinity,-Infinity,-Infinity,-Infinity,-Infinity,-Infinity,-Infinity,-Infinity,-Infinity,-Infinity,-Infinity,-Infinity,-Infinity,-Infinity,-Infinity,-Infinity,-Infinity,-Infinity,-Infinity,-Infinity,-Infinity,-Infinity,-Infinity,-Infinity,-Infinity,-Infinity,-Infinity,-Infinity,-Infinity,-Infinity,-Infinity,-Infinity,-Infinity,-Infinity,-Infinity,-Infinity,-Infinity,-Infinity,-Infinity,-Infinity,-Infinity,-Infinity,-Infinity,-Infinity,-Infinity,-Infinity,-Infinity,-Infinity,-Infinity,-Infinity,-Infinity,-Infinity,-Infinity,-Infinity,-Infinity,-Infinity,-Infinity,-Infinity,-Infinity
"S70",-Infinity,-Infinity,-Infinity,-Infinity,-Infinity,-Infinity,-Infinity,-Infinity,-Infinity,-Infinity,-Infinity,-Infinity,-Infinity,-Infinity,-Infinity,-Infinity,-Infinity,-Infinity,-Infinity,-Infinity,-Infinity,-Infinity,-Infinity,-Infinity,-Infinity,-Infinity,-Infinity,-Infinity,-Infinity,-Infinity,-Infinity,-Infinity,-Infinity,-Infinity,-Infinity,-Infinity,-Infinity,-Infinity,-Infinity,-Infinity,-Infinity,-Infinity,-Infinity,-Infinity,-Infinity,-Infinity,-Infinity,-Infinity,-Infinity,-Infinity,-Infinity,-Infinity,-Infinity,-Infinity,-Infinity,-Infinity,-Infinity,-Infinity,-Infinity,-Infinity,-Infinity,-Infinity,-Infinity,-Infinity,-Infinity,-Infinity,-Infinity,-Infinity,-Infinity,-Infinity,-Infinity,-Infinity,-Infinity,-Infinity,-Infinity,-Infinity,-Infinity,-Infinity,-Infinity,-Infinity,-Infinity,-Infinity,-Infinity,-Infinity,-Infinity,-Infinity,-Infinity,-Infinity,-Infinity,-Infinity,-Infinity,-Infinity,-Infinity,-Infinity,-Infinity,-Infinity,-Infinity,-Infinity,-Infinity,-Infinity,-Infinity,-Infinity,-Infinity,-Infinity,-Infinity,-Infinity,-Infinity,-Infinity,-Infinity,-Infinity,-Infinity,-Infinity,-Infinity,-Infinity,-Infinity,-Infinity,-Infinity,-Infinity,-Infinity,-Infinity,-Infinity,-Infinity,-Infinity,-Infinity,-Infinity,-Infinity,-Infinity,-Infinity,-Infinity,-Infinity,-Infinity,-Infinity,-Infinity,-Infinity,-Infinity,-Infinity,-Infinity,-Infinity,-Infinity,-Infinity,-Infinity
"S71",-Infinity,-Infinity,-Infinity,-Infinity,-Infinity,-Infinity,-Infinity,-Infinity,-Infinity,-Infinity,-Infinity,-Infinity,-Infinity,-Infinity,-Infinity,-Infinity,-Infinity,-Infinity,-Infinity,-Infinity,-Infinity,-Infinity,-Infinity,-Infinity,-Infinity,-Infinity,-Infinity,-Infinity,-Infinity,-Infinity,-Infinity,-Infinity,-Infinity,-Infinity,-Infinity,-Infinity,-Infinity,-Infinity,-Infinity,-Infinity,-Infinity,-Infinity,-Infinity,-Infinity,-Infinity,-Infinity,-Infinity,-Infinity,-Infinity,-Infinity,-Infinity,-Infinity,-Infinity,-Infinity,-Infinity,-Infinity,-Infinity,-Infinity,-Infinity,-Infinity,-Infinity,-Infinity,-Infinity,-Infinity,-Infinity,-Infinity,-Infinity,-Infinity,-Infinity,-Infinity,-Infinity,-Infinity,-Infinity,-Infinity,-Infinity,-Infinity,-Infinity,-Infinity,-Infinity,-Infinity,-Infinity,-Infinity,-Infinity,-Infinity,-Infinity,-Infinity,-Infinity,-Infinity,-Infinity,-Infinity,-Infinity,-Infinity,-Infinity,-Infinity,-Infinity,-Infinity,-Infinity,-Infinity,-Infinity,-Infinity,-Infinity,-Infinity,-Infinity,-Infinity,-Infinity,-Infinity,-Infinity,-Infinity,-Infinity,-Infinity,-Infinity,-Infinity,-Infinity,-Infinity,-Infinity,-Infinity,-Infinity,-Infinity,-Infinity,-Infinity,-Infinity,-Infinity,-Infinity,-Infinity,-Infinity,-Infinity,-Infinity,-Infinity,-Infinity,-Infinity,-Infinity,-Infinity,-Infinity,-Infinity,-Infinity,-Infinity,-Infinity,-Infinity,-Infinity,-Infinity,-Infinity
"S72",-Infinity,-Infinity,-Infinity,-Infinity,-Infinity,-Infinity,-Infinity,-Infinity,-Infinity,-Infinity,-Infinity,-Infinity,-Infinity,-Infinity,-Infinity,-Infinity,-Infinity,-Infinity,-Infinity,-Infinity,-Infinity,-Infinity,-Infinity,-Infinity,-Infinity,-Infinity,-Infinity,-Infinity,-Infinity,-Infinity,-Infinity,-Infinity,-Infinity,-Infinity,-Infinity,-Infinity,-Infinity,-Infinity,-Infinity,-Infinity,-Infinity,-Infinity,-Infinity,-Infinity,-Infinity,-Infinity,-Infinity,-Infinity,-Infinity,-Infinity,-Infinity,-Infinity,-Infinity,-Infinity,-Infinity,-Infinity,-Infinity,-Infinity,-Infinity,-Infinity,-Infinity,-Infinity,-Infinity,-Infinity,-Infinity,-Infinity,-Infinity,-Infinity,-Infinity,-Infinity,-Infinity,-Infinity,-Infinity,-Infinity,-Infinity,-Infinity,-Infinity,-Infinity,-Infinity,-Infinity,-Infinity,-Infinity,-Infinity,-Infinity,-Infinity,-Infinity,-Infinity,-Infinity,-Infinity,-Infinity,-Infinity,-Infinity,-Infinity,-Infinity,-Infinity,-Infinity,-Infinity,-Infinity,-Infinity,-Infinity,-Infinity,-Infinity,-Infinity,-Infinity,-Infinity,-Infinity,-Infinity,-Infinity,-Infinity,-Infinity,-Infinity,-Infinity,-Infinity,-Infinity,-Infinity,-Infinity,-Infinity,-Infinity,-Infinity,-Infinity,-Infinity,-Infinity,-Infinity,-Infinity,-Infinity,-Infinity,-Infinity,-Infinity,-Infinity,-Infinity,-Infinity,-Infinity,-Infinity,-Infinity,-Infinity,-Infinity,-Infinity,-Infinity,-Infinity,-Infinity,-Infinity
"S73",-Infinity,-Infinity,-Infinity,-Infinity,-Infinity,-Infinity,-Infinity,-Infinity,-Infinity,-Infinity,-Infinity,-Infinity,-Infinity,-Infinity,-Infinity,-Infinity,-Infinity,-Infinity,-Infinity,-Infinity,-Infinity,-Infinity,-Infinity,-Infinity,-Infinity,-Infinity,-Infinity,-Infinity,-Infinity,-Infinity,-Infinity,-Infinity,-Infinity,-Infinity,-Infinity,-Infinity,-Infinity,-Infinity,-Infinity,-Infinity,-Infinity,-Infinity,-Infinity,-Infinity,-Infinity,-Infinity,-Infinity,-Infinity,-Infinity,-Infinity,-Infinity,-Infinity,-Infinity,-Infinity,-Infinity,-Infinity,-Infinity,-Infinity,-Infinity,-Infinity,-Infinity,-Infinity,-Infinity,-Infinity,-Infinity,-Infinity,-Infinity,-Infinity,-Infinity,-Infinity,-Infinity,-Infinity,-Infinity,-Infinity,-Infinity,-Infinity,-Infinity,-Infinity,-Infinity,-Infinity,-Infinity,-Infinity,-Infinity,-Infinity,-Infinity,-Infinity,-Infinity,-Infinity,-Infinity,-Infinity,-Infinity,-Infinity,-Infinity,-Infinity,-Infinity,-Infinity,-Infinity,-Infinity,-Infinity,-Infinity,-Infinity,-Infinity,-Infinity,-Infinity,-Infinity,-Infinity,-Infinity,-Infinity,-Infinity,-Infinity,-Infinity,-Infinity,-Infinity,-Infinity,-Infinity,-Infinity,-Infinity,-Infinity,-Infinity,-Infinity,-Infinity,-Infinity,-Infinity,-Infinity,-Infinity,-Infinity,-Infinity,-Infinity,-Infinity,-Infinity,-Infinity,-Infinity,-Infinity,-Infinity,-Infinity,-Infinity,-Infinity,-Infinity,-Infinity,-Infinity,-Infinity
"S74",-Infinity,-Infinity,-Infinity,-Infinity,-Infinity,-Infinity,-Infinity,-Infinity,-Infinity,-Infinity,-Infinity,-Infinity,-Infinity,-Infinity,-Infinity,-Infinity,-Infinity,-Infinity,-Infinity,-Infinity,-Infinity,-Infinity,-Infinity,-Infinity,-Infinity,-Infinity,-Infinity,-Infinity,-Infinity,-Infinity,-Infinity,-Infinity,-Infinity,-Infinity,-Infinity,-Infinity,-Infinity,-Infinity,-Infinity,-Infinity,-Infinity,-Infinity,-Infinity,-Infinity,-Infinity,-Infinity,-Infinity,-Infinity,-Infinity,-Infinity,-Infinity,-Infinity,-Infinity,-Infinity,-Infinity,-Infinity,-Infinity,-Infinity,-Infinity,-Infinity,-Infinity,-Infinity,-Infinity,-Infinity,-Infinity,-Infinity,-Infinity,-Infinity,-Infinity,-Infinity,-Infinity,-Infinity,-Infinity,-Infinity,-Infinity,-Infinity,-Infinity,-Infinity,-Infinity,-Infinity,-Infinity,-Infinity,-Infinity,-Infinity,-Infinity,-Infinity,-Infinity,-Infinity,-Infinity,-Infinity,-Infinity,-Infinity,-Infinity,-Infinity,-Infinity,-Infinity,-Infinity,-Infinity,-Infinity,-Infinity,-Infinity,-Infinity,-Infinity,-Infinity,-Infinity,-Infinity,-Infinity,-Infinity,-Infinity,-Infinity,-Infinity,-Infinity,-Infinity,-Infinity,-Infinity,-Infinity,-Infinity,-Infinity,-Infinity,-Infinity,-Infinity,-Infinity,-Infinity,-Infinity,-Infinity,-Infinity,-Infinity,-Infinity,-Infinity,-Infinity,-Infinity,-Infinity,-Infinity,-Infinity,-Infinity,-Infinity,-Infinity,-Infinity,-Infinity,-Infinity,-Infinity
"S75",-Infinity,-Infinity,-Infinity,-Infinity,-Infinity,-Infinity,-Infinity,-Infinity,-Infinity,-Infinity,-Infinity,-Infinity,-Infinity,-Infinity,-Infinity,-Infinity,-Infinity,-Infinity,-Infinity,-Infinity,-Infinity,-Infinity,-Infinity,-Infinity,-Infinity,-Infinity,-Infinity,-Infinity,-Infinity,-Infinity,-Infinity,-Infinity,-Infinity,-Infinity,-Infinity,-Infinity,-Infinity,-Infinity,-Infinity,-Infinity,-Infinity,-Infinity,-Infinity,-Infinity,-Infinity,-Infinity,-Infinity,-Infinity,-Infinity,-Infinity,-Infinity,-Infinity,-Infinity,-Infinity,-Infinity,-Infinity,-Infinity,-Infinity,-Infinity,-Infinity,-Infinity,-Infinity,-Infinity,-Infinity,-Infinity,-Infinity,-Infinity,-Infinity,-Infinity,-Infinity,-Infinity,-Infinity,-Infinity,-Infinity,-Infinity,-Infinity,-Infinity,-Infinity,-Infinity,-Infinity,-Infinity,-Infinity,-Infinity,-Infinity,-Infinity,-Infinity,-Infinity,-Infinity,-Infinity,-Infinity,-Infinity,-Infinity,-Infinity,-Infinity,-Infinity,-Infinity,-Infinity,-Infinity,-Infinity,-Infinity,-Infinity,-Infinity,-Infinity,-Infinity,-Infinity,-Infinity,-Infinity,-Infinity,-Infinity,-Infinity,-Infinity,-Infinity,-Infinity,-Infinity,-Infinity,-Infinity,-Infinity,-Infinity,-Infinity,-Infinity,-Infinity,-Infinity,-Infinity,-Infinity,-Infinity,-Infinity,-Infinity,-Infinity,-Infinity,-Infinity,-Infinity,-Infinity,-Infinity,-Infinity,-Infinity,-Infinity,-Infinity,-Infinity,-Infinity,-Infinity,-Infinity
"S76",-Infinity,-Infinity,-Infinity,-Infinity,-Infinity,-Infinity,-Infinity,-Infinity,-Infinity,-Infinity,-Infinity,-Infinity,-Infinity,-Infinity,-Infinity,-Infinity,-Infinity,-Infinity,-Infinity,-Infinity,-Infinity,-Infinity,-Infinity,-Infinity,-Infinity,-Infinity,-Infinity,-Infinity,-Infinity,-Infinity,-Infinity,-Infinity,-Infinity,-Infinity,-Infinity,-Infinity,-Infinity,-Infinity,-Infinity,-Infinity,-Infinity,-Infinity,-Infinity,-Infinity,-Infinity,-Infinity,-Infinity,-Infinity,-Infinity,-Infinity,-Infinity,-Infinity,-Infinity,-Infinity,-Infinity,-Infinity,-Infinity,-Infinity,-Infinity,-Infinity,-Infinity,-Infinity,-Infinity,-Infinity,-Infinity,-Infinity,-Infinity,-Infinity,-Infinity,-Infinity,-Infinity,-Infinity,-Infinity,-Infinity,-Infinity,-Infinity,-Infinity,-Infinity,-Infinity,-Infinity,-Infinity,-Infinity,-Infinity,-Infinity,-Infinity,-Infinity,-Infinity,-Infinity,-Infinity,-Infinity,-Infinity,-Infinity,-Infinity,-Infinity,-Infinity,-Infinity,-Infinity,-Infinity,-Infinity,-Infinity,-Infinity,-Infinity,-Infinity,-Infinity,-Infinity,-Infinity,-Infinity,-Infinity,-Infinity,-Infinity,-Infinity,-Infinity,-Infinity,-Infinity,-Infinity,-Infinity,-Infinity,-Infinity,-Infinity,-Infinity,-Infinity,-Infinity,-Infinity,-Infinity,-Infinity,-Infinity,-Infinity,-Infinity,-Infinity,-Infinity,-Infinity,-Infinity,-Infinity,-Infinity,-Infinity,-Infinity,-Infinity,-Infinity,-Infinity,-Infinity,-Infinity
"S77",-Infinity,-Infinity,-Infinity,-Infinity,-Infinity,-Infinity,-Infinity,-Infinity,-Infinity,-Infinity,-Infinity,-Infinity,-Infinity,-Infinity,-Infinity,-Infinity,-Infinity,-Infinity,-Infinity,-Infinity,-Infinity,-Infinity,-Infinity,-Infinity,-Infinity,-Infinity,-Infinity,-Infinity,-Infinity,-Infinity,-Infinity,-Infinity,-Infinity,-Infinity,-Infinity,-Infinity,-Infinity,-Infinity,-Infinity,-Infinity,-Infinity,-Infinity,-Infinity,-Infinity,-Infinity,-Infinity,-Infinity,-Infinity,-Infinity,-Infinity,-Infinity,-Infinity,-Infinity,-Infinity,-Infinity,-Infinity,-Infinity,-Infinity,-Infinity,-Infinity,-Infinity,-Infinity,-Infinity,-Infinity,-Infinity,-Infinity,-Infinity,-Infinity,-Infinity,-Infinity,-Infinity,-Infinity,-Infinity,-Infinity,-Infinity,-Infinity,-Infinity,-Infinity,-Infinity,-Infinity,-Infinity,-Infinity,-Infinity,-Infinity,-Infinity,-Infinity,-Infinity,-Infinity,-Infinity,-Infinity,-Infinity,-Infinity,-Infinity,-Infinity,-Infinity,-Infinity,-Infinity,-Infinity,-Infinity,-Infinity,-Infinity,-Infinity,-Infinity,-Infinity,-Infinity,-Infinity,-Infinity,-Infinity,-Infinity,-Infinity,-Infinity,-Infinity,-Infinity,-Infinity,-Infinity,-Infinity,-Infinity,-Infinity,-Infinity,-Infinity,-Infinity,-Infinity,-Infinity,-Infinity,-Infinity,-Infinity,-Infinity,-Infinity,-Infinity,-Infinity,-Infinity,-Infinity,-Infinity,-Infinity,-Infinity,-Infinity,-Infinity,-Infinity,-Infinity,-Infinity,-Infinity
"S78",-Infinity,-Infinity,-Infinity,-Infinity,-Infinity,-Infinity,-Infinity,-Infinity,-Infinity,-Infinity,-Infinity,-Infinity,-Infinity,-Infinity,-Infinity,-Infinity,-Infinity,-Infinity,-Infinity,-Infinity,-Infinity,-Infinity,-Infinity,-Infinity,-Infinity,-Infinity,-Infinity,-Infinity,-Infinity,-Infinity,-Infinity,-Infinity,-Infinity,-Infinity,-Infinity,-Infinity,-Infinity,-Infinity,-Infinity,-Infinity,-Infinity,-Infinity,-Infinity,-Infinity,-Infinity,-Infinity,-Infinity,-Infinity,-Infinity,-Infinity,-Infinity,-Infinity,-Infinity,-Infinity,-Infinity,-Infinity,-Infinity,-Infinity,-Infinity,-Infinity,-Infinity,-Infinity,-Infinity,-Infinity,-Infinity,-Infinity,-Infinity,-Infinity,-Infinity,-Infinity,-Infinity,-Infinity,-Infinity,-Infinity,-Infinity,-Infinity,-Infinity,-Infinity,-Infinity,-Infinity,-Infinity,-Infinity,-Infinity,-Infinity,-Infinity,-Infinity,-Infinity,-Infinity,-Infinity,-Infinity,-Infinity,-Infinity,-Infinity,-Infinity,-Infinity,-Infinity,-Infinity,-Infinity,-Infinity,-Infinity,-Infinity,-Infinity,-Infinity,-Infinity,-Infinity,-Infinity,-Infinity,-Infinity,-Infinity,-Infinity,-Infinity,-Infinity,-Infinity,-Infinity,-Infinity,-Infinity,-Infinity,-Infinity,-Infinity,-Infinity,-Infinity,-Infinity,-Infinity,-Infinity,-Infinity,-Infinity,-Infinity,-Infinity,-Infinity,-Infinity,-Infinity,-Infinity,-Infinity,-Infinity,-Infinity,-Infinity,-Infinity,-Infinity,-Infinity,-Infinity,-Infinity
"S79",-Infinity,-Infinity,-Infinity,-Infinity,-Infinity,-Infinity,-Infinity,-Infinity,-Infinity,-Infinity,-Infinity,-Infinity,-Infinity,-Infinity,-Infinity,-Infinity,-Infinity,-Infinity,-Infinity,-Infinity,-Infinity,-Infinity,-Infinity,-Infinity,-Infinity,-Infinity,-Infinity,-Infinity,-Infinity,-Infinity,-Infinity,-Infinity,-Infinity,-Infinity,-Infinity,-Infinity,-Infinity,-Infinity,-Infinity,-Infinity,-Infinity,-Infinity,-Infinity,-Infinity,-Infinity,-Infinity,-Infinity,-Infinity,-Infinity,-Infinity,-Infinity,-Infinity,-Infinity,-Infinity,-Infinity,-Infinity,-Infinity,-Infinity,-Infinity,-Infinity,-Infinity,-Infinity,-Infinity,-Infinity,-Infinity,-Infinity,-Infinity,-Infinity,-Infinity,-Infinity,-Infinity,-Infinity,-Infinity,-Infinity,-Infinity,-Infinity,-Infinity,-Infinity,-Infinity,-Infinity,-Infinity,-Infinity,-Infinity,-Infinity,-Infinity,-Infinity,-Infinity,-Infinity,-Infinity,-Infinity,-Infinity,-Infinity,-Infinity,-Infinity,-Infinity,-Infinity,-Infinity,-Infinity,-Infinity,-Infinity,-Infinity,-Infinity,-Infinity,-Infinity,-Infinity,-Infinity,-Infinity,-Infinity,-Infinity,-Infinity,-Infinity,-Infinity,-Infinity,-Infinity,-Infinity,-Infinity,-Infinity,-Infinity,-Infinity,-Infinity,-Infinity,-Infinity,-Infinity,-Infinity,-Infinity,-Infinity,-Infinity,-Infinity,-Infinity,-Infinity,-Infinity,-Infinity,-Infinity,-Infinity,-Infinity,-Infinity,-Infinity,-Infinity,-Infinity,-Infinity,-Infinity
"S80",-Infinity,-Infinity,-Infinity,-Infinity,-Infinity,-Infinity,-Infinity,-Infinity,-Infinity,-Infinity,-Infinity,-Infinity,-Infinity,-Infinity,-Infinity,-Infinity,-Infinity,-Infinity,-Infinity,-Infinity,-Infinity,-Infinity,-Infinity,-Infinity,-Infinity,-Infinity,-Infinity,-Infinity,-Infinity,-Infinity,-Infinity,-Infinity,-Infinity,-Infinity,-Infinity,-Infinity,-Infinity,-Infinity,-Infinity,-Infinity,-Infinity,-Infinity,-Infinity,-Infinity,-Infinity,-Infinity,-Infinity,-Infinity,-Infinity,-Infinity,-Infinity,-Infinity,-Infinity,-Infinity,-Infinity,-Infinity,-Infinity,-Infinity,-Infinity,-Infinity,-Infinity,-Infinity,-Infinity,-Infinity,-Infinity,-Infinity,-Infinity,-Infinity,-Infinity,-Infinity,-Infinity,-Infinity,-Infinity,-Infinity,-Infinity,-Infinity,-Infinity,-Infinity,-Infinity,-Infinity,-Infinity,-Infinity,-Infinity,-Infinity,-Infinity,-Infinity,-Infinity,-Infinity,-Infinity,-Infinity,-Infinity,-Infinity,-Infinity,-Infinity,-Infinity,-Infinity,-Infinity,-Infinity,-Infinity,-Infinity,-Infinity,-Infinity,-Infinity,-Infinity,-Infinity,-Infinity,-Infinity,-Infinity,-Infinity,-Infinity,-Infinity,-Infinity,-Infinity,-Infinity,-Infinity,-Infinity,-Infinity,-Infinity,-Infinity,-Infinity,-Infinity,-Infinity,-Infinity,-Infinity,-Infinity,-Infinity,-Infinity,-Infinity,-Infinity,-Infinity,-Infinity,-Infinity,-Infinity,-Infinity,-Infinity,-Infinity,-Infinity,-Infinity,-Infinity,-Infinity,-Infinity
"S81",-Infinity,-Infinity,-Infinity,-Infinity,-Infinity,-Infinity,-Infinity,-Infinity,-Infinity,-Infinity,-Infinity,-Infinity,-Infinity,-Infinity,-Infinity,-Infinity,-Infinity,-Infinity,-Infinity,-Infinity,-Infinity,-Infinity,-Infinity,-Infinity,-Infinity,-Infinity,-Infinity,-Infinity,-Infinity,-Infinity,-Infinity,-Infinity,-Infinity,-Infinity,-Infinity,-Infinity,-Infinity,-Infinity,-Infinity,-Infinity,-Infinity,-Infinity,-Infinity,-Infinity,-Infinity,-Infinity,-Infinity,-Infinity,-Infinity,-Infinity,-Infinity,-Infinity,-Infinity,-Infinity,-Infinity,-Infinity,-Infinity,-Infinity,-Infinity,-Infinity,-Infinity,-Infinity,-Infinity,-Infinity,-Infinity,-Infinity,-Infinity,-Infinity,-Infinity,-Infinity,-Infinity,-Infinity,-Infinity,-Infinity,-Infinity,-Infinity,-Infinity,-Infinity,-Infinity,-Infinity,-Infinity,-Infinity,-Infinity,-Infinity,-Infinity,-Infinity,-Infinity,-Infinity,-Infinity,-Infinity,-Infinity,-Infinity,-Infinity,-Infinity,-Infinity,-Infinity,-Infinity,-Infinity,-Infinity,-Infinity,-Infinity,-Infinity,-Infinity,-Infinity,-Infinity,-Infinity,-Infinity,-Infinity,-Infinity,-Infinity,-Infinity,-Infinity,-Infinity,-Infinity,-Infinity,-Infinity,-Infinity,-Infinity,-Infinity,-Infinity,-Infinity,-Infinity,-Infinity,-Infinity,-Infinity,-Infinity,-Infinity,-Infinity,-Infinity,-Infinity,-Infinity,-Infinity,-Infinity,-Infinity,-Infinity,-Infinity,-Infinity,-Infinity,-Infinity,-Infinity,-Infinity
"S82",-Infinity,-Infinity,-Infinity,-Infinity,-Infinity,-Infinity,-Infinity,-Infinity,-Infinity,-Infinity,-Infinity,-Infinity,-Infinity,-Infinity,-Infinity,-Infinity,-Infinity,-Infinity,-Infinity,-Infinity,-Infinity,-Infinity,-Infinity,-Infinity,-Infinity,-Infinity,-Infinity,-Infinity,-Infinity,-Infinity,-Infinity,-Infinity,-Infinity,-Infinity,-Infinity,-Infinity,-Infinity,-Infinity,-Infinity,-Infinity,-Infinity,-Infinity,-Infinity,-Infinity,-Infinity,-Infinity,-Infinity,-Infinity,-Infinity,-Infinity,-Infinity,-Infinity,-Infinity,-Infinity,-Infinity,-Infinity,-Infinity,-Infinity,-Infinity,-Infinity,-Infinity,-Infinity,-Infinity,-Infinity,-Infinity,-Infinity,-Infinity,-Infinity,-Infinity,-Infinity,-Infinity,-Infinity,-Infinity,-Infinity,-Infinity,-Infinity,-Infinity,-Infinity,-Infinity,-Infinity,-Infinity,-Infinity,-Infinity,-Infinity,-Infinity,-Infinity,-Infinity,-Infinity,-Infinity,-Infinity,-Infinity,-Infinity,-Infinity,-Infinity,-Infinity,-Infinity,-Infinity,-Infinity,-Infinity,-Infinity,-Infinity,-Infinity,-Infinity,-Infinity,-Infinity,-Infinity,-Infinity,-Infinity,-Infinity,-Infinity,-Infinity,-Infinity,-Infinity,-Infinity,-Infinity,-Infinity,-Infinity,-Infinity,-Infinity,-Infinity,-Infinity,-Infinity,-Infinity,-Infinity,-Infinity,-Infinity,-Infinity,-Infinity,-Infinity,-Infinity,-Infinity,-Infinity,-Infinity,-Infinity,-Infinity,-Infinity,-Infinity,-Infinity,-Infinity,-Infinity,-Infinity
"S83",-Infinity,-Infinity,-Infinity,-Infinity,-Infinity,-Infinity,-Infinity,-Infinity,-Infinity,-Infinity,-Infinity,-Infinity,-Infinity,-Infinity,-Infinity,-Infinity,-Infinity,-Infinity,-Infinity,-Infinity,-Infinity,-Infinity,-Infinity,-Infinity,-Infinity,-Infinity,-Infinity,-Infinity,-Infinity,-Infinity,-Infinity,-Infinity,-Infinity,-Infinity,-Infinity,-Infinity,-Infinity,-Infinity,-Infinity,-Infinity,-Infinity,-Infinity,-Infinity,-Infinity,-Infinity,-Infinity,-Infinity,-Infinity,-Infinity,-Infinity,-Infinity,-Infinity,-Infinity,-Infinity,-Infinity,-Infinity,-Infinity,-Infinity,-Infinity,-Infinity,-Infinity,-Infinity,-Infinity,-Infinity,-Infinity,-Infinity,-Infinity,-Infinity,-Infinity,-Infinity,-Infinity,-Infinity,-Infinity,-Infinity,-Infinity,-Infinity,-Infinity,-Infinity,-Infinity,-Infinity,-Infinity,-Infinity,-Infinity,-Infinity,-Infinity,-Infinity,-Infinity,-Infinity,-Infinity,-Infinity,-Infinity,-Infinity,-Infinity,-Infinity,-Infinity,-Infinity,-Infinity,-Infinity,-Infinity,-Infinity,-Infinity,-Infinity,-Infinity,-Infinity,-Infinity,-Infinity,-Infinity,-Infinity,-Infinity,-Infinity,-Infinity,-Infinity,-Infinity,-Infinity,-Infinity,-Infinity,-Infinity,-Infinity,-Infinity,-Infinity,-Infinity,-Infinity,-Infinity,-Infinity,-Infinity,-Infinity,-Infinity,-Infinity,-Infinity,-Infinity,-Infinity,-Infinity,-Infinity,-Infinity,-Infinity,-Infinity,-Infinity,-Infinity,-Infinity,-Infinity,-Infinity
"S84",-Infinity,-Infinity,-Infinity,-Infinity,-Infinity,-Infinity,-Infinity,-Infinity,-Infinity,-Infinity,-Infinity,-Infinity,-Infinity,-Infinity,-Infinity,-Infinity,-Infinity,-Infinity,-Infinity,-Infinity,-Infinity,-Infinity,-Infinity,-Infinity,-Infinity,-Infinity,-Infinity,-Infinity,-Infinity,-Infinity,-Infinity,-Infinity,-Infinity,-Infinity,-Infinity,-Infinity,-Infinity,-Infinity,-Infinity,-Infinity,-Infinity,-Infinity,-Infinity,-Infinity,-Infinity,-Infinity,-Infinity,-Infinity,-Infinity,-Infinity,-Infinity,-Infinity,-Infinity,-Infinity,-Infinity,-Infinity,-Infinity,-Infinity,-Infinity,-Infinity,-Infinity,-Infinity,-Infinity,-Infinity,-Infinity,-Infinity,-Infinity,-Infinity,-Infinity,-Infinity,-Infinity,-Infinity,-Infinity,-Infinity,-Infinity,-Infinity,-Infinity,-Infinity,-Infinity,-Infinity,-Infinity,-Infinity,-Infinity,-Infinity,-Infinity,-Infinity,-Infinity,-Infinity,-Infinity,-Infinity,-Infinity,-Infinity,-Infinity,-Infinity,-Infinity,-Infinity,-Infinity,-Infinity,-Infinity,-Infinity,-Infinity,-Infinity,-Infinity,-Infinity,-Infinity,-Infinity,-Infinity,-Infinity,-Infinity,-Infinity,-Infinity,-Infinity,-Infinity,-Infinity,-Infinity,-Infinity,-Infinity,-Infinity,-Infinity,-Infinity,-Infinity,-Infinity,-Infinity,-Infinity,-Infinity,-Infinity,-Infinity,-Infinity,-Infinity,-Infinity,-Infinity,-Infinity,-Infinity,-Infinity,-Infinity,-Infinity,-Infinity,-Infinity,-Infinity,-Infinity,-Infinity
"S85",-Infinity,-Infinity,-Infinity,-Infinity,-Infinity,-Infinity,-Infinity,-Infinity,-Infinity,-Infinity,-Infinity,-Infinity,-Infinity,-Infinity,-Infinity,-Infinity,-Infinity,-Infinity,-Infinity,-Infinity,-Infinity,-Infinity,-Infinity,-Infinity,-Infinity,-Infinity,-Infinity,-Infinity,-Infinity,-Infinity,-Infinity,-Infinity,-Infinity,-Infinity,-Infinity,-Infinity,-Infinity,-Infinity,-Infinity,-Infinity,-Infinity,-Infinity,-Infinity,-Infinity,-Infinity,-Infinity,-Infinity,-Infinity,-Infinity,-Infinity,-Infinity,-Infinity,-Infinity,-Infinity,-Infinity,-Infinity,-Infinity,-Infinity,-Infinity,-Infinity,-Infinity,-Infinity,-Infinity,-Infinity,-Infinity,-Infinity,-Infinity,-Infinity,-Infinity,-Infinity,-Infinity,-Infinity,-Infinity,-Infinity,-Infinity,-Infinity,-Infinity,-Infinity,-Infinity,-Infinity,-Infinity,-Infinity,-Infinity,-Infinity,-Infinity,-Infinity,-Infinity,-Infinity,-Infinity,-Infinity,-Infinity,-Infinity,-Infinity,-Infinity,-Infinity,-Infinity,-Infinity,-Infinity,-Infinity,-Infinity,-Infinity,-Infinity,-Infinity,-Infinity,-Infinity,-Infinity,-Infinity,-Infinity,-Infinity,-Infinity,-Infinity,-Infinity,-Infinity,-Infinity,-Infinity,-Infinity,-Infinity,-Infinity,-Infinity,-Infinity,-Infinity,-Infinity,-Infinity,-Infinity,-Infinity,-Infinity,-Infinity,-Infinity,-Infinity,-Infinity,-Infinity,-Infinity,-Infinity,-Infinity,-Infinity,-Infinity,-Infinity,-Infinity,-Infinity,-Infinity,-Infinity
"S86",-Infinity,-Infinity,-Infinity,-Infinity,-Infinity,-Infinity,-Infinity,-Infinity,-Infinity,-Infinity,-Infinity,-Infinity,-Infinity,-Infinity,-Infinity,-Infinity,-Infinity,-Infinity,-Infinity,-Infinity,-Infinity,-Infinity,-Infinity,-Infinity,-Infinity,-Infinity,-Infinity,-Infinity,-Infinity,-Infinity,-Infinity,-Infinity,-Infinity,-Infinity,-Infinity,-Infinity,-Infinity,-Infinity,-Infinity,-Infinity,-Infinity,-Infinity,-Infinity,-Infinity,-Infinity,-Infinity,-Infinity,-Infinity,-Infinity,-Infinity,-Infinity,-Infinity,-Infinity,-Infinity,-Infinity,-Infinity,-Infinity,-Infinity,-Infinity,-Infinity,-Infinity,-Infinity,-Infinity,-Infinity,-Infinity,-Infinity,-Infinity,-Infinity,-Infinity,-Infinity,-Infinity,-Infinity,-Infinity,-Infinity,-Infinity,-Infinity,-Infinity,-Infinity,-Infinity,-Infinity,-Infinity,-Infinity,-Infinity,-Infinity,-Infinity,-Infinity,-Infinity,-Infinity,-Infinity,-Infinity,-Infinity,-Infinity,-Infinity,-Infinity,-Infinity,-Infinity,-Infinity,-Infinity,-Infinity,-Infinity,-Infinity,-Infinity,-Infinity,-Infinity,-Infinity,-Infinity,-Infinity,-Infinity,-Infinity,-Infinity,-Infinity,-Infinity,-Infinity,-Infinity,-Infinity,-Infinity,-Infinity,-Infinity,-Infinity,-Infinity,-Infinity,-Infinity,-Infinity,-Infinity,-Infinity,-Infinity,-Infinity,-Infinity,-Infinity,-Infinity,-Infinity,-Infinity,-Infinity,-Infinity,-Infinity,-Infinity,-Infinity,-Infinity,-Infinity,-Infinity,-Infinity
"S87",-Infinity,-Infinity,-Infinity,-Infinity,-Infinity,-Infinity,-Infinity,-Infinity,-Infinity,-Infinity,-Infinity,-Infinity,-Infinity,-Infinity,-Infinity,-Infinity,-Infinity,-Infinity,-Infinity,-Infinity,-Infinity,-Infinity,-Infinity,-Infinity,-Infinity,-Infinity,-Infinity,-Infinity,-Infinity,-Infinity,-Infinity,-Infinity,-Infinity,-Infinity,-Infinity,-Infinity,-Infinity,-Infinity,-Infinity,-Infinity,-Infinity,-Infinity,-Infinity,-Infinity,-Infinity,-Infinity,-Infinity,-Infinity,-Infinity,-Infinity,-Infinity,-Infinity,-Infinity,-Infinity,-Infinity,-Infinity,-Infinity,-Infinity,-Infinity,-Infinity,-Infinity,-Infinity,-Infinity,-Infinity,-Infinity,-Infinity,-Infinity,-Infinity,-Infinity,-Infinity,-Infinity,-Infinity,-Infinity,-Infinity,-Infinity,-Infinity,-Infinity,-Infinity,-Infinity,-Infinity,-Infinity,-Infinity,-Infinity,-Infinity,-Infinity,-Infinity,-Infinity,-Infinity,-Infinity,-Infinity,-Infinity,-Infinity,-Infinity,-Infinity,-Infinity,-Infinity,-Infinity,-Infinity,-Infinity,-Infinity,-Infinity,-Infinity,-Infinity,-Infinity,-Infinity,-Infinity,-Infinity,-Infinity,-Infinity,-Infinity,-Infinity,-Infinity,-Infinity,-Infinity,-Infinity,-Infinity,-Infinity,-Infinity,-Infinity,-Infinity,-Infinity,-Infinity,-Infinity,-Infinity,-Infinity,-Infinity,-Infinity,-Infinity,-Infinity,-Infinity,-Infinity,-Infinity,-Infinity,-Infinity,-Infinity,-Infinity,-Infinity,-Infinity,-Infinity,-Infinity,-Infinity
"S88",-Infinity,-Infinity,-Infinity,-Infinity,-Infinity,-Infinity,-Infinity,-Infinity,-Infinity,-Infinity,-Infinity,-Infinity,-Infinity,-Infinity,-Infinity,-Infinity,-Infinity,-Infinity,-Infinity,-Infinity,-Infinity,-Infinity,-Infinity,-Infinity,-Infinity,-Infinity,-Infinity,-Infinity,-Infinity,-Infinity,-Infinity,-Infinity,-Infinity,-Infinity,-Infinity,-Infinity,-Infinity,-Infinity,-Infinity,-Infinity,-Infinity,-Infinity,-Infinity,-Infinity,-Infinity,-Infinity,-Infinity,-Infinity,-Infinity,-Infinity,-Infinity,-Infinity,-Infinity,-Infinity,-Infinity,-Infinity,-Infinity,-Infinity,-Infinity,-Infinity,-Infinity,-Infinity,-Infinity,-Infinity,-Infinity,-Infinity,-Infinity,-Infinity,-Infinity,-Infinity,-Infinity,-Infinity,-Infinity,-Infinity,-Infinity,-Infinity,-Infinity,-Infinity,-Infinity,-Infinity,-Infinity,-Infinity,-Infinity,-Infinity,-Infinity,-Infinity,-Infinity,-Infinity,-Infinity,-Infinity,-Infinity,-Infinity,-Infinity,-Infinity,-Infinity,-Infinity,-Infinity,-Infinity,-Infinity,-Infinity,-Infinity,-Infinity,-Infinity,-Infinity,-Infinity,-Infinity,-Infinity,-Infinity,-Infinity,-Infinity,-Infinity,-Infinity,-Infinity,-Infinity,-Infinity,-Infinity,-Infinity,-Infinity,-Infinity,-Infinity,-Infinity,-Infinity,-Infinity,-Infinity,-Infinity,-Infinity,-Infinity,-Infinity,-Infinity,-Infinity,-Infinity,-Infinity,-Infinity,-Infinity,-Infinity,-Infinity,-Infinity,-Infinity,-Infinity,-Infinity,-Infinity
"S89",-Infinity,-Infinity,-Infinity,-Infinity,-Infinity,-Infinity,-Infinity,-Infinity,-Infinity,-Infinity,-Infinity,-Infinity,-Infinity,-Infinity,-Infinity,-Infinity,-Infinity,-Infinity,-Infinity,-Infinity,-Infinity,-Infinity,-Infinity,-Infinity,-Infinity,-Infinity,-Infinity,-Infinity,-Infinity,-Infinity,-Infinity,-Infinity,-Infinity,-Infinity,-Infinity,-Infinity,-Infinity,-Infinity,-Infinity,-Infinity,-Infinity,-Infinity,-Infinity,-Infinity,-Infinity,-Infinity,-Infinity,-Infinity,-Infinity,-Infinity,-Infinity,-Infinity,-Infinity,-Infinity,-Infinity,-Infinity,-Infinity,-Infinity,-Infinity,-Infinity,-Infinity,-Infinity,-Infinity,-Infinity,-Infinity,-Infinity,-Infinity,-Infinity,-Infinity,-Infinity,-Infinity,-Infinity,-Infinity,-Infinity,-Infinity,-Infinity,-Infinity,-Infinity,-Infinity,-Infinity,-Infinity,-Infinity,-Infinity,-Infinity,-Infinity,-Infinity,-Infinity,-Infinity,-Infinity,-Infinity,-Infinity,-Infinity,-Infinity,-Infinity,-Infinity,-Infinity,-Infinity,-Infinity,-Infinity,-Infinity,-Infinity,-Infinity,-Infinity,-Infinity,-Infinity,-Infinity,-Infinity,-Infinity,-Infinity,-Infinity,-Infinity,-Infinity,-Infinity,-Infinity,-Infinity,-Infinity,-Infinity,-Infinity,-Infinity,-Infinity,-Infinity,-Infinity,-Infinity,-Infinity,-Infinity,-Infinity,-Infinity,-Infinity,-Infinity,-Infinity,-Infinity,-Infinity,-Infinity,-Infinity,-Infinity,-Infinity,-Infinity,-Infinity,-Infinity,-Infinity,-Infinity
"S90",-Infinity,-Infinity,-Infinity,-Infinity,-Infinity,-Infinity,-Infinity,-Infinity,-Infinity,-Infinity,-Infinity,-Infinity,-Infinity,-Infinity,-Infinity,-Infinity,-Infinity,-Infinity,-Infinity,-Infinity,-Infinity,-Infinity,-Infinity,-Infinity,-Infinity,-Infinity,-Infinity,-Infinity,-Infinity,-Infinity,-Infinity,-Infinity,-Infinity,-Infinity,-Infinity,-Infinity,-Infinity,-Infinity,-Infinity,-Infinity,-Infinity,-Infinity,-Infinity,-Infinity,-Infinity,-Infinity,-Infinity,-Infinity,-Infinity,-Infinity,-Infinity,-Infinity,-Infinity,-Infinity,-Infinity,-Infinity,-Infinity,-Infinity,-Infinity,-Infinity,-Infinity,-Infinity,-Infinity,-Infinity,-Infinity,-Infinity,-Infinity,-Infinity,-Infinity,-Infinity,-Infinity,-Infinity,-Infinity,-Infinity,-Infinity,-Infinity,-Infinity,-Infinity,-Infinity,-Infinity,-Infinity,-Infinity,-Infinity,-Infinity,-Infinity,-Infinity,-Infinity,-Infinity,-Infinity,-Infinity,-Infinity,-Infinity,-Infinity,-Infinity,-Infinity,-Infinity,-Infinity,-Infinity,-Infinity,-Infinity,-Infinity,-Infinity,-Infinity,-Infinity,-Infinity,-Infinity,-Infinity,-Infinity,-Infinity,-Infinity,-Infinity,-Infinity,-Infinity,-Infinity,-Infinity,-Infinity,-Infinity,-Infinity,-Infinity,-Infinity,-Infinity,-Infinity,-Infinity,-Infinity,-Infinity,-Infinity,-Infinity,-Infinity,-Infinity,-Infinity,-Infinity,-Infinity,-Infinity,-Infinity,-Infinity,-Infinity,-Infinity,-Infinity,-Infinity,-Infinity,-Infinity
"S91",-Infinity,-Infinity,-Infinity,-Infinity,-Infinity,-Infinity,-Infinity,-Infinity,-Infinity,-Infinity,-Infinity,-Infinity,-Infinity,-Infinity,-Infinity,-Infinity,-Infinity,-Infinity,-Infinity,-Infinity,-Infinity,-Infinity,-Infinity,-Infinity,-Infinity,-Infinity,-Infinity,-Infinity,-Infinity,-Infinity,-Infinity,-Infinity,-Infinity,-Infinity,-Infinity,-Infinity,-Infinity,-Infinity,-Infinity,-Infinity,-Infinity,-Infinity,-Infinity,-Infinity,-Infinity,-Infinity,-Infinity,-Infinity,-Infinity,-Infinity,-Infinity,-Infinity,-Infinity,-Infinity,-Infinity,-Infinity,-Infinity,-Infinity,-Infinity,-Infinity,-Infinity,-Infinity,-Infinity,-Infinity,-Infinity,-Infinity,-Infinity,-Infinity,-Infinity,-Infinity,-Infinity,-Infinity,-Infinity,-Infinity,-Infinity,-Infinity,-Infinity,-Infinity,-Infinity,-Infinity,-Infinity,-Infinity,-Infinity,-Infinity,-Infinity,-Infinity,-Infinity,-Infinity,-Infinity,-Infinity,-Infinity,-Infinity,-Infinity,-Infinity,-Infinity,-Infinity,-Infinity,-Infinity,-Infinity,-Infinity,-Infinity,-Infinity,-Infinity,-Infinity,-Infinity,-Infinity,-Infinity,-Infinity,-Infinity,-Infinity,-Infinity,-Infinity,-Infinity,-Infinity,-Infinity,-Infinity,-Infinity,-Infinity,-Infinity,-Infinity,-Infinity,-Infinity,-Infinity,-Infinity,-Infinity,-Infinity,-Infinity,-Infinity,-Infinity,-Infinity,-Infinity,-Infinity,-Infinity,-Infinity,-Infinity,-Infinity,-Infinity,-Infinity,-Infinity,-Infinity,-Infinity
"S92",-120.279541015625,-107.8790283203125,-95.9300537109375,-84.64825439453125,-74.4222412109375,-64.565185546875,-56.04083251953125,-48.05029296875,-41.3819580078125,-35.49169921875,-30.19195556640625,-25.6763916015625,-21.586181640625,-18.29290771484375,-16.388916015625,-14.87103271484375,-13.78594970703125,-13.38165283203125,-13.2886962890625,-13.69659423828125,-14.22869873046875,-15.29290771484375,-16.56182861328125,-18.326171875,-20.37493896484375,-23.18328857421875,-26.45172119140625,-30.093505859375,-34.6153564453125,-39.833251953125,-46.06195068359375,-53.08404541015625,-60.922607421875,-69.67510986328125,-79.71148681640625,-90.86480712890625,-103.18572998046875,-116.508056640625,-131.074462890625,-146.387451171875,-163.14501953125,-180.92376708984375,-199.303955078125,-218.872802734375,-239.6134033203125,-260.8143310546875,-282.73687744140625,-305.60760498046875,-328.04833984375,-351.59039306640625,-376.1669921875,-401.08514404296875,-426.9033203125,-454.03350830078125,-481.1004638671875,-508.94091796875,-538.7550048828125,-570.1844482421875,-603.4012451171875,-635.9755859375,-667.436767578125,-701.9442138671875,-738.13818359375,-775.8197021484375,-814.28955078125,-854.1165771484375,-895.141357421875,-937.05615234375,-980.730712890625,-1023.31787109375,-1067.52099609375,-1111.75634765625,-1155.352783203125,-1197.4815673828125,-1238.1412353515625,-1279.2376708984375,-1319.7315673828125,-1358.8740234375,-1396.111572265625,-1432.345703125,-1467.2994384765625,-1500.407958984375,-1532.3253173828125,-1563.388916015625,-1590.54052734375,-1615.801513671875,-1640.915283203125,-1662.517578125,-1682.588134765625,-1699.920654296875,-1715.83154296875,-1728.633056640625,-1738.834228515625,-1745.956298828125,-1749.908447265625,-1750.93408203125,-1748.510009765625,-1742.988037109375,-1733.046875,-1719.43212890625,-1703.553466796875,-1685.307373046875,-1662.75537109375,-1638.179931640625,-1610.19873046875,-1580.791015625,-1549.982421875,-1517.753173828125,-1484.3414306640625,-1448.877197265625,-1411.1409912109375,-1372.676025390625,-1332.913330078125,-1292.3057861328125,-1251.7098388671875,-1208.712646484375,-1165.67431640625,-1122.0079345703125,-1077.880859375,-1032.8753662109375,-986.8563232421875,-940.4757080078125,-894.0,-848.451171875,-804.548583984375,-759.1793212890625,-714.9783935546875,-673.088623046875,-632.1971435546875,-592.3924560546875,-555.1031494140625,-518.6847534179688,-483.91607666015625,-451.1646728515625,-420.036376953125,-390.27716064453125,-361.89300537109375,-335.6727294921875,-311.14886474609375,-319.148193359375,-320.815185546875
"S93",27.7806396484375,56.5150146484375,86.3035888671875,67.71255493164062,53.451934814453125,66.40921020507812,36.5062255859375,48.184600830078125,141.56927490234375,183.906494140625,182.43777465820312,186.61306762695312,134.31448364257812,223.32205200195312,151.3326416015625,203.97702026367188,244.81057739257812,221.993408203125,253.30770874023438,267.58331298828125,238.7281494140625,259.0015106201172,262.065185546875,253.5836944580078,282.3070068359375,271.3231658935547,270.6698455810547,276.7397155761719,294.9988708496094,273.8177795410156,281.4333801269531,282.8557586669922,269.1020965576172,282.02606201171875,280.703369140625,249.76327514648438,254.5294189453125,230.28106689453125,245.47296142578125,255.1938934326172,226.91619873046875,199.82244873046875,186.89093017578125,175.72900390625,46.920196533203125,71.17666625976562,42.095123291015625,-52.58990478515625,-141.36328125,-292.62261962890625,-498.89422607421875,-1220.2518310546875,-1957.3017578125,-1850.388916015625,-1681.23291015625,-1818.756103515625,-2166.847412109375,-2467.6328125,-2123.921875,-2599.4482421875,-2639.248779296875,-2966.179931640625,-3264.55859375,-2937.724609375,-3379.171875,-3658.55322265625,-2741.51806640625,-2837.46728515625,-2532.91845703125,-2840.0830078125,-3138.702392578125,-2988.5576171875,-3008.6484375,-3266.890869140625,-2666.798828125,-2683.06982421875,-2881.584228515625,-3015.354248046875,-3078.63720703125,-2650.73681640625,-2992.70947265625,-3436.323486328125,-3785.6943359375,-3712.12353515625,-3651.5029296875,-2863.3115234375,-3338.002197265625,-3323.219482421875,-3289.868408203125,-3595.2802734375,-3296.558349609375,-3020.40771484375,-3136.89013671875,-3477.8447265625,-3221.262451171875,-3861.1796875,-3977.6435546875,-3398.57861328125,-3560.60888671875,-3227.900390625,-2797.9208984375,-2951.93115234375,-3386.446044921875,-3356.869384765625,-3204.81640625,-3258.73193359375,-3380.991455078125,-3682.53955078125,-2745.673828125,-2861.9794921875,-2697.07177734375,-2609.516357421875,-2489.3408203125,-2034.332275390625,-1801.758544921875,-1509.1646728515625,-1615.704345703125,-1620.437255859375,-1463.7554931640625,-1126.9627685546875,-1071.1622314453125,-1153.151123046875,-739.0335693359375,-685.923095703125,-692.7169189453125,-500.82843017578125,-550.8941650390625,-476.00970458984375,-344.9517822265625,-387.718505859375,-345.295654296875,-359.65057373046875,-392.07611083984375,-293.20770263671875,-178.35565185546875,-268.32958984375,-381.2003173828125,-217.5703125,-178.43341064453125,-257.65557861328125,-428.94085693359375
"S94",118.32839965820312,102.79336547851562,166.98037719726562,102.530517578125,122.490234375,163.92599487304688,222.02493286132812,239.27423095703125,172.92816162109375,276.56178283691406,211.037109375,247.9812469482422,228.39544677734375,269.08203125,250.16766357421875,259.96533203125,271.58807373046875,237.23159790039062,271.47764587402344,327.84820556640625,288.3666076660156,326.1852569580078,316.2243957519531,293.26556396484375,306.5093078613281,310.6428680419922,288.48638916015625,277.06671142578125,289.94232177734375,288.4568634033203,258.2550811767578,300.6311492919922,300.4014129638672,312.237548828125,309.2477722167969,259.3621368408203,248.9283447265625,249.40052795410156,285.74847412109375,250.61424255371094,254.4950714111328,221.86972045898438,198.28680419921875,263.4246826171875,113.77633666992188,171.02706909179688,94.29718017578125,-46.4056396484375,-206.93463134765625,-161.7265625,-530.612060546875,-700.7381591796875,-773.89453125,-828.593017578125,-702.95458984375,-771.29541015625,-991.3175048828125,-907.3116455078125,-706.649169921875,-888.10546875,-969.1239013671875,-1347.70556640625,-1548.544677734375,-1366.81005859375,-1381.363525390625,-1318.7083740234375,-1184.3475341796875,-1325.527099609375,-1111.4248046875,-1363.0313720703125,-1573.387451171875,-1317.79345703125,-1463.9503173828125,-1736.80126953125,-1421.32275390625,-1465.56005859375,-1324.4940185546875,-1302.6861572265625,-1583.527587890625,-1390.301025390625,-1575.00390625,-1535.929443359375,-1600.7265625,-1851.812255859375,-1996.380615234375,-1698.10498046875,-1797.553955078125,-1381.89892578125,-1489.8421630859375,-1336.349853515625,-1513.8895263671875,-1238.788330078125,-1186.5675048828125,-1207.2493896484375,-1424.4876708984375,-1703.351318359375,-1897.6025390625,-1561.271728515625,-1534.0343017578125,-1271.9024658203125,-1388.7060546875,-1259.4359130859375,-1509.1435546875,-1270.880615234375,-1479.4365234375,-1212.27978515625,-1439.3426513671875,-1687.3916015625,-1178.121826171875,-1226.156005859375,-1223.874755859375,-878.407958984375,-867.1695556640625,-1029.752685546875,-795.1253662109375,-777.293212890625,-681.9349365234375,-824.4266357421875,-981.8233642578125,-555.1014404296875,-523.6378173828125,-575.9871826171875,-400.7347412109375,-524.73193359375,-300.78167724609375,-329.84539794921875,-451.8133544921875,-334.8492431640625,-285.83856201171875,-295.97210693359375,-249.43304443359375,-317.82012939453125,-171.09912109375,-212.01397705078125,-76.0543212890625,-338.00714111328125,-322.09405517578125,-300.7125244140625,-91.9310302734375,-210.50732421875,-654.7139892578125
"S95",-22.66424560546875,-21.25213623046875,-29.825439453125,59.61163330078125,-30.053466796875,-1.364715576171875,43.732391357421875,71.02059936523438,74.94790649414062,117.83282470703125,78.2628173828125,168.1173095703125,177.01962280273438,160.55810546875,144.66464233398438,223.85845947265625,-9.6209716796875,34.2718505859375,-75.5906982421875,193.67562866210938,78.40048217773438,258.9758605957031,242.9622802734375,231.58572387695312,260.8340301513672,240.87405395507812,235.06671142578125,291.8180847167969,258.4308319091797,242.110595703125,260.8184509277344,235.40866088867188,240.75689697265625,280.80833435058594,248.24160766601562,267.39720153808594,284.3224639892578,221.25772094726562,247.44424438476562,236.17584228515625,194.55435180664062,226.98681640625,201.26226806640625,173.51885986328125,151.46170043945312,190.33087158203125,76.53652954101562,4.1082763671875,18.18994140625,-40.16156005859375,-78.9075927734375,-322.21881103515625,-187.2794189453125,-191.26068115234375,-140.73419189453125,-128.4400634765625,-203.42486572265625,-166.70379638671875,-438.09588623046875,-434.45660400390625,-247.7984619140625,-279.85595703125,-340.48388671875,-308.4752197265625,-300.45135498046875,-261.142333984375,-164.42926025390625,-191.36761474609375,-207.6119384765625,-163.1944580078125,-213.40576171875,-365.443115234375,-283.402099609375,-284.98699951171875,-341.36383056640625,-323.8883056640625,-465.440673828125,-360.168212890625,-365.87237548828125,-315.330810546875,-416.88812255859375,-308.4454345703125,-292.14886474609375,-377.38201904296875,-354.7174072265625,-351.36297607421875,-404.5992431640625,-321.7962646484375,-235.18084716796875,-296.842529296875,-421.48876953125,-313.21453857421875,-237.89666748046875,-241.10205078125,-243.30975341796875,-247.86871337890625,-337.748291015625,-416.068603515625,-361.50872802734375,-242.33746337890625,-264.2413330078125,-227.665283203125,-221.0479736328125,-277.8485107421875,-328.84576416015625,-224.05224609375,-578.3916015625,-1387.986572265625,-827.08349609375,-411.948486328125,-225.4058837890625,-285.00396728515625,-273.45220947265625,-332.85333251953125,-339.56201171875,-481.2996826171875,-360.0968017578125,-249.0899658203125,-367.56744384765625,-210.73956298828125,-219.9844970703125,-395.63427734375,-177.2230224609375,-238.806884765625,-438.23699951171875,-214.04486083984375,-420.4071044921875,-317.43255615234375,-335.37823486328125,-178.83660888671875,-292.8270263671875,-231.15130615234375,-226.37432861328125,-296.76483154296875,-121.600830078125,-154.9814453125,-158.5604248046875,-345.9129638671875,-148.01593017578125,-102.701416015625,-269.70465087890625
"S96",-300.79632568359375,-157.73516845703125,-184.2197265625,-101.35400390625,-90.92962646484375,-16.8701171875,-213.3919677734375,-135.9481201171875,-87.18280029296875,-20.31976318359375,-46.54949951171875,64.7794189453125,77.05966186523438,85.48095703125,78.24090576171875,118.46859741210938,77.88323974609375,134.39227294921875,126.85354614257812,113.97979736328125,143.1077880859375,135.4146728515625,132.2872314453125,159.80557250976562,179.1456298828125,168.96011352539062,211.95001220703125,212.28372192382812,195.20883178710938,208.70480346679688,207.67120361328125,172.61209106445312,178.64627075195312,232.99215698242188,218.64483642578125,227.40658569335938,244.25198364257812,214.52728271484375,220.56951904296875,181.5794677734375,174.94683837890625,184.27261352539062,101.75338745117188,21.282867431640625,16.137115478515625,60.08673095703125,-50.85028076171875,-69.80963134765625,-98.14544677734375,-196.5665283203125,-253.27215576171875,-503.447998046875,-339.37030029296875,-365.3155517578125,-337.8458251953125,-299.51263427734375,-421.6571044921875,-311.35260009765625,-257.6922607421875,-274.16204833984375,-294.25555419921875,-292.3172607421875,-321.43939208984375,-393.17254638671875,-302.986572265625,-386.77069091796875,-321.51239013671875,-352.962646484375,-358.72833251953125,-299.05975341796875,-229.08099365234375,-267.18182373046875,-306.35931396484375,-342.1309814453125,-462.54302978515625,-427.1136474609375,-360.2978515625,-389.5501708984375,-614.4329833984375,-430.82867431640625,-611.2520751953125,-384.07781982421875,-298.08697509765625,-415.56329345703125,-484.63653564453125,-412.2403564453125,-595.5184326171875,-462.23077392578125,-264.363525390625,-351.89910888671875,-457.84967041015625,-277.7081298828125,-299.8883056640625,-307.788330078125,-407.1328125,-409.89959716796875,-513.5076293945312,-721.9932861328125,-565.2279052734375,-359.75286865234375,-447.62152099609375,-334.30902099609375,-372.93463134765625,-451.9329833984375,-410.47296142578125,-523.6300048828125,-741.5672607421875,-2183.60302734375,-1373.7998046875,-520.53564453125,-529.27294921875,-512.2559204101562,-553.70947265625,-597.8870849609375,-648.0943603515625,-791.5926513671875,-744.7635498046875,-581.2276611328125,-692.7611083984375,-547.9351806640625,-635.8406982421875,-690.0408935546875,-535.4117431640625,-595.140625,-702.6392822265625,-649.2811279296875,-653.0950927734375,-656.6229248046875,-617.5125732421875,-732.75244140625,-614.5069580078125,-561.5250244140625,-485.675537109375,-655.880615234375,-524.3502197265625,-508.70306396484375,-589.5911865234375,-1067.3187255859375,-488.0450439453125,-473.0574951171875,-569.5692138671875
"S97",79.55276489257812,189.0709228515625,247.27435302734375,221.41702270507812,215.21786499023438,257.2772674560547,266.96595764160156,202.18667602539062,248.46792602539062,228.14181518554688,250.0552520751953,234.02883911132812,240.33505249023438,261.9379425048828,241.4915771484375,264.6674499511719,264.2965087890625,238.91265869140625,276.4855651855469,277.76548767089844,279.67893981933594,284.64881896972656,284.14659118652344,283.4273681640625,282.60023498535156,281.44932556152344,280.11741638183594,278.60316467285156,276.7380676269531,274.5868377685547,272.0043640136719,269.0928955078125,265.8313903808594,262.1862487792969,258.0150451660156,253.38719177246094,248.2628936767578,242.70147705078125,236.66317749023438,230.2762451171875,223.290771484375,215.90518188476562,208.23724365234375,200.10858154296875,191.4925537109375,182.64688110351562,173.55532836914062,155.91934204101562,154.75665283203125,144.9649658203125,72.99609375,118.80722045898438,113.726806640625,-100.5106201171875,91.27212524414062,79.74209594726562,17.653839111328125,54.370361328125,40.63995361328125,27.155487060546875,14.095977783203125,-0.199066162109375,-15.17608642578125,-30.7806396484375,-46.685791015625,-63.1717529296875,-80.16632080078125,-97.51507568359375,-115.50653076171875,-133.16748046875,-151.42315673828125,-169.69921875,-187.70489501953125,-205.0699462890625,-221.87506103515625,-238.83648681640625,-255.54095458984375,-271.69830322265625,-287.05010986328125,-301.99468994140625,-316.3653564453125,-330.0189208984375,-343.1700439453125,-355.85137939453125,-366.94830322265625,-377.309326171875,-387.522705078125,-396.38372802734375,-404.6043701171875,-411.6231689453125,-418.08477783203125,-423.2364501953125,-427.2425537109375,-430.04974365234375,-431.5394287109375,-431.78533935546875,-430.56341552734375,-428.1639404296875,-423.86602783203125,-418.05908203125,-411.33343505859375,-403.5924072265625,-394.163330078125,-383.85101318359375,-372.091064453125,-359.77960205078125,-346.93975830078125,-333.470703125,-319.5372314453125,-304.699951171875,-288.95343017578125,-272.94073486328125,-256.44384765625,-239.54559326171875,-222.69586181640625,-204.84454345703125,-186.9671630859375,-168.85089111328125,-150.54296875,-185.5313720703125,-112.8289794921875,-93.6396484375,-74.36090087890625,-55.5277099609375,-76.70111083984375,-76.77215576171875,-245.564208984375,16.9813232421875,33.840789794921875,-12.888916015625,-10.41387939453125,10.89166259765625,59.7940673828125,-24.6060791015625,63.995941162109375,64.94943237304688,18.366485595703125,124.13949584960938,99.04107666015625,-16.2869873046875,113.97573852539062
"S98",240.0291748046875,245.26808166503906,250.30084228515625,255.05027770996094,259.3665771484375,263.52630615234375,267.1281433105469,270.52178955078125,273.3490447998047,275.84112548828125,278.09388732910156,280.02174377441406,281.76031494140625,283.1807556152344,284.0057830810547,284.66575622558594,285.150634765625,285.3539733886719,285.41954040527344,285.2607727050781,285.0735321044922,284.64881896972656,284.14659118652344,283.4273681640625,282.60023498535156,281.44932556152344,280.11741638183594,278.60316467285156,276.7380676269531,274.5868377685547,272.0043640136719,269.0928955078125,265.8313903808594,262.1862487792969,258.0150451660156,253.38719177246094,248.2628936767578,242.70147705078125,236.66317749023438,230.2762451171875,223.290771484375,215.90518188476562,208.23724365234375,200.10858154296875,191.4925537109375,182.64688110351562,173.55532836914062,164.07626342773438,154.75665283203125,144.9649658203125,134.77523803710938,124.44754028320312,113.726806640625,102.48599243164062,91.27212524414062,79.74209594726562,67.39578247070312,54.370361328125,40.63995361328125,27.155487060546875,14.095977783203125,-0.199066162109375,-15.17608642578125,-30.7806396484375,-46.685791015625,-63.1717529296875,-80.16632080078125,-97.51507568359375,-115.50653076171875,-133.16748046875,-151.42315673828125,-169.69921875,-187.70489501953125,-205.0699462890625,-221.87506103515625,-238.83648681640625,-255.54095458984375,-271.69830322265625,-287.05010986328125,-301.99468994140625,-316.3653564453125,-330.0189208984375,-343.1700439453125,-355.85137939453125,-366.94830322265625,-377.309326171875,-387.522705078125,-396.38372802734375,-404.6043701171875,-411.6231689453125,-418.08477783203125,-423.2364501953125,-427.2425537109375,-430.04974365234375,-431.5394287109375,-431.78533935546875,-430.56341552734375,-428.1639404296875,-423.86602783203125,-418.05908203125,-411.33343505859375,-403.5924072265625,-394.163330078125,-383.85101318359375,-372.091064453125,-359.77960205078125,-346.93975830078125,-333.470703125,-319.5372314453125,-304.699951171875,-288.95343017578125,-272.94073486328125,-256.44384765625,-239.54559326171875,-222.69586181640625,-204.84454345703125,-186.9671630859375,-168.85089111328125,-150.54296875,-131.8648681640625,-112.8289794921875,-93.6396484375,-74.36090087890625,-55.5277099609375,-37.3572998046875,-18.62164306640625,-0.3443603515625,16.9813232421875,33.840789794921875,50.29644775390625,65.65933227539062,80.69873046875,95.04489135742188,108.5767822265625,121.3974609375,133.66748046875,145.3812255859375,156.23312377929688,166.35250854492188,175.83755493164062,185.03961181640625
"S99",97.80880737304688,106.11129760742188,114.07574462890625,121.66781616210938,128.65716552734375,135.40219116210938,141.30270385742188,146.94259643554688,151.66830444335938,155.89627075195312,159.76040649414062,163.11370849609375,166.12628173828125,168.67837524414062,170.28201293945312,171.6082763671875,172.62249755859375,173.22735595703125,173.55953979492188,173.55755615234375,173.499755859375,173.08212280273438,172.55560302734375,171.69281005859375,170.7005615234375,169.23562622070312,167.56402587890625,165.6025390625,163.17074584960938,160.32806396484375,156.8790283203125,152.96771240234375,148.54315185546875,143.56451416015625,137.85494995117188,131.48260498046875,124.35092163085938,116.56756591796875,108.08963012695312,99.03091430664062,89.06198120117188,78.4730224609375,67.37884521484375,55.583892822265625,42.991363525390625,29.944549560546875,16.53369140625,2.466217041015625,-11.4178466796875,-26.03717041015625,-41.2073974609375,-56.610107421875,-72.61407470703125,-89.29949951171875,-105.9981689453125,-123.0657958984375,-141.2830810546875,-160.4979248046875,-180.6888427734375,-200.510986328125,-219.74224853515625,-240.78582763671875,-262.852783203125,-285.92669677734375,-309.478759765625,-334.00872802734375,-359.34930419921875,-385.3851318359375,-412.40264892578125,-439.18914794921875,-466.96533203125,-494.87841796875,-522.5130615234375,-549.325927734375,-575.4794921875,-601.93505859375,-628.091796875,-653.4742431640625,-677.748779296875,-701.4293212890625,-724.23779296875,-746.0401611328125,-767.1361083984375,-787.37890625,-805.371337890625,-822.3173828125,-838.9913330078125,-853.8184814453125,-867.7449951171875,-879.893798828125,-891.318603515625,-900.8157958984375,-908.6807861328125,-914.90576171875,-919.2225341796875,-921.6324462890625,-921.8590087890625,-920.37109375,-915.93798828125,-909.1944580078125,-900.813232421875,-890.8624267578125,-878.278564453125,-864.1077880859375,-847.62158203125,-830.1785888671875,-811.8541259765625,-792.363037109375,-772.1474609375,-750.38720703125,-727.17431640625,-703.51904296875,-679.0775146484375,-653.9180908203125,-628.848388671875,-602.202880859375,-575.419677734375,-548.254150390625,-520.6910400390625,-492.4344482421875,-463.5755615234375,-434.37738037109375,-404.828125,-375.866943359375,-347.795654296875,-318.69671630859375,-290.174560546875,-262.9326171875,-236.36871337890625,-210.27667236328125,-185.889404296875,-161.8848876953125,-138.96484375,-117.25897216796875,-96.62701416015625,-76.87420654296875,-58.005615234375,-40.55181884765625,-24.27264404296875,-9.03680419921875,5.697479248046875
"S100",97.80880737304688,106.11129760742188,114.07574462890625,121.66781616210938,128.65716552734375,135.40219116210938,141.30270385742188,146.94259643554688,151.66830444335938,155.89627075195312,159.76040649414062,163.11370849609375,166.12628173828125,168.67837524414062,170.28201293945312,171.6082763671875,172.62249755859375,173.22735595703125,173.55953979492188,173.55755615234375,173.499755859375,173.08212280273438,172.55560302734375,171.69281005859375,170.7005615234375,169.23562622070312,167.56402587890625,165.6025390625,163.17074584960938,160.32806396484375,156.8790283203125,152.96771240234375,148.54315185546875,143.56451416015625,137.85494995117188,131.48260498046875,124.35092163085938,116.56756591796875,108.08963012695312,99.03091430664062,89.06198120117188,78.4730224609375,67.37884521484375,55.583892822265625,42.991363525390625,29.944549560546875,16.53369140625,2.466217041015625,-11.4178466796875,-26.03717041015625,-41.2073974609375,-56.610107421875,-72.61407470703125,-89.29949951171875,-105.9981689453125,-123.0657958984375,-141.2830810546875,-160.4979248046875,-180.6888427734375,-200.510986328125,-219.74224853515625,-240.78582763671875,-262.852783203125,-285.92669677734375,-309.478759765625,-334.00872802734375,-359.34930419921875,-385.3851318359375,-412.40264892578125,-439.18914794921875,-466.96533203125,-494.87841796875,-522.5130615234375,-549.325927734375,-575.4794921875,-601.93505859375,-628.091796875,-653.4742431640625,-677.748779296875,-701.4293212890625,-724.23779296875,-746.0401611328125,-767.1361083984375,-787.37890625,-805.371337890625,-822.3173828125,-838.9913330078125,-853.8184814453125,-867.7449951171875,-879.893798828125,-891.318603515625,-900.8157958984375,-908.6807861328125,-914.90576171875,-919.2225341796875,-921.6324462890625,-921.8590087890625,-920.37109375,-915.93798828125,-909.1944580078125,-900.813232421875,-890.8624267578125,-878.278564453125,-864.1077880859375,-847.62158203125,-830.1785888671875,-811.8541259765625,-792.363037109375,-772.1474609375,-750.38720703125,-727.17431640625,-703.51904296875,-679.0775146484375,-653.9180908203125,-628.848388671875,-602.202880859375,-575.419677734375,-548.254150390625,-520.6910400390625,-492.4344482421875,-463.5755615234375,-434.37738037109375,-404.828125,-375.866943359375,-347.795654296875,-318.69671630859375,-290.174560546875,-262.9326171875,-236.36871337890625,-210.27667236328125,-185.889404296875,-161.8848876953125,-138.96484375,-117.25897216796875,-96.62701416015625,-76.87420654296875,-58.005615234375,-40.55181884765625,-24.27264404296875,-9.03680419921875,5.697479248046875
"S101",-Infinity,-Infinity,-Infinity,-Infinity,-Infinity,-Infinity,-Infinity,-Infinity,-Infinity,-Infinity,-Infinity,-Infinity,-Infinity,-Infinity,-Infinity,-Infinity,-Infinity,-Infinity,-Infinity,-Infinity,-Infinity,-Infinity,-Infinity,-Infinity,-Infinity,-Infinity,-Infinity,-Infinity,-Infinity,-Infinity,-Infinity,-Infinity,-Infinity,-Infinity,-Infinity,-Infinity,-Infinity,-Infinity,-Infinity,-Infinity,-Infinity,-Infinity,-Infinity,-Infinity,-Infinity,-Infinity,-Infinity,-Infinity,-Infinity,-Infinity,-Infinity,-Infinity,-Infinity,-Infinity,-Infinity,-Infinity,-Infinity,-Infinity,-Infinity,-Infinity,-Infinity,-Infinity,-Infinity,-Infinity,-Infinity,-Infinity,-Infinity,-Infinity,-Infinity,-Infinity,-Infinity,-Infinity,-Infinity,-Infinity,-Infinity,-Infinity,-Infinity,-Infinity,-Infinity,-Infinity,-Infinity,-Infinity,-Infinity,-Infinity,-Infinity,-Infinity,-Infinity,-Infinity,-Infinity,-Infinity,-Infinity,-Infinity,-Infinity,-Infinity,-Infinity,-Infinity,-Infinity,-Infinity,-Infinity,-Infinity,-Infinity,-Infinity,-Infinity,-Infinity,-Infinity,-Infinity,-Infinity,-Infinity,-Infinity,-Infinity,-Infinity,-Infinity,-Infinity,-Infinity,-Infinity,-Infinity,-Infinity,-Infinity,-Infinity,-Infinity,-Infinity,-Infinity,-Infinity,-Infinity,-Infinity,-Infinity,-Infinity,-Infinity,-Infinity,-Infinity,-Infinity,-Infinity,-Infinity,-Infinity,-Infinity,-Infinity,-Infinity,-Infinity,-Infinity,-Infinity,-Infinity
"S102",-Infinity,-Infinity,-Infinity,-Infinity,-Infinity,-Infinity,-Infinity,-Infinity,-Infinity,-Infinity,-Infinity,-Infinity,-Infinity,-Infinity,-Infinity,-Infinity,-Infinity,-Infinity,-Infinity,-Infinity,-Infinity,-Infinity,-Infinity,-Infinity,-Infinity,-Infinity,-Infinity,-Infinity,-Infinity,-Infinity,-Infinity,-Infinity,-Infinity,-Infinity,-Infinity,-Infinity,-Infinity,-Infinity,-Infinity,-Infinity,-Infinity,-Infinity,-Infinity,-Infinity,-Infinity,-Infinity,-Infinity,-Infinity,-Infinity,-Infinity,-Infinity,-Infinity,-Infinity,-Infinity,-Infinity,-Infinity,-Infinity,-Infinity,-Infinity,-Infinity,-Infinity,-Infinity,-Infinity,-Infinity,-Infinity,-Infinity,-Infinity,-Infinity,-Infinity,-Infinity,-Infinity,-Infinity,-Infinity,-Infinity,-Infinity,-Infinity,-Infinity,-Infinity,-Infinity,-Infinity,-Infinity,-Infinity,-Infinity,-Infinity,-Infinity,-Infinity,-Infinity,-Infinity,-Infinity,-Infinity,-Infinity,-Infinity,-Infinity,-Infinity,-Infinity,-Infinity,-Infinity,-Infinity,-Infinity,-Infinity,-Infinity,-Infinity,-Infinity,-Infinity,-Infinity,-Infinity,-Infinity,-Infinity,-Infinity,-Infinity,-Infinity,-Infinity,-Infinity,-Infinity,-Infinity,-Infinity,-Infinity,-Infinity,-Infinity,-Infinity,-Infinity,-Infinity,-Infinity,-Infinity,-Infinity,-Infinity,-Infinity,-Infinity,-Infinity,-Infinity,-Infinity,-Infinity,-Infinity,-Infinity,-Infinity,-Infinity,-Infinity,-Infinity,-Infinity,-Infinity,-Infinity
"S103",-Infinity,-Infinity,-Infinity,-Infinity,-Infinity,-Infinity,-Infinity,-Infinity,-Infinity,-Infinity,-Infinity,-Infinity,-Infinity,-Infinity,-Infinity,-Infinity,-Infinity,-Infinity,-Infinity,-Infinity,-Infinity,-Infinity,-Infinity,-Infinity,-Infinity,-Infinity,-Infinity,-Infinity,-Infinity,-Infinity,-Infinity,-Infinity,-Infinity,-Infinity,-Infinity,-Infinity,-Infinity,-Infinity,-Infinity,-Infinity,-Infinity,-Infinity,-Infinity,-Infinity,-Infinity,-Infinity,-Infinity,-Infinity,-Infinity,-Infinity,-Infinity,-Infinity,-Infinity,-Infinity,-Infinity,-Infinity,-Infinity,-Infinity,-Infinity,-Infinity,-Infinity,-Infinity,-Infinity,-Infinity,-Infinity,-Infinity,-Infinity,-Infinity,-Infinity,-Infinity,-Infinity,-Infinity,-Infinity,-Infinity,-Infinity,-Infinity,-Infinity,-Infinity,-Infinity,-Infinity,-Infinity,-Infinity,-Infinity,-Infinity,-Infinity,-Infinity,-Infinity,-Infinity,-Infinity,-Infinity,-Infinity,-Infinity,-Infinity,-Infinity,-Infinity,-Infinity,-Infinity,-Infinity,-Infinity,-Infinity,-Infinity,-Infinity,-Infinity,-Infinity,-Infinity,-Infinity,-Infinity,-Infinity,-Infinity,-Infinity,-Infinity,-Infinity,-Infinity,-Infinity,-Infinity,-Infinity,-Infinity,-Infinity,-Infinity,-Infinity,-Infinity,-Infinity,-Infinity,-Infinity,-Infinity,-Infinity,-Infinity,-Infinity,-Infinity,-Infinity,-Infinity,-Infinity,-Infinity,-Infinity,-Infinity,-Infinity,-Infinity,-Infinity,-Infinity,-Infinity,-Infinity
"S104",-Infinity,-Infinity,-Infinity,-Infinity,-Infinity,-Infinity,-Infinity,-Infinity,-Infinity,-Infinity,-Infinity,-Infinity,-Infinity,-Infinity,-Infinity,-Infinity,-Infinity,-Infinity,-Infinity,-Infinity,-Infinity,-Infinity,-Infinity,-Infinity,-Infinity,-Infinity,-Infinity,-Infinity,-Infinity,-Infinity,-Infinity,-Infinity,-Infinity,-Infinity,-Infinity,-Infinity,-Infinity,-Infinity,-Infinity,-Infinity,-Infinity,-Infinity,-Infinity,-Infinity,-Infinity,-Infinity,-Infinity,-Infinity,-Infinity,-Infinity,-Infinity,-Infinity,-Infinity,-Infinity,-Infinity,-Infinity,-Infinity,-Infinity,-Infinity,-Infinity,-Infinity,-Infinity,-Infinity,-Infinity,-Infinity,-Infinity,-Infinity,-Infinity,-Infinity,-Infinity,-Infinity,-Infinity,-Infinity,-Infinity,-Infinity,-Infinity,-Infinity,-Infinity,-Infinity,-Infinity,-Infinity,-Infinity,-Infinity,-Infinity,-Infinity,-Infinity,-Infinity,-Infinity,-Infinity,-Infinity,-Infinity,-Infinity,-Infinity,-Infinity,-Infinity,-Infinity,-Infinity,-Infinity,-Infinity,-Infinity,-Infinity,-Infinity,-Infinity,-Infinity,-Infinity,-Infinity,-Infinity,-Infinity,-Infinity,-Infinity,-Infinity,-Infinity,-Infinity,-Infinity,-Infinity,-Infinity,-Infinity,-Infinity,-Infinity,-Infinity,-Infinity,-Infinity,-Infinity,-Infinity,-Infinity,-Infinity,-Infinity,-Infinity,-Infinity,-Infinity,-Infinity,-Infinity,-Infinity,-Infinity,-Infinity,-Infinity,-Infinity,-Infinity,-Infinity,-Infinity,-Infinity
"S105",-Infinity,-Infinity,-Infinity,-Infinity,-Infinity,-Infinity,-Infinity,-Infinity,-Infinity,-Infinity,-Infinity,-Infinity,-Infinity,-Infinity,-Infinity,-Infinity,-Infinity,-Infinity,-Infinity,-Infinity,-Infinity,-Infinity,-Infinity,-Infinity,-Infinity,-Infinity,-Infinity,-Infinity,-Infinity,-Infinity,-Infinity,-Infinity,-Infinity,-Infinity,-Infinity,-Infinity,-Infinity,-Infinity,-Infinity,-Infinity,-Infinity,-Infinity,-Infinity,-Infinity,-Infinity,-Infinity,-Infinity,-Infinity,-Infinity,-Infinity,-Infinity,-Infinity,-Infinity,-Infinity,-Infinity,-Infinity,-Infinity,-Infinity,-Infinity,-Infinity,-Infinity,-Infinity,-Infinity,-Infinity,-Infinity,-Infinity,-Infinity,-Infinity,-Infinity,-Infinity,-Infinity,-Infinity,-Infinity,-Infinity,-Infinity,-Infinity,-Infinity,-Infinity,-Infinity,-Infinity,-Infinity,-Infinity,-Infinity,-Infinity,-Infinity,-Infinity,-Infinity,-Infinity,-Infinity,-Infinity,-Infinity,-Infinity,-Infinity,-Infinity,-Infinity,-Infinity,-Infinity,-Infinity,-Infinity,-Infinity,-Infinity,-Infinity,-Infinity,-Infinity,-Infinity,-Infinity,-Infinity,-Infinity,-Infinity,-Infinity,-Infinity,-Infinity,-Infinity,-Infinity,-Infinity,-Infinity,-Infinity,-Infinity,-Infinity,-Infinity,-Infinity,-Infinity,-Infinity,-Infinity,-Infinity,-Infinity,-Infinity,-Infinity,-Infinity,-Infinity,-Infinity,-Infinity,-Infinity,-Infinity,-Infinity,-Infinity,-Infinity,-Infinity,-Infinity,-Infinity,-Infinity
"S106",-Infinity,-Infinity,-Infinity,-Infinity,-Infinity,-Infinity,-Infinity,-Infinity,-Infinity,-Infinity,-Infinity,-Infinity,-Infinity,-Infinity,-Infinity,-Infinity,-Infinity,-Infinity,-Infinity,-Infinity,-Infinity,-Infinity,-Infinity,-Infinity,-Infinity,-Infinity,-Infinity,-Infinity,-Infinity,-Infinity,-Infinity,-Infinity,-Infinity,-Infinity,-Infinity,-Infinity,-Infinity,-Infinity,-Infinity,-Infinity,-Infinity,-Infinity,-Infinity,-Infinity,-Infinity,-Infinity,-Infinity,-Infinity,-Infinity,-Infinity,-Infinity,-Infinity,-Infinity,-Infinity,-Infinity,-Infinity,-Infinity,-Infinity,-Infinity,-Infinity,-Infinity,-Infinity,-Infinity,-Infinity,-Infinity,-Infinity,-Infinity,-Infinity,-Infinity,-Infinity,-Infinity,-Infinity,-Infinity,-Infinity,-Infinity,-Infinity,-Infinity,-Infinity,-Infinity,-Infinity,-Infinity,-Infinity,-Infinity,-Infinity,-Infinity,-Infinity,-Infinity,-Infinity,-Infinity,-Infinity,-Infinity,-Infinity,-Infinity,-Infinity,-Infinity,-Infinity,-Infinity,-Infinity,-Infinity,-Infinity,-Infinity,-Infinity,-Infinity,-Infinity,-Infinity,-Infinity,-Infinity,-Infinity,-Infinity,-Infinity,-Infinity,-Infinity,-Infinity,-Infinity,-Infinity,-Infinity,-Infinity,-Infinity,-Infinity,-Infinity,-Infinity,-Infinity,-Infinity,-Infinity,-Infinity,-Infinity,-Infinity,-Infinity,-Infinity,-Infinity,-Infinity,-Infinity,-Infinity,-Infinity,-Infinity,-Infinity,-Infinity,-Infinity,-Infinity,-Infinity,-Infinity
"S107",-Infinity,-Infinity,-Infinity,-Infinity,-Infinity,-Infinity,-Infinity,-Infinity,-Infinity,-Infinity,-Infinity,-Infinity,-Infinity,-Infinity,-Infinity,-Infinity,-Infinity,-Infinity,-Infinity,-Infinity,-Infinity,-Infinity,-Infinity,-Infinity,-Infinity,-Infinity,-Infinity,-Infinity,-Infinity,-Infinity,-Infinity,-Infinity,-Infinity,-Infinity,-Infinity,-Infinity,-Infinity,-Infinity,-Infinity,-Infinity,-Infinity,-Infinity,-Infinity,-Infinity,-Infinity,-Infinity,-Infinity,-Infinity,-Infinity,-Infinity,-Infinity,-Infinity,-Infinity,-Infinity,-Infinity,-Infinity,-Infinity,-Infinity,-Infinity,-Infinity,-Infinity,-Infinity,-Infinity,-Infinity,-Infinity,-Infinity,-Infinity,-Infinity,-Infinity,-Infinity,-Infinity,-Infinity,-Infinity,-Infinity,-Infinity,-Infinity,-Infinity,-Infinity,-Infinity,-Infinity,-Infinity,-Infinity,-Infinity,-Infinity,-Infinity,-Infinity,-Infinity,-Infinity,-Infinity,-Infinity,-Infinity,-Infinity,-Infinity,-Infinity,-Infinity,-Infinity,-Infinity,-Infinity,-Infinity,-Infinity,-Infinity,-Infinity,-Infinity,-Infinity,-Infinity,-Infinity,-Infinity,-Infinity,-Infinity,-Infinity,-Infinity,-Infinity,-Infinity,-Infinity,-Infinity,-Infinity,-Infinity,-Infinity,-Infinity,-Infinity,-Infinity,-Infinity,-Infinity,-Infinity,-Infinity,-Infinity,-Infinity,-Infinity,-Infinity,-Infinity,-Infinity,-Infinity,-Infinity,-Infinity,-Infinity,-Infinity,-Infinity,-Infinity,-Infinity,-Infinity,-Infinity
"S108",-Infinity,-Infinity,-Infinity,-Infinity,-Infinity,-Infinity,-Infinity,-Infinity,-Infinity,-Infinity,-Infinity,-Infinity,-Infinity,-Infinity,-Infinity,-Infinity,-Infinity,-Infinity,-Infinity,-Infinity,-Infinity,-Infinity,-Infinity,-Infinity,-Infinity,-Infinity,-Infinity,-Infinity,-Infinity,-Infinity,-Infinity,-Infinity,-Infinity,-Infinity,-Infinity,-Infinity,-Infinity,-Infinity,-Infinity,-Infinity,-Infinity,-Infinity,-Infinity,-Infinity,-Infinity,-Infinity,-Infinity,-Infinity,-Infinity,-Infinity,-Infinity,-Infinity,-Infinity,-Infinity,-Infinity,-Infinity,-Infinity,-Infinity,-Infinity,-Infinity,-Infinity,-Infinity,-Infinity,-Infinity,-Infinity,-Infinity,-Infinity,-Infinity,-Infinity,-Infinity,-Infinity,-Infinity,-Infinity,-Infinity,-Infinity,-Infinity,-Infinity,-Infinity,-Infinity,-Infinity,-Infinity,-Infinity,-Infinity,-Infinity,-Infinity,-Infinity,-Infinity,-Infinity,-Infinity,-Infinity,-Infinity,-Infinity,-Infinity,-Infinity,-Infinity,-Infinity,-Infinity,-Infinity,-Infinity,-Infinity,-Infinity,-Infinity,-Infinity,-Infinity,-Infinity,-Infinity,-Infinity,-Infinity,-Infinity,-Infinity,-Infinity,-Infinity,-Infinity,-Infinity,-Infinity,-Infinity,-Infinity,-Infinity,-Infinity,-Infinity,-Infinity,-Infinity,-Infinity,-Infinity,-Infinity,-Infinity,-Infinity,-Infinity,-Infinity,-Infinity,-Infinity,-Infinity,-Infinity,-Infinity,-Infinity,-Infinity,-Infinity,-Infinity,-Infinity,-Infinity,-Infinity
"S109",-Infinity,-Infinity,-Infinity,-Infinity,-Infinity,-Infinity,-Infinity,-Infinity,-Infinity,-Infinity,-Infinity,-Infinity,-Infinity,-Infinity,-Infinity,-Infinity,-Infinity,-Infinity,-Infinity,-Infinity,-Infinity,-Infinity,-Infinity,-Infinity,-Infinity,-Infinity,-Infinity,-Infinity,-Infinity,-Infinity,-Infinity,-Infinity,-Infinity,-Infinity,-Infinity,-Infinity,-Infinity,-Infinity,-Infinity,-Infinity,-Infinity,-Infinity,-Infinity,-Infinity,-Infinity,-Infinity,-Infinity,-Infinity,-Infinity,-Infinity,-Infinity,-Infinity,-Infinity,-Infinity,-Infinity,-Infinity,-Infinity,-Infinity,-Infinity,-Infinity,-Infinity,-Infinity,-Infinity,-Infinity,-Infinity,-Infinity,-Infinity,-Infinity,-Infinity,-Infinity,-Infinity,-Infinity,-Infinity,-Infinity,-Infinity,-Infinity,-Infinity,-Infinity,-Infinity,-Infinity,-Infinity,-Infinity,-Infinity,-Infinity,-Infinity,-Infinity,-Infinity,-Infinity,-Infinity,-Infinity,-Infinity,-Infinity,-Infinity,-Infinity,-Infinity,-Infinity,-Infinity,-Infinity,-Infinity,-Infinity,-Infinity,-Infinity,-Infinity,-Infinity,-Infinity,-Infinity,-Infinity,-Infinity,-Infinity,-Infinity,-Infinity,-Infinity,-Infinity,-Infinity,-Infinity,-Infinity,-Infinity,-Infinity,-Infinity,-Infinity,-Infinity,-Infinity,-Infinity,-Infinity,-Infinity,-Infinity,-Infinity,-Infinity,-Infinity,-Infinity,-Infinity,-Infinity,-Infinity,-Infinity,-Infinity,-Infinity,-Infinity,-Infinity,-Infinity,-Infinity,-Infinity
"S110",-Infinity,-Infinity,-Infinity,-Infinity,-Infinity,-Infinity,-Infinity,-Infinity,-Infinity,-Infinity,-Infinity,-Infinity,-Infinity,-Infinity,-Infinity,-Infinity,-Infinity,-Infinity,-Infinity,-Infinity,-Infinity,-Infinity,-Infinity,-Infinity,-Infinity,-Infinity,-Infinity,-Infinity,-Infinity,-Infinity,-Infinity,-Infinity,-Infinity,-Infinity,-Infinity,-Infinity,-Infinity,-Infinity,-Infinity,-Infinity,-Infinity,-Infinity,-Infinity,-Infinity,-Infinity,-Infinity,-Infinity,-Infinity,-Infinity,-Infinity,-Infinity,-Infinity,-Infinity,-Infinity,-Infinity,-Infinity,-Infinity,-Infinity,-Infinity,-Infinity,-Infinity,-Infinity,-Infinity,-Infinity,-Infinity,-Infinity,-Infinity,-Infinity,-Infinity,-Infinity,-Infinity,-Infinity,-Infinity,-Infinity,-Infinity,-Infinity,-Infinity,-Infinity,-Infinity,-Infinity,-Infinity,-Infinity,-Infinity,-Infinity,-Infinity,-Infinity,-Infinity,-Infinity,-Infinity,-Infinity,-Infinity,-Infinity,-Infinity,-Infinity,-Infinity,-Infinity,-Infinity,-Infinity,-Infinity,-Infinity,-Infinity,-Infinity,-Infinity,-Infinity,-Infinity,-Infinity,-Infinity,-Infinity,-Infinity,-Infinity,-Infinity,-Infinity,-Infinity,-Infinity,-Infinity,-Infinity,-Infinity,-Infinity,-Infinity,-Infinity,-Infinity,-Infinity,-Infinity,-Infinity,-Infinity,-Infinity,-Infinity,-Infinity,-Infinity,-Infinity,-Infinity,-Infinity,-Infinity,-Infinity,-Infinity,-Infinity,-Infinity,-Infinity,-Infinity,-Infinity,-Infinity
"S111",-Infinity,-Infinity,-Infinity,-Infinity,-Infinity,-Infinity,-Infinity,-Infinity,-Infinity,-Infinity,-Infinity,-Infinity,-Infinity,-Infinity,-Infinity,-Infinity,-Infinity,-Infinity,-Infinity,-Infinity,-Infinity,-Infinity,-Infinity,-Infinity,-Infinity,-Infinity,-Infinity,-Infinity,-Infinity,-Infinity,-Infinity,-Infinity,-Infinity,-Infinity,-Infinity,-Infinity,-Infinity,-Infinity,-Infinity,-Infinity,-Infinity,-Infinity,-Infinity,-Infinity,-Infinity,-Infinity,-Infinity,-Infinity,-Infinity,-Infinity,-Infinity,-Infinity,-Infinity,-Infinity,-Infinity,-Infinity,-Infinity,-Infinity,-Infinity,-Infinity,-Infinity,-Infinity,-Infinity,-Infinity,-Infinity,-Infinity,-Infinity,-Infinity,-Infinity,-Infinity,-Infinity,-Infinity,-Infinity,-Infinity,-Infinity,-Infinity,-Infinity,-Infinity,-Infinity,-Infinity,-Infinity,-Infinity,-Infinity,-Infinity,-Infinity,-Infinity,-Infinity,-Infinity,-Infinity,-Infinity,-Infinity,-Infinity,-Infinity,-Infinity,-Infinity,-Infinity,-Infinity,-Infinity,-Infinity,-Infinity,-Infinity,-Infinity,-Infinity,-Infinity,-Infinity,-Infinity,-Infinity,-Infinity,-Infinity,-Infinity,-Infinity,-Infinity,-Infinity,-Infinity,-Infinity,-Infinity,-Infinity,-Infinity,-Infinity,-Infinity,-Infinity,-Infinity,-Infinity,-Infinity,-Infinity,-Infinity,-Infinity,-Infinity,-Infinity,-Infinity,-Infinity,-Infinity,-Infinity,-Infinity,-Infinity,-Infinity,-Infinity,-Infinity,-Infinity,-Infinity,-Infinity
"S112",-Infinity,-Infinity,-Infinity,-Infinity,-Infinity,-Infinity,-Infinity,-Infinity,-Infinity,-Infinity,-Infinity,-Infinity,-Infinity,-Infinity,-Infinity,-Infinity,-Infinity,-Infinity,-Infinity,-Infinity,-Infinity,-Infinity,-Infinity,-Infinity,-Infinity,-Infinity,-Infinity,-Infinity,-Infinity,-Infinity,-Infinity,-Infinity,-Infinity,-Infinity,-Infinity,-Infinity,-Infinity,-Infinity,-Infinity,-Infinity,-Infinity,-Infinity,-Infinity,-Infinity,-Infinity,-Infinity,-Infinity,-Infinity,-Infinity,-Infinity,-Infinity,-Infinity,-Infinity,-Infinity,-Infinity,-Infinity,-Infinity,-Infinity,-Infinity,-Infinity,-Infinity,-Infinity,-Infinity,-Infinity,-Infinity,-Infinity,-Infinity,-Infinity,-Infinity,-Infinity,-Infinity,-Infinity,-Infinity,-Infinity,-Infinity,-Infinity,-Infinity,-Infinity,-Infinity,-Infinity,-Infinity,-Infinity,-Infinity,-Infinity,-Infinity,-Infinity,-Infinity,-Infinity,-Infinity,-Infinity,-Infinity,-Infinity,-Infinity,-Infinity,-Infinity,-Infinity,-Infinity,-Infinity,-Infinity,-Infinity,-Infinity,-Infinity,-Infinity,-Infinity,-Infinity,-Infinity,-Infinity,-Infinity,-Infinity,-Infinity,-Infinity,-Infinity,-Infinity,-Infinity,-Infinity,-Infinity,-Infinity,-Infinity,-Infinity,-Infinity,-Infinity,-Infinity,-Infinity,-Infinity,-Infinity,-Infinity,-Infinity,-Infinity,-Infinity,-Infinity,-Infinity,-Infinity,-Infinity,-Infinity,-Infinity,-Infinity,-Infinity,-Infinity,-Infinity,-Infinity,-Infinity
"S113",2.688201904296875,85.68856811523438,128.67254638671875,107.32220458984375,139.85330200195312,147.2705078125,119.69052124023438,137.62863159179688,133.6878662109375,67.31072998046875,166.90982055664062,169.38580322265625,122.62026977539062,173.35427856445312,174.24993896484375,174.92230224609375,175.3489990234375,175.36737060546875,175.19876098632812,174.70941162109375,174.16412353515625,173.26565551757812,172.23321533203125,170.85989379882812,169.29052734375,167.20428466796875,164.79806518554688,162.10250854492188,158.820556640625,155.06320190429688,150.6248779296875,145.64718627929688,140.1097412109375,133.96353149414062,126.9793701171875,119.27783203125,110.8211669921875,101.7109375,91.841552734375,81.49282836914062,70.24822998046875,58.405303955078125,46.19952392578125,33.295989990234375,19.695556640625,5.834503173828125,-8.406158447265625,-23.21063232421875,-37.7166748046875,-123.0191650390625,-91.8182373046875,-177.01934814453125,-275.72125244140625,-150.85107421875,-137.61065673828125,-278.7645263671875,-185.3392333984375,-261.367919921875,-325.07568359375,-237.93695068359375,-258.515625,-327.48583984375,-425.34185791015625,-329.0775146484375,-411.991455078125,-379.6141357421875,-405.940673828125,-432.70245361328125,-460.39739990234375,-487.32763671875,-515.1133422851562,-542.7930908203125,-569.9166259765625,-595.9635009765625,-621.0126953125,-646.2357177734375,-671.0208740234375,-694.9024658203125,-717.4833984375,-739.4244384765625,-760.4979248046875,-780.415283203125,-799.536865234375,-818.0030517578125,-833.951171875,-848.695556640625,-863.23583984375,-875.536376953125,-886.7733154296875,-896.1304931640625,-904.4986572265625,-910.7685546875,-915.25341796875,-917.7557373046875,-918.1910400390625,-916.706787109375,-912.9830322265625,-907.4072265625,-899.052734375,-888.4722900390625,-876.588134765625,-863.2835693359375,-847.465087890625,-830.4814453125,-811.486083984375,-791.7303466796875,-771.2464599609375,-749.9222412109375,-727.9188232421875,-704.6947021484375,-680.1422119140625,-655.1807861328125,-629.4903564453125,-603.271484375,-655.75390625,-549.4765625,-759.2265625,-497.01953125,-537.864990234375,-643.02490234375,-702.473388671875,-536.670654296875,-425.7239990234375,-470.4307861328125,-294.52099609375,-266.59674072265625,-294.230224609375,-323.576416015625,-301.03253173828125,-301.80389404296875,-318.8057861328125,-222.559326171875,-287.4166259765625,-217.95196533203125,-201.08673095703125,-162.75848388671875,-287.81158447265625,-175.5616455078125,-73.21435546875,-231.27496337890625,-213.02410888671875
"S114",-99.8624267578125,-44.923095703125,10.380279541015625,38.203399658203125,4.26898193359375,25.2396240234375,-39.70379638671875,-17.8533935546875,69.0550537109375,56.740478515625,100.1568603515625,146.23477172851562,2.959503173828125,157.99240112304688,21.114044189453125,135.49081420898438,179.60162353515625,158.19674682617188,198.04019165039062,201.92092895507812,184.38519287109375,193.78945922851562,191.88851928710938,190.06613159179688,231.23837280273438,207.94387817382812,226.531494140625,236.90390014648438,258.8652801513672,240.25119018554688,231.96481323242188,231.69107055664062,229.17181396484375,219.73715209960938,246.5068817138672,194.81484985351562,220.88568115234375,209.86538696289062,190.82559204101562,209.11782836914062,141.055419921875,134.37408447265625,139.51077270507812,108.63760375976562,-22.70538330078125,16.02117919921875,-23.4493408203125,-176.45758056640625,-169.20062255859375,-378.65655517578125,-441.20654296875,-480.83770751953125,-720.191162109375,-503.891845703125,-409.89984130859375,-413.18408203125,-349.73779296875,-464.83636474609375,-557.29541015625,-380.37567138671875,-371.9866943359375,-575.3277587890625,-830.8197021484375,-624.0933837890625,-846.0885009765625,-600.006103515625,-539.062744140625,-656.4273681640625,-561.094970703125,-474.67730712890625,-570.59130859375,-562.8106689453125,-533.380126953125,-806.87841796875,-565.8380126953125,-625.0633544921875,-766.8214111328125,-581.1622314453125,-722.9659423828125,-713.193115234375,-601.914794921875,-821.96630859375,-568.3624267578125,-777.07763671875,-968.670166015625,-865.593505859375,-796.9937744140625,-597.092041015625,-522.8187255859375,-790.0838623046875,-696.1453857421875,-730.23876953125,-632.41455078125,-578.5859375,-546.6964111328125,-744.7838134765625,-713.3544921875,-1020.942626953125,-932.143310546875,-1047.315673828125,-910.1944580078125,-773.6217041015625,-1080.74853515625,-929.1976318359375,-1019.3629150390625,-896.4483642578125,-1229.7967529296875,-1079.78564453125,-1098.226806640625,-1065.438232421875,-958.08056640625,-1036.594970703125,-1015.484619140625,-1084.6986083984375,-924.28857421875,-908.66796875,-1230.371337890625,-991.0283203125,-1058.5189208984375,-949.1212158203125,-924.38720703125,-1053.5601806640625,-577.14453125,-611.802978515625,-523.5216064453125,-510.80389404296875,-522.174072265625,-497.5496826171875,-399.780517578125,-530.3216552734375,-365.46722412109375,-368.78497314453125,-354.33489990234375,-334.22943115234375,-198.0234375,-207.61572265625,-437.20538330078125,-241.70953369140625,-231.972412109375,-270.0308837890625,-369.64044189453125
"S115",56.7960205078125,25.797332763671875,44.04278564453125,41.591278076171875,36.29510498046875,109.02230834960938,135.76531982421875,158.75228881835938,142.22879028320312,198.596923828125,198.12112426757812,207.87655639648438,221.06552124023438,232.59451293945312,218.57546997070312,229.79672241210938,234.33499145507812,210.03668212890625,234.66213989257812,261.08860778808594,255.3137969970703,275.2281494140625,273.3759002685547,269.8477325439453,286.51251220703125,273.14759826660156,288.9774627685547,288.0042419433594,285.4976806640625,288.91619873046875,267.7298278808594,277.58924865722656,262.49681091308594,269.9383087158203,268.7097473144531,239.60025024414062,265.87193298339844,240.41937255859375,234.8076171875,242.25326538085938,160.17855834960938,201.65090942382812,181.75225830078125,194.77349853515625,97.78802490234375,140.60195922851562,91.28399658203125,-115.738525390625,-167.0245361328125,-175.5250244140625,-467.17535400390625,-389.30841064453125,-390.91845703125,-400.4295654296875,-389.1123046875,-352.26739501953125,-431.75,-478.92071533203125,-398.016845703125,-423.40167236328125,-413.542724609375,-575.1624755859375,-752.2213134765625,-669.6934814453125,-644.1661376953125,-576.3157958984375,-595.85888671875,-660.3614501953125,-550.98583984375,-577.99365234375,-702.5347900390625,-574.80322265625,-680.5137939453125,-783.2972412109375,-580.68115234375,-668.72412109375,-582.79443359375,-613.783447265625,-704.526123046875,-596.658447265625,-636.891357421875,-646.354736328125,-574.2237548828125,-848.9942626953125,-838.2554931640625,-756.772705078125,-880.7325439453125,-636.2679443359375,-657.55029296875,-558.2369384765625,-667.88330078125,-637.9896240234375,-606.366455078125,-565.131591796875,-617.9696044921875,-828.7901611328125,-774.0537109375,-851.8602294921875,-710.00146484375,-626.285888671875,-759.2132568359375,-593.3360595703125,-770.630859375,-740.1585693359375,-793.6392822265625,-635.42724609375,-795.359619140625,-877.0970458984375,-748.02880859375,-793.2706298828125,-766.7203369140625,-661.625244140625,-597.3126220703125,-700.3306884765625,-597.41259765625,-668.8345947265625,-584.8302001953125,-574.8873291015625,-599.9576416015625,-405.1160888671875,-422.0645751953125,-458.14080810546875,-270.21514892578125,-320.62689208984375,-266.7559814453125,-290.0572509765625,-401.29901123046875,-255.37353515625,-224.9002685546875,-219.6573486328125,-166.54296875,-161.40081787109375,-115.81182861328125,-195.1939697265625,-83.015625,-183.86639404296875,-180.77099609375,-202.360595703125,-56.4505615234375,-80.0189208984375,-299.237060546875
"S116",-42.23486328125,-69.17840576171875,-89.01715087890625,-25.48895263671875,34.16094970703125,65.63604736328125,13.5098876953125,68.84014892578125,85.32000732421875,144.25460815429688,105.03790283203125,182.9884033203125,210.98635864257812,191.1241455078125,184.83755493164062,231.85934448242188,120.00323486328125,150.30758666992188,111.45538330078125,220.747802734375,178.40707397460938,255.53627014160156,237.62008666992188,248.99949645996094,264.9898376464844,253.6338348388672,266.5715789794922,295.4821014404297,258.13929748535156,260.5911865234375,273.5585021972656,233.18246459960938,245.0470733642578,277.3182678222656,254.57154846191406,279.4696960449219,294.16563415527344,259.5815734863281,260.2289733886719,244.6663818359375,123.76583862304688,241.3551025390625,213.63531494140625,155.46615600585938,121.55255126953125,159.41824340820312,69.59750366210938,41.661407470703125,22.851318359375,-57.014892578125,-98.15521240234375,-294.234619140625,-200.90887451171875,-176.89599609375,-114.6209716796875,-123.5045166015625,-178.2298583984375,-108.90350341796875,-224.39373779296875,-226.0238037109375,-146.626220703125,-164.56414794921875,-169.7921142578125,-202.302734375,-181.88525390625,-166.4052734375,-126.78814697265625,-155.51470947265625,-125.29010009765625,-95.8880615234375,-115.96533203125,-179.84271240234375,-130.44683837890625,-125.39764404296875,-205.42535400390625,-222.723876953125,-254.8531494140625,-223.517333984375,-279.94140625,-190.544189453125,-281.65679931640625,-152.856689453125,-136.68890380859375,-235.8486328125,-219.05987548828125,-230.94439697265625,-275.8853759765625,-257.32061767578125,-141.38116455078125,-169.745849609375,-231.398193359375,-153.48590087890625,-112.16424560546875,-91.8233642578125,-150.42547607421875,-208.14422607421875,-208.0198974609375,-548.2880859375,-294.0224609375,-152.32879638671875,-231.17291259765625,-131.458740234375,-155.245849609375,-218.1707763671875,-224.9554443359375,-257.99578857421875,-461.77239990234375,-1344.10888671875,-818.8441162109375,-307.574462890625,-296.1796875,-239.00787353515625,-273.0614013671875,-286.13726806640625,-322.84027099609375,-438.63446044921875,-393.3890380859375,-256.42401123046875,-323.82757568359375,-243.93048095703125,-300.02862548828125,-378.42523193359375,-222.75518798828125,-285.533447265625,-458.928466796875,-344.82379150390625,-457.61993408203125,-345.64300537109375,-287.43768310546875,-270.00506591796875,-289.45855712890625,-221.5860595703125,-202.23541259765625,-324.88201904296875,-191.05902099609375,-152.76953125,-224.20599365234375,-478.8934326171875,-171.06329345703125,-131.368408203125,-281.55926513671875
"S117",148.56610107421875,196.85504150390625,185.75485229492188,225.18777465820312,233.4691162109375,262.1427764892578,172.75445556640625,207.98941040039062,231.85476684570312,275.21791076660156,250.60684204101562,310.8714904785156,322.6783905029297,316.87261962890625,320.6483459472656,338.31768798828125,313.2272033691406,343.7843475341797,338.30653381347656,338.67132568359375,342.4036560058594,347.3984069824219,333.8536071777344,352.8386993408203,357.9239959716797,349.7149200439453,368.38446044921875,367.6261444091797,358.37548828125,365.5285339355469,364.19776916503906,342.06935119628906,345.7174377441406,358.97657775878906,356.7185974121094,354.19390869140625,351.3824920654297,348.30950927734375,344.95220947265625,341.38507080078125,337.4528045654297,333.26902770996094,325.96995544433594,274.40997314453125,260.39186096191406,281.7886962890625,221.93869018554688,217.94857788085938,205.09841918945312,144.84600830078125,113.82058715820312,-36.90997314453125,66.57867431640625,66.85934448242188,90.92999267578125,106.80899047851562,39.22796630859375,112.686767578125,108.595458984375,93.03164672851562,81.89764404296875,78.72796630859375,84.7122802734375,49.455718994140625,74.13360595703125,59.802154541015625,80.69049072265625,35.29681396484375,73.65939331054688,105.03915405273438,118.98855590820312,79.03961181640625,86.12310791015625,70.94412231445312,-18.7056884765625,-13.2591552734375,17.76922607421875,9.48974609375,-65.7667236328125,20.115447998046875,-69.85296630859375,10.3798828125,2.208526611328125,-5.722930908203125,-12.7164306640625,-19.27593994140625,-30.57635498046875,-31.45831298828125,-36.7987060546875,-41.46380615234375,-45.83453369140625,-49.48809814453125,-52.48333740234375,-54.79296875,-56.34381103515625,-57.20343017578125,-57.21014404296875,-127.5029296875,-54.65924072265625,-51.87957763671875,-48.56341552734375,-44.58099365234375,-39.545654296875,-33.95068359375,-27.40655517578125,-20.487548828125,-124.708984375,-866.6143798828125,-465.61334228515625,-33.624755859375,-40.1612548828125,-6.99420166015625,-46.36474609375,-68.14495849609375,-76.42108154296875,-153.21331787109375,-122.66851806640625,-36.2091064453125,-84.25360107421875,-32.38458251953125,-83.23193359375,-95.8116455078125,-12.4732666015625,-28.1126708984375,-107.96148681640625,-65.31689453125,-28.734619140625,-55.2703857421875,-1.053863525390625,-55.02447509765625,2.770416259765625,13.57867431640625,50.40106201171875,-38.8917236328125,10.64666748046875,80.11367797851562,-12.856689453125,-237.2109375,46.500579833984375,78.12811279296875,-15.122314453125
"S118",303.34527587890625,307.42236328125,311.34368896484375,315.07305908203125,318.50254821777344,321.8211364746094,324.7275085449219,327.49969482421875,329.8345947265625,331.91761779785156,333.8227081298828,335.4801940917969,336.97547912597656,338.2406463623047,339.0397491455078,339.70208740234375,340.21990966796875,340.5275115966797,340.71075439453125,340.7192840576172,340.70997619628906,340.5183868408203,340.2751159667969,339.8694152832031,339.4001159667969,338.7000427246094,337.8934783935547,336.94659423828125,335.7711181640625,334.40093994140625,332.7278289794922,330.83094787597656,328.68572998046875,326.2705078125,323.49456787109375,320.397216796875,316.9319152832031,313.1407928466797,309.0223083496094,304.61558532714844,299.7648162841797,294.6185760498047,289.2235107421875,283.4936218261719,277.3796844482422,271.0411834716797,264.53233337402344,257.7155303955078,250.9805145263672,243.886962890625,236.52774047851562,229.06536865234375,221.31256103515625,213.22225952148438,205.144775390625,196.87692260742188,188.05307006835938,178.75314331054688,168.98593139648438,159.388916015625,150.06838989257812,139.88333129882812,129.20675659179688,118.04473876953125,106.65185546875,94.79104614257812,82.51803588867188,69.92959594726562,56.873931884765625,43.911163330078125,30.494415283203125,17.000457763671875,3.636474609375,-9.314056396484375,-21.9459228515625,-34.7216796875,-47.34222412109375,-59.59747314453125,-71.30474853515625,-82.72589111328125,-93.71514892578125,-104.22003173828125,-114.37066650390625,-124.10430908203125,-132.73919677734375,-140.87469482421875,-148.86181640625,-155.9630126953125,-162.62591552734375,-168.41265869140625,-173.85577392578125,-178.37274169921875,-182.06787109375,-184.979248046875,-186.96075439453125,-188.0299072265625,-188.0289306640625,-187.22027587890625,-184.96612548828125,-181.58697509765625,-177.463134765625,-172.5467529296875,-166.38165283203125,-159.45654296875,-151.38067626953125,-142.85595703125,-133.90972900390625,-124.4110107421875,-114.55816650390625,-103.94610595703125,-92.63751220703125,-81.12896728515625,-69.25970458984375,-57.0374755859375,-44.86907958984375,-31.93426513671875,-18.94207763671875,-5.763580322265625,7.596588134765625,21.288482666015625,35.258575439453125,49.402374267578125,63.71527099609375,77.7252197265625,91.30624389648438,105.36669921875,119.16217041015625,132.32037353515625,145.14715576171875,157.7510986328125,169.52780151367188,181.1185302734375,192.193115234375,202.6807861328125,212.62478637695312,222.14852905273438,231.250732421875,239.69253540039062,247.55099487304688,254.90403747558594,262.01573181152344
"S119",335.4211883544922,338.79771423339844,342.13995361328125,345.2836456298828,348.12445068359375,350.65830993652344,352.77752685546875,354.77069091796875,356.39678955078125,357.8107604980469,359.08197021484375,360.1543273925781,361.10833740234375,361.8762969970703,362.27337646484375,362.57362365722656,362.77247619628906,362.80450439453125,362.7486877441406,362.5486145019531,362.34120178222656,361.97438049316406,361.55702209472656,360.9871520996094,360.3435516357422,359.47642517089844,358.48524475097656,357.3500061035156,355.98060607910156,354.4125061035156,352.5518493652344,350.4648895263672,348.1336364746094,345.5437774658203,342.60987854003906,339.3807373046875,335.8249206542969,331.9800262451172,327.84649658203125,323.4817657470703,318.7427978515625,313.77098083496094,308.6208953857422,303.2037353515625,297.49244689941406,291.6411437988281,285.6734619140625,279.470947265625,273.3800964355469,266.9779510498047,260.3262176513672,253.57742309570312,246.552001953125,239.18630981445312,231.82305908203125,224.23593139648438,216.09219360351562,207.48056030273438,198.41375732421875,189.50125122070312,180.86294555664062,171.4246826171875,161.56576538085938,151.32156372070312,140.92959594726562,130.18460083007812,119.16033935546875,107.95919799804688,96.43673706054688,85.140869140625,73.54098510742188,61.98291015625,50.66424560546875,39.818450927734375,29.350250244140625,18.829132080078125,8.493988037109375,-1.470245361328125,-10.879791259765625,-20.02789306640625,-28.7799072265625,-37.08575439453125,-45.0546875,-52.65576171875,-59.2344970703125,-65.34539794921875,-71.30572509765625,-76.40863037109375,-81.0621337890625,-84.87847900390625,-88.30419921875,-90.8310546875,-92.56524658203125,-93.52777099609375,-93.623046875,-92.88629150390625,-91.1842041015625,-88.7852783203125,-85.1741943359375,-80.64306640625,-75.5673828125,-69.87890625,-63.20623779296875,-56.0074462890625,-47.94537353515625,-39.59246826171875,-30.9742431640625,-21.96826171875,-12.82196044921875,-4.02703857421875,5.405426025390625,15.037384033203125,25.0250244140625,35.1868896484375,45.3770751953125,56.2041015625,67.00750732421875,78.03225708007812,89.15444946289062,100.5150146484375,112.22158813476562,124.10910034179688,135.99020385742188,147.70889282226562,159.02508544921875,170.77691650390625,182.3040771484375,193.20040893554688,203.95904541015625,214.4266357421875,224.34259033203125,233.99365234375,243.286865234375,252.0341033935547,260.32554626464844,268.2453308105469,275.80682373046875,282.8373718261719,289.39593505859375,295.52655029296875,301.47088623046875
"S120",335.4211883544922,338.79771423339844,342.13995361328125,345.2836456298828,348.12445068359375,350.65830993652344,352.77752685546875,354.77069091796875,356.39678955078125,357.8107604980469,359.08197021484375,360.1543273925781,361.10833740234375,361.8762969970703,362.27337646484375,362.57362365722656,362.77247619628906,362.80450439453125,362.7486877441406,362.5486145019531,362.34120178222656,361.97438049316406,361.55702209472656,360.9871520996094,360.3435516357422,359.47642517089844,358.48524475097656,357.3500061035156,355.98060607910156,354.4125061035156,352.5518493652344,350.4648895263672,348.1336364746094,345.5437774658203,342.60987854003906,339.3807373046875,335.8249206542969,331.9800262451172,327.84649658203125,323.4817657470703,318.7427978515625,313.77098083496094,308.6208953857422,303.2037353515625,297.49244689941406,291.6411437988281,285.6734619140625,279.470947265625,273.3800964355469,266.9779510498047,260.3262176513672,253.57742309570312,246.552001953125,239.18630981445312,231.82305908203125,224.23593139648438,216.09219360351562,207.48056030273438,198.41375732421875,189.50125122070312,180.86294555664062,171.4246826171875,161.56576538085938,151.32156372070312,140.92959594726562,130.18460083007812,119.16033935546875,107.95919799804688,96.43673706054688,85.140869140625,73.54098510742188,61.98291015625,50.66424560546875,39.818450927734375,29.350250244140625,18.829132080078125,8.493988037109375,-1.470245361328125,-10.879791259765625,-20.02789306640625,-28.7799072265625,-37.08575439453125,-45.0546875,-52.65576171875,-59.2344970703125,-65.34539794921875,-71.30572509765625,-76.40863037109375,-81.0621337890625,-84.87847900390625,-88.30419921875,-90.8310546875,-92.56524658203125,-93.52777099609375,-93.623046875,-92.88629150390625,-91.1842041015625,-88.7852783203125,-85.1741943359375,-80.64306640625,-75.5673828125,-69.87890625,-63.20623779296875,-56.0074462890625,-47.94537353515625,-39.59246826171875,-30.9742431640625,-21.96826171875,-12.82196044921875,-4.02703857421875,5.405426025390625,15.037384033203125,25.0250244140625,35.1868896484375,45.3770751953125,56.2041015625,67.00750732421875,78.03225708007812,89.15444946289062,100.5150146484375,112.22158813476562,124.10910034179688,135.99020385742188,147.70889282226562,159.02508544921875,170.77691650390625,182.3040771484375,193.20040893554688,203.95904541015625,214.4266357421875,224.34259033203125,233.99365234375,243.286865234375,252.0341033935547,260.32554626464844,268.2453308105469,275.80682373046875,282.8373718261719,289.39593505859375,295.52655029296875,301.47088623046875
"S121",335.4211883544922,338.79771423339844,342.13995361328125,345.2836456298828,348.12445068359375,350.65830993652344,352.77752685546875,354.77069091796875,356.39678955078125,357.8107604980469,359.08197021484375,360.1543273925781,361.10833740234375,361.8762969970703,362.27337646484375,362.57362365722656,362.77247619628906,362.80450439453125,362.7486877441406,362.5486145019531,362.34120178222656,361.97438049316406,361.55702209472656,360.9871520996094,360.3435516357422,359.47642517089844,358.48524475097656,357.3500061035156,355.98060607910156,354.4125061035156,352.5518493652344,350.4648895263672,348.1336364746094,345.5437774658203,342.60987854003906,339.3807373046875,335.8249206542969,331.9800262451172,327.84649658203125,323.4817657470703,318.7427978515625,313.77098083496094,308.6208953857422,303.2037353515625,297.49244689941406,291.6411437988281,285.6734619140625,279.470947265625,273.3800964355469,266.9779510498047,260.3262176513672,253.57742309570312,246.552001953125,239.18630981445312,231.82305908203125,224.23593139648438,216.09219360351562,207.48056030273438,198.41375732421875,189.50125122070312,180.86294555664062,171.4246826171875,161.56576538085938,151.32156372070312,140.92959594726562,130.18460083007812,119.16033935546875,107.95919799804688,96.43673706054688,85.140869140625,73.54098510742188,61.98291015625,50.66424560546875,39.818450927734375,29.350250244140625,18.829132080078125,8.493988037109375,-1.470245361328125,-10.879791259765625,-20.02789306640625,-28.7799072265625,-37.08575439453125,-45.0546875,-52.65576171875,-59.2344970703125,-65.34539794921875,-71.30572509765625,-76.40863037109375,-81.0621337890625,-84.87847900390625,-88.30419921875,-90.8310546875,-92.56524658203125,-93.52777099609375,-93.623046875,-92.88629150390625,-91.1842041015625,-88.7852783203125,-85.1741943359375,-80.64306640625,-75.5673828125,-69.87890625,-63.20623779296875,-56.0074462890625,-47.94537353515625,-39.59246826171875,-30.9742431640625,-21.96826171875,-12.82196044921875,-4.02703857421875,5.405426025390625,15.037384033203125,25.0250244140625,35.1868896484375,45.3770751953125,56.2041015625,67.00750732421875,78.03225708007812,89.15444946289062,100.5150146484375,112.22158813476562,124.10910034179688,135.99020385742188,147.70889282226562,159.02508544921875,170.77691650390625,182.3040771484375,193.20040893554688,203.95904541015625,214.4266357421875,224.34259033203125,233.99365234375,243.286865234375,252.0341033935547,260.32554626464844,268.2453308105469,275.80682373046875,282.8373718261719,289.39593505859375,295.52655029296875,301.47088623046875
"S122",-Infinity,-Infinity,-Infinity,-Infinity,-Infinity,-Infinity,-Infinity,-Infinity,-Infinity,-Infinity,-Infinity,-Infinity,-Infinity,-Infinity,-Infinity,-Infinity,-Infinity,-Infinity,-Infinity,-Infinity,-Infinity,-Infinity,-Infinity,-Infinity,-Infinity,-Infinity,-Infinity,-Infinity,-Infinity,-Infinity,-Infinity,-Infinity,-Infinity,-Infinity,-Infinity,-Infinity,-Infinity,-Infinity,-Infinity,-Infinity,-Infinity,-Infinity,-Infinity,-Infinity,-Infinity,-Infinity,-Infinity,-Infinity,-Infinity,-Infinity,-Infinity,-Infinity,-Infinity,-Infinity,-Infinity,-Infinity,-Infinity,-Infinity,-Infinity,-Infinity,-Infinity,-Infinity,-Infinity,-Infinity,-Infinity,-Infinity,-Infinity,-Infinity,-Infinity,-Infinity,-Infinity,-Infinity,-Infinity,-Infinity,-Infinity,-Infinity,-Infinity,-Infinity,-Infinity,-Infinity,-Infinity,-Infinity,-Infinity,-Infinity,-Infinity,-Infinity,-Infinity,-Infinity,-Infinity,-Infinity,-Infinity,-Infinity,-Infinity,-Infinity,-Infinity,-Infinity,-Infinity,-Infinity,-Infinity,-Infinity,-Infinity,-Infinity,-Infinity,-Infinity,-Infinity,-Infinity,-Infinity,-Infinity,-Infinity,-Infinity,-Infinity,-Infinity,-Infinity,-Infinity,-Infinity,-Infinity,-Infinity,-Infinity,-Infinity,-Infinity,-Infinity,-Infinity,-Infinity,-Infinity,-Infinity,-Infinity,-Infinity,-Infinity,-Infinity,-Infinity,-Infinity,-Infinity,-Infinity,-Infinity,-Infinity,-Infinity,-Infinity,-Infinity,-Infinity,-Infinity,-Infinity
"S123",-Infinity,-Infinity,-Infinity,-Infinity,-Infinity,-Infinity,-Infinity,-Infinity,-Infinity,-Infinity,-Infinity,-Infinity,-Infinity,-Infinity,-Infinity,-Infinity,-Infinity,-Infinity,-Infinity,-Infinity,-Infinity,-Infinity,-Infinity,-Infinity,-Infinity,-Infinity,-Infinity,-Infinity,-Infinity,-Infinity,-Infinity,-Infinity,-Infinity,-Infinity,-Infinity,-Infinity,-Infinity,-Infinity,-Infinity,-Infinity,-Infinity,-Infinity,-Infinity,-Infinity,-Infinity,-Infinity,-Infinity,-Infinity,-Infinity,-Infinity,-Infinity,-Infinity,-Infinity,-Infinity,-Infinity,-Infinity,-Infinity,-Infinity,-Infinity,-Infinity,-Infinity,-Infinity,-Infinity,-Infinity,-Infinity,-Infinity,-Infinity,-Infinity,-Infinity,-Infinity,-Infinity,-Infinity,-Infinity,-Infinity,-Infinity,-Infinity,-Infinity,-Infinity,-Infinity,-Infinity,-Infinity,-Infinity,-Infinity,-Infinity,-Infinity,-Infinity,-Infinity,-Infinity,-Infinity,-Infinity,-Infinity,-Infinity,-Infinity,-Infinity,-Infinity,-Infinity,-Infinity,-Infinity,-Infinity,-Infinity,-Infinity,-Infinity,-Infinity,-Infinity,-Infinity,-Infinity,-Infinity,-Infinity,-Infinity,-Infinity,-Infinity,-Infinity,-Infinity,-Infinity,-Infinity,-Infinity,-Infinity,-Infinity,-Infinity,-Infinity,-Infinity,-Infinity,-Infinity,-Infinity,-Infinity,-Infinity,-Infinity,-Infinity,-Infinity,-Infinity,-Infinity,-Infinity,-Infinity,-Infinity,-Infinity,-Infinity,-Infinity,-Infinity,-Infinity,-Infinity,-Infinity
"S124",-Infinity,-Infinity,-Infinity,-Infinity,-Infinity,-Infinity,-Infinity,-Infinity,-Infinity,-Infinity,-Infinity,-Infinity,-Infinity,-Infinity,-Infinity,-Infinity,-Infinity,-Infinity,-Infinity,-Infinity,-Infinity,-Infinity,-Infinity,-Infinity,-Infinity,-Infinity,-Infinity,-Infinity,-Infinity,-Infinity,-Infinity,-Infinity,-Infinity,-Infinity,-Infinity,-Infinity,-Infinity,-Infinity,-Infinity,-Infinity,-Infinity,-Infinity,-Infinity,-Infinity,-Infinity,-Infinity,-Infinity,-Infinity,-Infinity,-Infinity,-Infinity,-Infinity,-Infinity,-Infinity,-Infinity,-Infinity,-Infinity,-Infinity,-Infinity,-Infinity,-Infinity,-Infinity,-Infinity,-Infinity,-Infinity,-Infinity,-Infinity,-Infinity,-Infinity,-Infinity,-Infinity,-Infinity,-Infinity,-Infinity,-Infinity,-Infinity,-Infinity,-Infinity,-Infinity,-Infinity,-Infinity,-Infinity,-Infinity,-Infinity,-Infinity,-Infinity,-Infinity,-Infinity,-Infinity,-Infinity,-Infinity,-Infinity,-Infinity,-Infinity,-Infinity,-Infinity,-Infinity,-Infinity,-Infinity,-Infinity,-Infinity,-Infinity,-Infinity,-Infinity,-Infinity,-Infinity,-Infinity,-Infinity,-Infinity,-Infinity,-Infinity,-Infinity,-Infinity,-Infinity,-Infinity,-Infinity,-Infinity,-Infinity,-Infinity,-Infinity,-Infinity,-Infinity,-Infinity,-Infinity,-Infinity,-Infinity,-Infinity,-Infinity,-Infinity,-Infinity,-Infinity,-Infinity,-Infinity,-Infinity,-Infinity,-Infinity,-Infinity,-Infinity,-Infinity,-Infinity,-Infinity
"S125",-Infinity,-Infinity,-Infinity,-Infinity,-Infinity,-Infinity,-Infinity,-Infinity,-Infinity,-Infinity,-Infinity,-Infinity,-Infinity,-Infinity,-Infinity,-Infinity,-Infinity,-Infinity,-Infinity,-Infinity,-Infinity,-Infinity,-Infinity,-Infinity,-Infinity,-Infinity,-Infinity,-Infinity,-Infinity,-Infinity,-Infinity,-Infinity,-Infinity,-Infinity,-Infinity,-Infinity,-Infinity,-Infinity,-Infinity,-Infinity,-Infinity,-Infinity,-Infinity,-Infinity,-Infinity,-Infinity,-Infinity,-Infinity,-Infinity,-Infinity,-Infinity,-Infinity,-Infinity,-Infinity,-Infinity,-Infinity,-Infinity,-Infinity,-Infinity,-Infinity,-Infinity,-Infinity,-Infinity,-Infinity,-Infinity,-Infinity,-Infinity,-Infinity,-Infinity,-Infinity,-Infinity,-Infinity,-Infinity,-Infinity,-Infinity,-Infinity,-Infinity,-Infinity,-Infinity,-Infinity,-Infinity,-Infinity,-Infinity,-Infinity,-Infinity,-Infinity,-Infinity,-Infinity,-Infinity,-Infinity,-Infinity,-Infinity,-Infinity,-Infinity,-Infinity,-Infinity,-Infinity,-Infinity,-Infinity,-Infinity,-Infinity,-Infinity,-Infinity,-Infinity,-Infinity,-Infinity,-Infinity,-Infinity,-Infinity,-Infinity,-Infinity,-Infinity,-Infinity,-Infinity,-Infinity,-Infinity,-Infinity,-Infinity,-Infinity,-Infinity,-Infinity,-Infinity,-Infinity,-Infinity,-Infinity,-Infinity,-Infinity,-Infinity,-Infinity,-Infinity,-Infinity,-Infinity,-Infinity,-Infinity,-Infinity,-Infinity,-Infinity,-Infinity,-Infinity,-Infinity,-Infinity
"S126",1.669708251953125,-85.33831787109375,-58.7784423828125,53.730712890625,61.6470947265625,69.144775390625,75.62091064453125,81.9251708984375,86.97161865234375,91.45947265625,95.57135009765625,99.08810424804688,102.11700439453125,104.75222778320312,106.23876953125,107.41726684570312,108.20913696289062,108.65847778320312,108.67623901367188,108.33895874023438,107.98928833007812,107.19058227539062,106.2889404296875,104.894775390625,103.3907470703125,101.251220703125,98.94570922851562,96.09762573242188,92.721923828125,88.77606201171875,84.08087158203125,78.77865600585938,72.743408203125,65.990966796875,58.4154052734375,50.05364990234375,40.68792724609375,30.5015869140625,19.595855712890625,7.85650634765625,-4.93701171875,-18.3656005859375,-32.50262451171875,-47.31732177734375,-63.07696533203125,-79.4852294921875,-96.03741455078125,-113.41162109375,-130.5311279296875,-148.6002197265625,-167.18853759765625,-186.141845703125,-205.9783935546875,-226.4832763671875,-301.7921142578125,-268.32135009765625,-290.9263916015625,-314.95391845703125,-340.09051513671875,-377.247314453125,-388.8656005859375,-415.19000244140625,-442.7037353515625,-471.48822021484375,-500.64288330078125,-531.08642578125,-562.27001953125,-594.3121337890625,-627.0133056640625,-659.72314453125,-693.3424072265625,-726.8934326171875,-759.8343505859375,-791.5855712890625,-822.6617431640625,-853.874755859375,-884.7147216796875,-914.501220703125,-942.8531494140625,-970.4951171875,-996.8988037109375,-1022.293701171875,-1046.8719482421875,-1069.7825927734375,-1090.179931640625,-1109.467041015625,-1128.080810546875,-1144.843994140625,-1160.4171142578125,-1173.50390625,-1185.6973876953125,-1195.212890625,-1202.5711669921875,-1208.139404296875,-1211.3341064453125,-1211.853271484375,-1209.5660400390625,-1205.574462890625,-1197.86669921875,-1187.5657958984375,-1175.0289306640625,-1160.830322265625,-1143.8623046875,-1124.8189697265625,-1103.260009765625,-1080.776611328125,-1057.627685546875,-1032.847900390625,-1007.44580078125,-980.1497802734375,-951.31884765625,-922.0615234375,-892.0252685546875,-860.9495849609375,-830.1358642578125,-797.4803466796875,-764.5787353515625,-731.40966796875,-697.73291015625,-663.2720947265625,-628.42578125,-593.4036865234375,-557.8387451171875,-523.296630859375,-489.86102294921875,-455.4515380859375,-421.8966064453125,-389.81134033203125,-358.9324951171875,-328.53594970703125,-300.49822998046875,-272.77398681640625,-246.5228271484375,-221.62542724609375,-197.99359130859375,-175.327392578125,-153.676025390625,-133.6961669921875,-115.07763671875,-97.60784912109375,-80.69873046875
"S127",-6.50787353515625,-125.11883544921875,-69.37945556640625,33.613616943359375,266.8390350341797,289.3087158203125,278.1858673095703,263.26446533203125,290.3053283691406,265.93736267089844,295.85496520996094,308.2822265625,305.8789825439453,295.32684326171875,316.10374450683594,336.0491180419922,298.30352783203125,315.8027648925781,321.2571563720703,305.0657043457031,316.2561492919922,311.49754333496094,295.5742645263672,314.3131561279297,323.30625915527344,320.4075622558594,299.85658264160156,321.1128234863281,302.96864318847656,306.6986083984375,324.29107666015625,321.8107147216797,319.01075744628906,315.8972625732422,312.41441345214844,308.59495544433594,304.35662841796875,299.7633972167969,294.8775177001953,289.6525573730469,274.41468811035156,278.0886993408203,264.3283233642578,241.94146728515625,210.7666015625,198.71392822265625,141.81045532226562,121.91961669921875,109.24908447265625,81.23519897460938,101.38555908203125,51.15423583984375,17.569183349609375,-89.0401611328125,-335.65643310546875,-216.9501953125,-139.571533203125,-156.764892578125,-115.0479736328125,-411.46392822265625,-327.508056640625,-227.669189453125,-212.07861328125,-197.9761962890625,-146.72955322265625,-182.72149658203125,-228.15643310546875,-190.66302490234375,-152.62103271484375,-312.06536865234375,-392.25323486328125,-239.19818115234375,-230.1910400390625,-194.10980224609375,-309.7276611328125,-355.93658447265625,-313.89404296875,-337.26800537109375,-510.88092041015625,-348.42181396484375,-507.43359375,-506.709228515625,-620.94580078125,-317.797607421875,-311.90435791015625,-366.935546875,-240.62939453125,-311.6937255859375,-251.36419677734375,-198.54412841796875,-333.00872802734375,-263.7933349609375,-295.03912353515625,-236.330810546875,-225.9586181640625,-276.5064697265625,-232.99554443359375,-203.42376708984375,-199.1259765625,-193.78021240234375,-230.5355224609375,-216.81561279296875,-280.850830078125,-164.26495361328125,-154.61187744140625,-179.5452880859375,-268.713623046875,-320.8065185546875,-321.1435546875,-226.795166015625,-186.2496337890625,-109.91864013671875,-227.59783935546875,-147.12744140625,-295.8529052734375,-267.58734130859375,-277.2935791015625,-133.6739501953125,-224.59515380859375,-157.4503173828125,-59.522705078125,-190.21893310546875,-35.732421875,23.6533203125,-60.929443359375,42.018707275390625,88.22512817382812,26.7291259765625,88.00851440429688,-106.9417724609375,10.461151123046875,-37.15228271484375,-66.4112548828125,-61.9923095703125,42.912841796875,48.308837890625,69.4686279296875,10.401641845703125,108.67266845703125,-121.16754150390625,43.608123779296875
"S128",76.57711791992188,-26.342529296875,93.9327392578125,84.7384033203125,127.41262817382812,172.87994384765625,78.203125,136.0673828125,138.56881713867188,54.93878173828125,178.8353271484375,169.888916015625,195.22329711914062,177.95462036132812,213.28155517578125,197.38760375976562,196.45452880859375,209.16201782226562,203.39645385742188,215.53549194335938,231.6083984375,203.27850341796875,236.44076538085938,225.62637329101562,229.2579345703125,251.97511291503906,253.70704650878906,226.26885986328125,258.1109924316406,251.30499267578125,262.2036590576172,245.27777099609375,204.3306884765625,236.22769165039062,259.23870849609375,262.73182678222656,268.39495849609375,256.3432312011719,245.67457580566406,249.51040649414062,208.12774658203125,195.72579956054688,190.69561767578125,166.1331787109375,175.10617065429688,97.6900634765625,34.8408203125,27.43035888671875,-2.591156005859375,-104.63031005859375,12.3485107421875,47.4554443359375,-55.593505859375,-109.15704345703125,-373.9573974609375,-235.68975830078125,-244.2569580078125,-240.24053955078125,-267.35748291015625,-276.82647705078125,-320.46728515625,-256.53460693359375,-379.535400390625,-258.62017822265625,-271.22991943359375,-250.9229736328125,-329.847900390625,-314.555908203125,-239.8017578125,-270.33697509765625,-305.55230712890625,-133.4483642578125,-175.791259765625,-215.19500732421875,-234.91339111328125,-379.93597412109375,-267.4549560546875,-213.619140625,-323.234619140625,-332.989501953125,-362.35186767578125,-378.0377197265625,-286.1412353515625,-252.66973876953125,-262.34783935546875,-396.5068359375,-306.43463134765625,-261.05438232421875,-316.18865966796875,-216.7943115234375,-298.996826171875,-247.2431640625,-313.13275146484375,-288.8529052734375,-300.8695068359375,-208.28521728515625,-226.2200927734375,-203.42376708984375,-199.1259765625,-193.78021240234375,-187.6373291015625,-180.81158447265625,-228.63201904296875,-164.26495361328125,-154.61187744140625,-144.64324951171875,-177.99578857421875,-135.2030029296875,-167.155029296875,-187.27899169921875,-193.15350341796875,-82.00634765625,-159.13128662109375,-102.50079345703125,-122.58306884765625,-193.73089599609375,-448.80712890625,-250.0584716796875,-307.27117919921875,-262.845703125,-126.34539794921875,-447.66046142578125,-141.9345703125,-178.4755859375,-245.5489501953125,-177.404052734375,-126.5780029296875,-124.84136962890625,-163.67254638671875,-131.61285400390625,-116.73565673828125,-263.32427978515625,-107.40478515625,-175.564453125,-210.2501220703125,-169.634521484375,-181.95843505859375,-95.85626220703125,-112.8397216796875,-108.45050048828125,-161.2945556640625
"S129",-178.11859130859375,-49.72698974609375,-42.92547607421875,-41.697021484375,32.61785888671875,10.303741455078125,8.349609375,99.4837646484375,39.46710205078125,9.468505859375,-132.75299072265625,2.223175048828125,40.116424560546875,92.50888061523438,161.67327880859375,63.52789306640625,57.899169921875,-74.60833740234375,50.2491455078125,115.78018188476562,-77.06158447265625,18.6600341796875,116.52938842773438,239.65887451171875,240.71453857421875,264.97715759277344,273.27545166015625,254.73074340820312,273.5284729003906,282.0251770019531,260.0942687988281,273.0257110595703,234.0604248046875,255.1038360595703,264.14215087890625,278.44915771484375,245.03497314453125,246.99000549316406,254.88592529296875,225.0,208.65090942382812,190.77859497070312,176.32608032226562,169.31951904296875,82.02072143554688,-73.39361572265625,-62.5283203125,-31.88836669921875,-52.922119140625,-187.1781005859375,-190.6158447265625,-110.63824462890625,-169.54339599609375,-142.439208984375,-188.6900634765625,69.93475341796875,112.68096923828125,77.16067504882812,75.09646606445312,89.66461181640625,119.30142211914062,108.00650024414062,96.23019409179688,83.95758056640625,71.5655517578125,58.684783935546875,45.5230712890625,32.09356689453125,18.44610595703125,4.869964599609375,-9.002349853515625,-22.7962646484375,-36.27069091796875,-49.1702880859375,-61.72869873046875,-74.30267333984375,-86.680908203125,-98.60479736328125,-109.87542724609375,-120.8458251953125,-131.28265380859375,-141.28228759765625,-150.90716552734375,-159.8447265625,-167.6788330078125,-175.03070068359375,-182.07373046875,-188.288818359375,-193.9617919921875,-198.54412841796875,-202.70166015625,-205.70526123046875,-207.734375,-208.97027587890625,-209.181640625,-208.28521728515625,-206.1973876953125,-285.51031494140625,-263.498779296875,-375.690673828125,-409.04901123046875,-355.8924560546875,-400.52996826171875,-375.5960693359375,-329.35986328125,-443.07061767578125,-598.0130615234375,-497.625732421875,-610.0404052734375,-483.46832275390625,-584.6754150390625,-531.0323486328125,-448.96392822265625,-516.2735595703125,-612.8028564453125,-549.4193115234375,-699.88232421875,-640.670654296875,-548.9190673828125,-549.6568603515625,-463.67376708984375,-566.1583251953125,-579.0908203125,-538.562744140625,-555.4376220703125,-565.7100830078125,-488.90673828125,-599.265380859375,-486.6934814453125,-377.677490234375,-329.58935546875,-393.10980224609375,-403.91375732421875,-475.6953125,-388.624755859375,-473.4927978515625,-320.839111328125,-365.2767333984375,-474.0321044921875,-257.46533203125,-214.88580322265625
"S130",-225.6185302734375,-134.01611328125,-120.39166259765625,-84.43536376953125,-39.59161376953125,-107.51690673828125,-37.23699951171875,33.932525634765625,-27.51434326171875,-27.02734375,-106.31219482421875,-61.27325439453125,-38.6419677734375,61.9298095703125,79.97415161132812,34.989349365234375,20.6373291015625,-62.98712158203125,32.91796875,72.81826782226562,-62.81475830078125,-28.1290283203125,85.228271484375,163.14398193359375,190.10552978515625,212.923095703125,214.55606079101562,197.48260498046875,218.03167724609375,225.83258056640625,189.32586669921875,224.58724975585938,219.76708984375,199.95303344726562,218.41677856445312,233.18185424804688,202.16183471679688,197.4383544921875,213.84768676757812,171.09002685546875,157.31005859375,137.6134033203125,104.03509521484375,100.54196166992188,34.15728759765625,-89.02337646484375,-136.77392578125,-79.73388671875,-212.49835205078125,-293.38507080078125,-305.072998046875,-297.33148193359375,-273.589111328125,-262.7950439453125,-377.02630615234375,-270.35455322265625,-303.9306640625,-349.20233154296875,-292.55224609375,-164.18353271484375,-186.57403564453125,-373.6199951171875,-254.29583740234375,-229.9737548828125,-219.698974609375,-338.86187744140625,-194.572265625,-291.8486328125,-235.5018310546875,-213.90234375,-249.53192138671875,-230.3818359375,-180.48785400390625,-240.66058349609375,-187.6358642578125,-254.02178955078125,-197.84490966796875,-292.54339599609375,-204.07843017578125,-231.23614501953125,-412.4537353515625,-286.02581787109375,-271.01141357421875,-290.23883056640625,-202.78045654296875,-262.8790283203125,-228.76959228515625,-409.94195556640625,-346.72015380859375,-260.7694091796875,-373.02679443359375,-323.207275390625,-284.07794189453125,-389.24176025390625,-327.45635986328125,-505.847412109375,-385.18707275390625,-481.61761474609375,-439.969482421875,-527.13916015625,-572.940185546875,-517.2682495117188,-507.885986328125,-520.4486083984375,-467.56982421875,-601.3101806640625,-632.1300048828125,-740.8651123046875,-738.9417724609375,-808.18896484375,-761.4453125,-656.08349609375,-605.5159912109375,-703.2474365234375,-766.2535400390625,-650.27490234375,-773.1248779296875,-745.6201171875,-661.5096435546875,-621.9178466796875,-646.4378662109375,-701.9703369140625,-734.577392578125,-684.6866455078125,-744.914794921875,-665.61279296875,-630.6827392578125,-790.0589599609375,-543.838623046875,-493.35272216796875,-510.7293701171875,-531.7095947265625,-449.36798095703125,-529.319091796875,-493.20343017578125,-598.7655029296875,-524.43994140625,-552.6331787109375,-614.917236328125,-305.09112548828125,-287.69219970703125
"S131",-202.44158935546875,-184.66796875,-169.969970703125,-132.41265869140625,-141.09869384765625,-53.430908203125,-30.031982421875,-7.71893310546875,-15.40924072265625,53.289581298828125,49.761077880859375,52.053985595703125,50.219940185546875,82.31576538085938,96.77786254882812,117.50958251953125,106.99951171875,96.28335571289062,106.9388427734375,121.32546997070312,146.4454345703125,137.49462890625,163.78732299804688,166.92779541015625,181.60342407226562,189.79739379882812,193.3642578125,176.60189819335938,206.18844604492188,211.16668701171875,173.91848754882812,201.91336059570312,210.04605102539062,194.29144287109375,202.02096557617188,218.33810424804688,188.40554809570312,189.83636474609375,209.73971557617188,173.33889770507812,163.5943603515625,149.23800659179688,75.1719970703125,43.119476318359375,38.519195556640625,-42.0869140625,-162.82989501953125,-244.50067138671875,-204.546142578125,-283.387939453125,-395.708740234375,-336.66412353515625,-320.64337158203125,-334.62451171875,-484.6202392578125,-521.869384765625,-632.5714111328125,-582.031005859375,-558.26513671875,-422.4720458984375,-523.92724609375,-540.550537109375,-597.0040283203125,-535.4130859375,-463.8509521484375,-562.2655029296875,-496.13531494140625,-475.36846923828125,-544.5540771484375,-471.38818359375,-538.892333984375,-483.9002685546875,-505.84039306640625,-524.020263671875,-439.13189697265625,-541.096435546875,-557.0880126953125,-617.935302734375,-593.0140380859375,-567.4349365234375,-665.0106201171875,-626.2529296875,-598.0540771484375,-589.846923828125,-572.2205810546875,-655.7669677734375,-597.1767578125,-647.49462890625,-608.654541015625,-503.8026123046875,-592.4476318359375,-661.491943359375,-560.0335693359375,-711.964599609375,-655.461181640625,-695.27392578125,-574.655517578125,-537.2232666015625,-554.2171630859375,-548.565185546875,-438.005859375,-523.8755493164062,-465.253662109375,-496.74176025390625,-577.8470458984375,-496.986083984375,-472.50946044921875,-593.553955078125,-518.8316040039062,-564.34814453125,-550.5845947265625,-505.21337890625,-574.666748046875,-581.588134765625,-611.9205322265625,-555.659423828125,-592.8363037109375,-636.3248291015625,-582.294677734375,-605.1466064453125,-550.9237060546875,-664.1654052734375,-570.01611328125,-609.0552978515625,-655.966552734375,-634.5550537109375,-664.635986328125,-693.519287109375,-587.8441162109375,-485.51934814453125,-580.51416015625,-532.8604736328125,-430.77520751953125,-609.9935302734375,-515.4047241210938,-523.9491577148438,-487.2833251953125,-596.0123291015625,-522.4500732421875,-486.2685546875,-459.39483642578125
"S132",-107.73199462890625,-55.677001953125,2.157501220703125,-61.87091064453125,10.240020751953125,75.71725463867188,81.35296630859375,70.67071533203125,91.6412353515625,145.53170776367188,140.947265625,180.23468017578125,157.00674438476562,158.64129638671875,204.70419311523438,201.76046752929688,190.62881469726562,195.63372802734375,183.83029174804688,192.92935180664062,227.66702270507812,218.00457763671875,232.32565307617188,243.46051025390625,248.94992065429688,256.0357360839844,246.73487854003906,210.98675537109375,233.7469482421875,253.16993713378906,228.56027221679688,229.435546875,262.70436096191406,230.44320678710938,247.35205078125,267.36524963378906,230.8436279296875,234.07022094726562,256.0703430175781,231.97824096679688,222.83749389648438,206.12371826171875,167.56655883789062,155.8568115234375,82.85125732421875,-21.85687255859375,-159.139404296875,-13.0380859375,-24.92974853515625,-138.41717529296875,-202.7801513671875,-170.90240478515625,-179.920654296875,-211.81622314453125,-226.57440185546875,-222.59661865234375,-328.49591064453125,-265.0411376953125,-178.53948974609375,-200.10699462890625,-280.73736572265625,-189.6015625,-174.90234375,-276.73724365234375,-243.97076416015625,-184.102783203125,-215.07159423828125,-172.65814208984375,-238.60394287109375,-175.611328125,-168.859619140625,-108.9501953125,-180.9813232421875,-282.6488037109375,-220.1756591796875,-255.06732177734375,-328.0015869140625,-352.6422119140625,-280.46240234375,-305.9893798828125,-357.9132080078125,-349.60870361328125,-354.08880615234375,-302.20770263671875,-346.09466552734375,-411.7830810546875,-321.091796875,-278.83209228515625,-289.52752685546875,-230.70050048828125,-242.1075439453125,-427.87884521484375,-250.0557861328125,-402.41815185546875,-344.85784912109375,-360.78863525390625,-252.31060791015625,-349.94305419921875,-353.4989013671875,-514.7116088867188,-240.80889892578125,-342.370361328125,-298.99127197265625,-293.06988525390625,-285.9234619140625,-291.079345703125,-262.8751220703125,-343.81573486328125,-375.36773681640625,-255.152587890625,-315.62548828125,-307.136962890625,-404.31195068359375,-353.717041015625,-395.8687744140625,-308.24969482421875,-367.56048583984375,-384.62322998046875,-363.4432373046875,-428.3470458984375,-416.26397705078125,-497.8150634765625,-333.513427734375,-360.36376953125,-433.484130859375,-404.13043212890625,-397.54351806640625,-469.6395263671875,-394.460693359375,-300.26763916015625,-441.97943115234375,-346.81646728515625,-342.020263671875,-606.4468994140625,-416.5238037109375,-370.35052490234375,-317.61639404296875,-434.09490966796875,-311.40289306640625,-288.77276611328125,-334.04473876953125
"S133",219.96063232421875,225.77590942382812,231.31045532226562,236.59844970703125,241.4913330078125,246.19485473632812,250.3099822998047,254.2810516357422,257.57752990722656,260.52882385253906,263.23980712890625,265.59686279296875,267.6907653808594,269.49853515625,270.62925720214844,271.5638732910156,272.27601623535156,49.445404052734375,252.462158203125,177.11907958984375,272.9412384033203,272.65980529785156,272.3125762939453,271.71266174316406,271.04083251953125,270.0304870605469,268.90492248535156,267.53411865234375,265.8612823486328,263.8991394042969,261.5149230957031,258.809814453125,255.7301025390625,252.2617950439453,248.3092803955078,243.907958984375,238.96063232421875,233.54605102539062,227.69351196289062,221.38970947265625,214.46090698242188,207.12896728515625,199.40237426757812,191.2308349609375,182.498779296875,173.39926147460938,164.11874389648438,154.37197875976562,144.73617553710938,134.57070922851562,124.06903076171875,-85.07586669921875,102.26925659179688,90.72344970703125,79.13323974609375,67.31655883789062,54.704071044921875,41.371856689453125,27.408233642578125,13.684539794921875,0.332122802734375,-14.2596435546875,-29.54254150390625,-45.5452880859375,-61.8406982421875,-78.85345458984375,-96.410400390625,-114.46746826171875,-133.08673095703125,-151.6962890625,-170.92401123046875,-190.2371826171875,-209.33935546875,-227.85101318359375,-245.98028564453125,-264.2847900390625,-282.390625,-299.9610595703125,-316.75970458984375,-333.15667724609375,-348.8992919921875,-364.0130615234375,-378.6455078125,-392.512451171875,-404.89312744140625,-416.60821533203125,-428.0302734375,-438.31640625,-447.97314453125,-456.32073974609375,-464.20269775390625,-470.69970703125,-476.017333984375,-480.29852294921875,-483.2606201171875,-484.83074951171875,-484.84930419921875,-483.80426025390625,-480.64666748046875,-475.91900634765625,-469.99542236328125,-462.98968505859375,-454.26141357421875,-444.345703125,-432.82177734375,-420.670654296875,-407.9810791015625,-394.39483642578125,-380.35272216796875,-365.17608642578125,-349.0302734375,-332.60821533203125,-315.6888427734375,-298.19989013671875,-280.82305908203125,-262.349853515625,-243.748779296875,-224.9189453125,-205.7921142578125,-186.16680908203125,-166.19927978515625,-146.00885009765625,-125.49310302734375,-117.12615966796875,-214.25384521484375,-65.8697509765625,-46.1263427734375,-27.2291259765625,-8.88232421875,9.201263427734375,4.917572021484375,42.642822265625,58.4766845703125,73.50155639648438,9.803924560546875,101.43258666992188,114.49813842773438,59.4825439453125,134.25662231445312,137.21173095703125,158.57882690429688
"S134",102.88265991210938,55.77850341796875,196.75418090820312,206.54660034179688,205.35238647460938,232.744384765625,227.22015380859375,232.98916625976562,243.845947265625,246.6529998779297,249.2061767578125,251.39193725585938,253.3255157470703,254.94949340820312,255.88211059570312,256.6257781982422,257.15533447265625,257.4107360839844,257.4632110595703,257.2734832763672,257.0654296875,256.5824890136719,256.02301025390625,255.1920166015625,254.2629852294922,252.95550537109375,251.48709106445312,249.75482177734375,247.65733337402344,245.2248992919922,242.3131103515625,239.028076171875,235.32186889648438,231.17733764648438,226.47463989257812,221.26931762695312,215.47640991210938,209.18045043945312,202.3907470703125,195.15072631835938,187.24456787109375,178.91455078125,170.21112060546875,161.03421020507812,151.29248046875,141.01019287109375,127.57705688476562,120.2464599609375,59.563079833984375,-35.6962890625,-18.1339111328125,-221.15985107421875,-48.400390625,-92.88568115234375,-98.2347412109375,-261.45172119140625,-109.90740966796875,-257.54888916015625,-203.09619140625,-180.189453125,-120.05279541015625,-189.73944091796875,-253.0654296875,-240.6275634765625,-217.828857421875,-264.21917724609375,-282.1456298828125,-498.36090087890625,-271.8096923828125,-307.85809326171875,-237.0322265625,-257.71087646484375,-278.05364990234375,-297.66259765625,-316.7352294921875,-335.942626953125,-354.883056640625,-373.19378662109375,-390.601318359375,-407.55877685546875,-423.81280517578125,-439.3408203125,-454.32537841796875,-468.55535888671875,-481.0980224609375,-492.8763427734375,-504.37164306640625,-514.512939453125,-523.9247436523438,-531.8944091796875,-539.271240234375,-545.092529296875,-549.592529296875,-552.8519287109375,-554.6307373046875,-554.8974609375,-553.468017578125,-550.838623046875,-545.9910888671875,-539.4822998046875,-531.797607421875,-523.0093383789062,-512.4091186523438,-500.68707275390625,-487.3564453125,-473.43023681640625,-458.9913330078125,-443.71331787109375,-427.971923828125,-411.1396484375,-393.3172607421875,-375.21502685546875,-356.6011962890625,-337.44830322265625,-318.4010009765625,-298.21820068359375,-277.95428466796875,-257.46661376953125,-236.7225341796875,-215.53204345703125,-224.17877197265625,-172.3507080078125,-203.7745361328125,-181.23089599609375,-142.19287109375,-168.50335693359375,-77.14013671875,-147.1529541015625,-119.93603515625,-153.62298583984375,-105.65277099609375,-65.03253173828125,-114.05780029296875,-203.23065185546875,-197.8988037109375,-127.2586669921875,30.73736572265625,-40.62091064453125,97.45541381835938,47.07904052734375,119.26156616210938
"S135",-116.5152587890625,-33.88714599609375,-19.4871826171875,41.436126708984375,-100.60845947265625,3.228851318359375,-13.44683837890625,47.710418701171875,92.78298950195312,77.41647338867188,117.41000366210938,137.29730224609375,138.97463989257812,139.16400146484375,144.70675659179688,142.767333984375,133.6275634765625,148.49349975585938,139.3973388671875,160.27804565429688,196.44757080078125,190.67044067382812,195.12307739257812,208.80126953125,207.98898315429688,177.09652709960938,246.29769897460938,227.46334838867188,231.77105712890625,238.08627319335938,222.80126953125,237.73284912109375,213.53811645507812,220.30316162109375,227.75320434570312,178.02880859375,228.93997192382812,199.57894897460938,160.88671875,186.375244140625,147.67697143554688,132.49996948242188,90.69149780273438,111.19720458984375,35.131591796875,43.588623046875,-30.14453125,-221.4906005859375,-204.12969970703125,-288.5751953125,-495.50006103515625,-260.8111572265625,-242.447509765625,-304.72821044921875,-388.96697998046875,-356.89495849609375,-349.9503173828125,-413.36895751953125,-424.94525146484375,-444.4285888671875,-263.275146484375,-290.8529052734375,-442.56024169921875,-350.052734375,-307.90008544921875,-539.7130126953125,-769.9361572265625,-450.26165771484375,-362.06231689453125,-336.2783203125,-341.01171875,-374.10296630859375,-655.9775390625,-442.8043212890625,-375.0853271484375,-383.4248046875,-409.41156005859375,-448.29541015625,-415.6192626953125,-356.7449951171875,-343.8446044921875,-327.13897705078125,-323.20806884765625,-333.76995849609375,-363.20086669921875,-363.07879638671875,-501.60699462890625,-476.54779052734375,-387.17236328125,-378.4459228515625,-434.2578125,-592.090087890625,-1023.5491943359375,-832.083251953125,-497.0711669921875,-577.9539794921875,-398.75689697265625,-400.4149169921875,-491.82305908203125,-410.94842529296875,-442.52410888671875,-360.912353515625,-468.28082275390625,-467.62762451171875,-373.5101318359375,-418.5633544921875,-369.7137451171875,-487.857666015625,-472.02471923828125,-428.176025390625,-296.61883544921875,-573.943115234375,-679.12939453125,-442.21380615234375,-450.03173828125,-554.1043701171875,-327.51416015625,-391.06591796875,-300.47509765625,-293.36834716796875,-327.42230224609375,-310.9354248046875,-266.3363037109375,-232.16168212890625,-199.16204833984375,-388.62884521484375,-300.85406494140625,-299.64068603515625,-313.09112548828125,-357.9674072265625,-217.7049560546875,-191.80426025390625,-203.678466796875,-357.00543212890625,-393.006103515625,-245.31378173828125,-158.80255126953125,-342.28472900390625,-163.43157958984375,-104.2855224609375,-51.0230712890625
"S136",-42.22918701171875,-48.2684326171875,-33.2305908203125,-12.9886474609375,-30.44561767578125,53.312652587890625,51.619476318359375,83.8846435546875,105.33840942382812,120.79824829101562,158.71829223632812,162.01983642578125,180.73190307617188,174.18206787109375,161.37091064453125,175.22723388671875,172.32095336914062,144.86740112304688,157.28152465820312,186.90274047851562,218.08432006835938,218.07034301757812,212.6641845703125,223.351806640625,226.91497802734375,208.95645141601562,255.34300231933594,225.67840576171875,238.8887939453125,242.68182373046875,217.73086547851562,242.62933349609375,198.58340454101562,200.97647094726562,230.0291748046875,185.98947143554688,217.501953125,199.84954833984375,160.77569580078125,180.38662719726562,72.54904174804688,133.0074462890625,100.56607055664062,108.67724609375,21.427886962890625,-19.1773681640625,-60.229248046875,-337.818603515625,-268.8587646484375,-316.73583984375,-542.2376708984375,-369.66986083984375,-392.32318115234375,-423.63031005859375,-595.8812255859375,-488.064697265625,-505.85552978515625,-566.7857666015625,-496.70855712890625,-538.8724365234375,-500.43341064453125,-568.0430908203125,-629.71875,-570.3848876953125,-625.5491943359375,-606.505859375,-708.8623046875,-605.8924560546875,-579.6324462890625,-591.98828125,-573.52001953125,-640.7548828125,-787.8563232421875,-626.0589599609375,-550.7532958984375,-631.625,-661.9423828125,-718.4031982421875,-718.8111572265625,-618.041015625,-643.96630859375,-614.6956787109375,-650.7178955078125,-546.085205078125,-513.2020263671875,-560.96337890625,-743.9864501953125,-750.1119384765625,-654.060302734375,-594.626953125,-540.2698974609375,-659.885009765625,-737.0596923828125,-773.3939208984375,-734.331787109375,-758.4310302734375,-648.4429931640625,-801.850341796875,-684.6304931640625,-646.5850830078125,-652.5015869140625,-640.8287353515625,-612.6944580078125,-638.4576416015625,-556.5823974609375,-577.5277099609375,-581.908447265625,-642.634765625,-459.68341064453125,-528.4876708984375,-474.4866943359375,-703.3126220703125,-731.730224609375,-482.79888916015625,-530.061279296875,-563.6055908203125,-437.01947021484375,-313.20758056640625,-277.980224609375,-300.76177978515625,-256.91314697265625,-301.41412353515625,-358.1856689453125,-273.32843017578125,-312.75482177734375,-367.44342041015625,-395.11334228515625,-225.50299072265625,-271.58575439453125,-240.63385009765625,-216.06060791015625,-197.35797119140625,-152.37542724609375,-200.07708740234375,-192.65496826171875,-201.11199951171875,-166.42547607421875,-200.01727294921875,-112.58709716796875,-36.2637939453125,-57.65203857421875
"S137",160.876953125,24.993194580078125,41.152587890625,90.84857177734375,195.36993408203125,236.02706909179688,249.2536163330078,272.5174102783203,248.98968505859375,280.8485107421875,296.35162353515625,271.91929626464844,294.3241882324219,274.154541015625,282.5282287597656,311.2267761230469,308.051025390625,275.5522766113281,320.6233215332031,315.21681213378906,303.37013244628906,323.9173889160156,326.0924835205078,329.8223571777344,320.23130798339844,339.17662048339844,328.59031677246094,324.82920837402344,322.6700439453125,323.38702392578125,320.5152587890625,324.1311798095703,308.65008544921875,307.0307922363281,325.7148895263672,305.7686462402344,311.29017639160156,279.2525177001953,263.60240173339844,298.14886474609375,123.89199829101562,251.5298614501953,227.16799926757812,192.19192504882812,140.68637084960938,7.06292724609375,17.614227294921875,-225.7103271484375,-135.41387939453125,-238.5301513671875,-235.3095703125,-273.0364990234375,-326.630859375,-411.4005126953125,-537.7137451171875,-432.62872314453125,-428.78802490234375,-414.32501220703125,-498.6390380859375,-517.4990844726562,-511.04754638671875,-513.2456665039062,-574.7999267578125,-534.26416015625,-673.8602294921875,-563.536865234375,-634.33642578125,-585.987060546875,-566.872314453125,-743.7515869140625,-670.923828125,-606.273193359375,-646.050537109375,-497.70184326171875,-580.8331298828125,-706.5145263671875,-664.7291259765625,-525.8551025390625,-549.1103515625,-596.86962890625,-764.372314453125,-742.8133544921875,-642.6064453125,-551.431396484375,-568.6651611328125,-588.1358642578125,-643.862548828125,-648.3858642578125,-623.94677734375,-637.3226318359375,-493.41357421875,-585.8878173828125,-665.24853515625,-754.23779296875,-659.542236328125,-651.872314453125,-680.574462890625,-937.1402587890625,-644.25,-662.63330078125,-485.34967041015625,-550.0418701171875,-466.38800048828125,-524.7027587890625,-507.22442626953125,-556.73974609375,-415.90362548828125,-356.14923095703125,-320.5113525390625,-412.52374267578125,-387.37603759765625,-343.04766845703125,-283.20416259765625,-272.9295654296875,-322.1934814453125,-254.33282470703125,-227.67047119140625,-153.64276123046875,-105.6810302734375,-174.6785888671875,-145.39178466796875,-121.47454833984375,-216.8111572265625,-114.8006591796875,-240.361572265625,-197.24713134765625,-249.2005615234375,-15.41021728515625,-91.6724853515625,-61.2413330078125,-96.3604736328125,-36.08642578125,-38.26361083984375,-27.0,32.711883544921875,-19.84991455078125,2.433074951171875,-9.973114013671875,48.2310791015625,113.2681884765625,17.710479736328125
"S138",57.604827880859375,174.69500732421875,130.63079833984375,276.86114501953125,146.26235961914062,292.8652648925781,297.2442169189453,305.51133728027344,321.0927276611328,293.3370819091797,338.2594757080078,314.8548889160156,326.4425811767578,346.3759460449219,301.9961242675781,335.90403747558594,360.78492736816406,333.13560485839844,344.1516571044922,356.7942352294922,331.9590301513672,360.2493438720703,356.583251953125,339.51930236816406,337.61370849609375,376.64471435546875,337.7779998779297,363.9807891845703,349.92279052734375,340.3614044189453,354.6056671142578,363.3506622314453,333.6575622558594,360.2284851074219,349.1076202392578,327.87107849121094,359.86656188964844,348.41297912597656,299.3788299560547,295.6473693847656,286.756103515625,277.7987823486328,167.99130249023438,151.850830078125,154.29660034179688,44.40972900390625,-18.5638427734375,-165.78778076171875,-263.14056396484375,-327.67742919921875,-283.674072265625,-374.968017578125,-376.82452392578125,-723.02783203125,-533.56005859375,-640.41259765625,-599.8055419921875,-591.6641845703125,-562.594970703125,-652.00537109375,-623.3519287109375,-567.6796875,-698.476318359375,-654.9459228515625,-797.493896484375,-731.99853515625,-616.667236328125,-562.9439697265625,-659.78759765625,-632.8143310546875,-566.2777099609375,-590.9017333984375,-504.0391845703125,-512.8447875976562,-551.593505859375,-478.0711669921875,-630.1876220703125,-525.9971923828125,-519.8204345703125,-654.1519775390625,-720.4429931640625,-723.941162109375,-577.6136474609375,-368.12982177734375,-616.536376953125,-420.94647216796875,-392.61236572265625,-384.1605224609375,-404.22320556640625,-500.53204345703125,-406.04248046875,-424.259033203125,-457.21502685546875,-393.572509765625,-446.18377685546875,-573.501953125,-444.18011474609375,-426.49591064453125,-433.214111328125,-392.36322021484375,-327.45654296875,-354.91796875,-378.56488037109375,-331.22735595703125,-279.9638671875,-455.824462890625,-422.944091796875,-364.2008056640625,-281.97430419921875,-198.1341552734375,-442.411376953125,-166.685546875,-311.07562255859375,-241.003173828125,-271.654052734375,-512.5291137695312,-371.17572021484375,-228.98626708984375,-201.05572509765625,-247.8551025390625,-163.19384765625,-107.9794921875,-101.76873779296875,-205.81158447265625,-67.58160400390625,-17.08953857421875,31.47979736328125,26.88037109375,-8.45343017578125,13.384674072265625,16.08148193359375,32.35430908203125,59.814666748046875,54.05755615234375,-23.811767578125,9.091461181640625,85.09500122070312,-69.01898193359375,-174.66839599609375,109.02175903320312,23.185455322265625
"S139",409.3627395629883,411.2564239501953,413.06905364990234,414.79361724853516,416.38497161865234,417.92266845703125,419.2705078125,420.56441497802734,421.6495590209961,422.6164016723633,423.5046844482422,424.2800064086914,424.9749526977539,425.57154846191406,417.6394348144531,426.2606735229492,426.5075988769531,426.66124725341797,426.752685546875,426.75970458984375,426.76659393310547,426.68463134765625,426.58197021484375,426.40013885498047,426.1937484741211,425.87857818603516,425.52037811279297,425.08634185791016,424.55411529541016,423.93318939208984,423.1707305908203,422.3060836791992,421.32315826416016,420.21533966064453,418.94686126708984,417.534423828125,415.9488220214844,414.20726013183594,412.33069610595703,410.3075256347656,408.0823287963867,405.7308883666992,403.25279998779297,400.63421630859375,397.83902740478516,394.9260025024414,391.9560852050781,388.8457717895508,356.5941162109375,369.4191436767578,375.1957473754883,375.75404357910156,363.30218505859375,347.3085632324219,355.38226318359375,351.1187438964844,350.1308898925781,352.795654296875,325.17747497558594,337.95472717285156,337.0769348144531,335.0703582763672,330.2055969238281,325.1142272949219,319.92803955078125,292.2587432861328,289.04884338378906,303.18170166015625,297.2622985839844,291.33961486816406,285.2355041503906,279.0952911376953,273.01768493652344,267.13893127441406,261.3855895996094,255.57640075683594,249.83897399902344,244.26486206054688,238.9453125,233.75314331054688,228.774169921875,223.99722290039062,219.38330078125,215.00668334960938,211.11480712890625,207.43276977539062,203.85092163085938,200.63275146484375,197.61651611328125,195.02490234375,192.57843017578125,190.565185546875,188.94894409179688,187.6607666015625,186.79757690429688,186.3658447265625,186.43621826171875,186.83541870117188,187.9185791015625,189.50857543945312,191.43975830078125,193.74072265625,196.5765380859375,199.77951049804688,203.51727294921875,207.44595336914062,211.54617309570312,215.91793823242188,220.44003295898438,225.32855224609375,230.52291870117188,235.79623413085938,241.21554565429688,246.81639099121094,252.37646484375,258.2882385253906,264.23191833496094,270.2514190673828,276.3561248779297,282.61566162109375,288.9783630371094,295.4198303222656,301.9596405029297,308.33856201171875,314.52940368652344,320.9242706298828,327.20623779296875,333.20301818847656,339.0266571044922,344.7670135498047,350.1087646484375,355.38148498535156,360.4127197265625,365.18504333496094,369.69744873046875,374.0240783691406,378.16282653808594,382.0102005004883,385.58177185058594,388.92362213134766,392.1539535522461
"S140",403.0882797241211,391.77685546875,413.06905364990234,414.79361724853516,416.38497161865234,417.92266845703125,419.2705078125,420.56441497802734,421.6495590209961,422.6164016723633,423.5046844482422,424.2800064086914,424.9749526977539,425.57154846191406,425.94820404052734,426.2606735229492,426.5075988769531,426.66124725341797,426.752685546875,426.75970458984375,426.76659393310547,426.68463134765625,426.58197021484375,426.40013885498047,426.1937484741211,425.87857818603516,425.52037811279297,425.08634185791016,424.55411529541016,423.93318939208984,423.1707305908203,422.3060836791992,421.32315826416016,420.21533966064453,418.94686126708984,417.534423828125,415.9488220214844,414.20726013183594,412.33069610595703,410.3075256347656,408.0823287963867,405.7308883666992,403.25279998779297,400.63421630859375,377.79256439208984,393.8716125488281,387.9401397705078,380.80933380126953,328.2697448730469,334.6407775878906,271.42723083496094,320.8561553955078,287.3076477050781,276.5753631591797,237.05950927734375,250.68592834472656,278.8833770751953,285.4031219482422,278.3773498535156,274.92356872558594,249.812744140625,282.2813415527344,257.2220458984375,234.94845581054688,240.32351684570312,238.97369384765625,223.2650146484375,202.57586669921875,192.1497802734375,230.8656005859375,252.51368713378906,232.1573486328125,196.51504516601562,243.8394775390625,258.9338684082031,215.46994018554688,240.4879150390625,199.74356079101562,197.84783935546875,209.82647705078125,192.16876220703125,223.99722290039062,194.50054931640625,215.00668334960938,211.11480712890625,207.43276977539062,203.85092163085938,200.63275146484375,197.61651611328125,195.02490234375,192.57843017578125,190.565185546875,188.94894409179688,187.6607666015625,186.79757690429688,186.3658447265625,186.43621826171875,143.44461059570312,187.9185791015625,189.50857543945312,191.43975830078125,193.74072265625,196.5765380859375,199.77951049804688,203.51727294921875,163.11737060546875,197.06011962890625,215.91793823242188,220.44003295898438,225.32855224609375,230.52291870117188,235.79623413085938,230.5264892578125,246.81639099121094,238.60971069335938,258.2882385253906,216.02783203125,270.2514190673828,276.3561248779297,263.47412109375,265.9677734375,295.4198303222656,260.03057861328125,299.1891174316406,314.52940368652344,314.298583984375,327.20623779296875,312.81121826171875,339.0266571044922,344.7670135498047,338.85914611816406,330.56689453125,347.5222625732422,347.0788116455078,349.20701599121094,347.7190704345703,361.3213806152344,323.4815368652344,356.7432098388672,344.8451843261719,372.28668212890625
"S141",367.56932067871094,370.32676696777344,372.9700164794922,375.4851989746094,377.8034973144531,380.04402923583984,382.0070266723633,383.8875274658203,385.46607208251953,386.8737030029297,388.16468048095703,389.28980255126953,390.3001480102539,391.16304779052734,391.7075653076172,392.1590270996094,392.5134506225586,392.7304916381836,392.8585205078125,392.86629486083984,392.8686828613281,392.7444076538086,392.58807373046875,392.3182144165039,392.0099334716797,391.5439910888672,391.0123596191406,390.37584686279297,389.59188079833984,388.6772232055664,387.5573425292969,386.28746032714844,384.8466033935547,383.2234191894531,381.3627624511719,379.28926849365234,376.9644241333008,374.41544342041016,371.6595764160156,368.6972961425781,365.43833923339844,361.9888916015625,358.3610076904297,354.51971435546875,350.4196472167969,346.1553649902344,341.7956237792969,337.2287902832031,332.7113952636719,327.94842529296875,323.0188903808594,318.01904296875,312.8167266845703,307.39942932128906,301.9858093261719,296.4495544433594,290.5411834716797,284.3083190917969,277.77447509765625,271.3492126464844,265.09788513183594,258.2740783691406,251.1261749267578,243.64813232421875,236.02505493164062,228.07989501953125,219.85906982421875,211.4266357421875,202.71163940429688,194.0184326171875,185.04257202148438,176.01516723632812,167.07827758789062,158.42648315429688,149.9698486328125,141.42559814453125,132.9853515625,124.78756713867188,116.9600830078125,109.32156372070312,101.9864501953125,94.95858764648438,88.1683349609375,81.7005615234375,75.95281982421875,70.52371215820312,65.22256469726562,60.478240966796875,56.02923583984375,52.188873291015625,48.568603515625,45.579254150390625,43.158233642578125,41.235931396484375,39.936767578125,39.263885498046875,39.31964111328125,39.881805419921875,41.433349609375,43.732177734375,46.53533935546875,49.874267578125,54.019866943359375,58.6942138671875,64.14599609375,69.886962890625,75.8916015625,82.28543090820312,88.9058837890625,96.05252075195312,103.6553955078125,111.382080078125,119.33499145507812,127.5428466796875,135.7005615234375,144.37332153320312,153.09066772460938,161.9241943359375,170.88253784179688,180.06668090820312,189.41635131835938,198.88119506835938,208.47900390625,217.85443115234375,226.9493408203125,236.3533935546875,245.58612060546875,254.3985137939453,262.9688262939453,271.40638732910156,279.27024841308594,287.0242156982422,294.4260711669922,301.44281005859375,308.0863342285156,314.453369140625,320.54150390625,326.1943054199219,331.4485778808594,336.36505126953125,341.118408203125
"S142",335.4211883544922,338.79771423339844,342.13995361328125,345.2836456298828,348.12445068359375,350.65830993652344,352.77752685546875,354.77069091796875,356.39678955078125,357.8107604980469,359.08197021484375,360.1543273925781,361.10833740234375,361.8762969970703,362.27337646484375,362.57362365722656,362.77247619628906,362.80450439453125,362.7486877441406,362.5486145019531,362.34120178222656,361.97438049316406,361.55702209472656,360.9871520996094,360.3435516357422,359.47642517089844,358.48524475097656,357.3500061035156,355.98060607910156,354.4125061035156,352.5518493652344,350.4648895263672,348.1336364746094,345.5437774658203,342.60987854003906,339.3807373046875,335.8249206542969,331.9800262451172,327.84649658203125,323.4817657470703,318.7427978515625,313.77098083496094,308.6208953857422,303.2037353515625,297.49244689941406,291.6411437988281,285.6734619140625,279.470947265625,273.3800964355469,266.9779510498047,260.3262176513672,253.57742309570312,246.552001953125,239.18630981445312,231.82305908203125,224.23593139648438,216.09219360351562,207.48056030273438,198.41375732421875,189.50125122070312,180.86294555664062,171.4246826171875,161.56576538085938,151.32156372070312,140.92959594726562,130.18460083007812,119.16033935546875,107.95919799804688,96.43673706054688,85.140869140625,73.54098510742188,61.98291015625,50.66424560546875,39.818450927734375,29.350250244140625,18.829132080078125,8.493988037109375,-1.470245361328125,-10.879791259765625,-20.02789306640625,-28.7799072265625,-37.08575439453125,-45.0546875,-52.65576171875,-59.2344970703125,-65.34539794921875,-71.30572509765625,-76.40863037109375,-81.0621337890625,-84.87847900390625,-88.30419921875,-90.8310546875,-92.56524658203125,-93.52777099609375,-93.623046875,-92.88629150390625,-91.1842041015625,-88.7852783203125,-85.1741943359375,-80.64306640625,-75.5673828125,-69.87890625,-63.20623779296875,-56.0074462890625,-47.94537353515625,-39.59246826171875,-30.9742431640625,-21.96826171875,-12.82196044921875,-4.02703857421875,5.405426025390625,15.037384033203125,25.0250244140625,35.1868896484375,45.3770751953125,56.2041015625,67.00750732421875,78.03225708007812,89.15444946289062,100.5150146484375,112.22158813476562,124.10910034179688,135.99020385742188,147.70889282226562,159.02508544921875,170.77691650390625,182.3040771484375,193.20040893554688,203.95904541015625,214.4266357421875,224.34259033203125,233.99365234375,243.286865234375,252.0341033935547,260.32554626464844,268.2453308105469,275.80682373046875,282.8373718261719,289.39593505859375,295.52655029296875,301.47088623046875
"S143",-Infinity,-Infinity,-Infinity,-Infinity,-Infinity,-Infinity,-Infinity,-Infinity,-Infinity,-Infinity,-Infinity,-Infinity,-Infinity,-Infinity,-Infinity,-Infinity,-Infinity,-Infinity,-Infinity,-Infinity,-Infinity,-Infinity,-Infinity,-Infinity,-Infinity,-Infinity,-Infinity,-Infinity,-Infinity,-Infinity,-Infinity,-Infinity,-Infinity,-Infinity,-Infinity,-Infinity,-Infinity,-Infinity,-Infinity,-Infinity,-Infinity,-Infinity,-Infinity,-Infinity,-Infinity,-Infinity,-Infinity,-Infinity,-Infinity,-Infinity,-Infinity,-Infinity,-Infinity,-Infinity,-Infinity,-Infinity,-Infinity,-Infinity,-Infinity,-Infinity,-Infinity,-Infinity,-Infinity,-Infinity,-Infinity,-Infinity,-Infinity,-Infinity,-Infinity,-Infinity,-Infinity,-Infinity,-Infinity,-Infinity,-Infinity,-Infinity,-Infinity,-Infinity,-Infinity,-Infinity,-Infinity,-Infinity,-Infinity,-Infinity,-Infinity,-Infinity,-Infinity,-Infinity,-Infinity,-Infinity,-Infinity,-Infinity,-Infinity,-Infinity,-Infinity,-Infinity,-Infinity,-Infinity,-Infinity,-Infinity,-Infinity,-Infinity,-Infinity,-Infinity,-Infinity,-Infinity,-Infinity,-Infinity,-Infinity,-Infinity,-Infinity,-Infinity,-Infinity,-Infinity,-Infinity,-Infinity,-Infinity,-Infinity,-Infinity,-Infinity,-Infinity,-Infinity,-Infinity,-Infinity,-Infinity,-Infinity,-Infinity,-Infinity,-Infinity,-Infinity,-Infinity,-Infinity,-Infinity,-Infinity,-Infinity,-Infinity,-Infinity,-Infinity,-Infinity,-Infinity,-Infinity
"S144",-Infinity,-Infinity,-Infinity,-Infinity,-Infinity,-Infinity,-Infinity,-Infinity,-Infinity,-Infinity,-Infinity,-Infinity,-Infinity,-Infinity,-Infinity,-Infinity,-Infinity,-Infinity,-Infinity,-Infinity,-Infinity,-Infinity,-Infinity,-Infinity,-Infinity,-Infinity,-Infinity,-Infinity,-Infinity,-Infinity,-Infinity,-Infinity,-Infinity,-Infinity,-Infinity,-Infinity,-Infinity,-Infinity,-Infinity,-Infinity,-Infinity,-Infinity,-Infinity,-Infinity,-Infinity,-Infinity,-Infinity,-Infinity,-Infinity,-Infinity,-Infinity,-Infinity,-Infinity,-Infinity,-Infinity,-Infinity,-Infinity,-Infinity,-Infinity,-Infinity,-Infinity,-Infinity,-Infinity,-Infinity,-Infinity,-Infinity,-Infinity,-Infinity,-Infinity,-Infinity,-Infinity,-Infinity,-Infinity,-Infinity,-Infinity,-Infinity,-Infinity,-Infinity,-Infinity,-Infinity,-Infinity,-Infinity,-Infinity,-Infinity,-Infinity,-Infinity,-Infinity,-Infinity,-Infinity,-Infinity,-Infinity,-Infinity,-Infinity,-Infinity,-Infinity,-Infinity,-Infinity,-Infinity,-Infinity,-Infinity,-Infinity,-Infinity,-Infinity,-Infinity,-Infinity,-Infinity,-Infinity,-Infinity,-Infinity,-Infinity,-Infinity,-Infinity,-Infinity,-Infinity,-Infinity,-Infinity,-Infinity,-Infinity,-Infinity,-Infinity,-Infinity,-Infinity,-Infinity,-Infinity,-Infinity,-Infinity,-Infinity,-Infinity,-Infinity,-Infinity,-Infinity,-Infinity,-Infinity,-Infinity,-Infinity,-Infinity,-Infinity,-Infinity,-Infinity,-Infinity,-Infinity
"S145",-Infinity,-Infinity,-Infinity,-Infinity,-Infinity,-Infinity,-Infinity,-Infinity,-Infinity,-Infinity,-Infinity,-Infinity,-Infinity,-Infinity,-Infinity,-Infinity,-Infinity,-Infinity,-Infinity,-Infinity,-Infinity,-Infinity,-Infinity,-Infinity,-Infinity,-Infinity,-Infinity,-Infinity,-Infinity,-Infinity,-Infinity,-Infinity,-Infinity,-Infinity,-Infinity,-Infinity,-Infinity,-Infinity,-Infinity,-Infinity,-Infinity,-Infinity,-Infinity,-Infinity,-Infinity,-Infinity,-Infinity,-Infinity,-Infinity,-Infinity,-Infinity,-Infinity,-Infinity,-Infinity,-Infinity,-Infinity,-Infinity,-Infinity,-Infinity,-Infinity,-Infinity,-Infinity,-Infinity,-Infinity,-Infinity,-Infinity,-Infinity,-Infinity,-Infinity,-Infinity,-Infinity,-Infinity,-Infinity,-Infinity,-Infinity,-Infinity,-Infinity,-Infinity,-Infinity,-Infinity,-Infinity,-Infinity,-Infinity,-Infinity,-Infinity,-Infinity,-Infinity,-Infinity,-Infinity,-Infinity,-Infinity,-Infinity,-Infinity,-Infinity,-Infinity,-Infinity,-Infinity,-Infinity,-Infinity,-Infinity,-Infinity,-Infinity,-Infinity,-Infinity,-Infinity,-Infinity,-Infinity,-Infinity,-Infinity,-Infinity,-Infinity,-Infinity,-Infinity,-Infinity,-Infinity,-Infinity,-Infinity,-Infinity,-Infinity,-Infinity,-Infinity,-Infinity,-Infinity,-Infinity,-Infinity,-Infinity,-Infinity,-Infinity,-Infinity,-Infinity,-Infinity,-Infinity,-Infinity,-Infinity,-Infinity,-Infinity,-Infinity,-Infinity,-Infinity,-Infinity,-Infinity
"S146",-Infinity,-Infinity,-Infinity,-Infinity,-Infinity,-Infinity,-Infinity,-Infinity,-Infinity,-Infinity,-Infinity,-Infinity,-Infinity,-Infinity,-Infinity,-Infinity,-Infinity,-Infinity,-Infinity,-Infinity,-Infinity,-Infinity,-Infinity,-Infinity,-Infinity,-Infinity,-Infinity,-Infinity,-Infinity,-Infinity,-Infinity,-Infinity,-Infinity,-Infinity,-Infinity,-Infinity,-Infinity,-Infinity,-Infinity,-Infinity,-Infinity,-Infinity,-Infinity,-Infinity,-Infinity,-Infinity,-Infinity,-Infinity,-Infinity,-Infinity,-Infinity,-Infinity,-Infinity,-Infinity,-Infinity,-Infinity,-Infinity,-Infinity,-Infinity,-Infinity,-Infinity,-Infinity,-Infinity,-Infinity,-Infinity,-Infinity,-Infinity,-Infinity,-Infinity,-Infinity,-Infinity,-Infinity,-Infinity,-Infinity,-Infinity,-Infinity,-Infinity,-Infinity,-Infinity,-Infinity,-Infinity,-Infinity,-Infinity,-Infinity,-Infinity,-Infinity,-Infinity,-Infinity,-Infinity,-Infinity,-Infinity,-Infinity,-Infinity,-Infinity,-Infinity,-Infinity,-Infinity,-Infinity,-Infinity,-Infinity,-Infinity,-Infinity,-Infinity,-Infinity,-Infinity,-Infinity,-Infinity,-Infinity,-Infinity,-Infinity,-Infinity,-Infinity,-Infinity,-Infinity,-Infinity,-Infinity,-Infinity,-Infinity,-Infinity,-Infinity,-Infinity,-Infinity,-Infinity,-Infinity,-Infinity,-Infinity,-Infinity,-Infinity,-Infinity,-Infinity,-Infinity,-Infinity,-Infinity,-Infinity,-Infinity,-Infinity,-Infinity,-Infinity,-Infinity,-Infinity,-Infinity
"S147",106.14486694335938,80.98251342773438,131.97808837890625,150.05474853515625,209.62701416015625,219.1810302734375,199.58709716796875,193.3778076171875,213.45272827148438,226.08465576171875,229.5794677734375,226.47225952148438,225.84072875976562,226.98550415039062,253.8023681640625,249.05235290527344,239.4993896484375,274.4838409423828,250.07681274414062,269.25230407714844,242.23089599609375,253.52108764648438,262.37351989746094,289.65122985839844,273.06060791015625,288.65028381347656,286.49623107910156,287.8890075683594,300.1230010986328,288.7868957519531,287.47509765625,297.29376220703125,309.5941162109375,298.17726135253906,296.54058837890625,277.6795196533203,268.0718994140625,292.94366455078125,262.81236267089844,262.38519287109375,253.66151428222656,246.43980407714844,194.16104125976562,183.8675537109375,174.19464111328125,126.42779541015625,72.19375610351562,105.9053955078125,-52.2972412109375,-37.4622802734375,-55.3162841796875,-68.311279296875,-85.25885009765625,-124.7591552734375,-178.24774169921875,-255.3922119140625,-148.4989013671875,-72.62872314453125,-158.31365966796875,-202.44287109375,-134.45391845703125,-109.0732421875,-174.03546142578125,-176.50421142578125,-170.585205078125,-119.193603515625,-137.68994140625,-211.1226806640625,-210.47491455078125,-153.62408447265625,-147.861572265625,-182.87213134765625,-124.13958740234375,-178.10992431640625,-166.1650390625,-171.15863037109375,-186.53826904296875,-172.83392333984375,-245.08203125,-271.2681884765625,-262.98736572265625,-215.13873291015625,-252.5902099609375,-258.26080322265625,-226.28131103515625,-293.37298583984375,-196.20941162109375,-203.8140869140625,-210.95001220703125,-217.169189453125,-223.0089111328125,-227.872314453125,-231.8656005859375,-234.986083984375,-237.1070556640625,-238.27398681640625,-238.303955078125,-237.4288330078125,-235.0240478515625,-231.40087890625,-227.005859375,-221.75408935546875,-215.13214111328125,-207.72515869140625,-199.08062744140625,-189.9444580078125,-180.33270263671875,-177.85107421875,-175.439208984375,-153.48895263671875,-136.10308837890625,-179.4833984375,-294.880126953125,-232.9058837890625,-291.13275146484375,-217.32659912109375,-168.94683837890625,-118.97955322265625,-199.18896484375,-160.91656494140625,-137.4222412109375,-121.59954833984375,-79.892333984375,-18.9349365234375,-183.67669677734375,-186.65936279296875,-52.384765625,-56.63702392578125,-94.31658935546875,-146.26885986328125,-117.44110107421875,-53.809326171875,-73.3131103515625,-30.6390380859375,-19.33544921875,-28.56195068359375,-16.11016845703125,-37.71295166015625,30.664764404296875,-9.931396484375,46.26641845703125
"S148",108.0008544921875,136.12188720703125,204.48333740234375,152.88818359375,154.52862548828125,231.22216796875,179.39697265625,147.8233642578125,226.51126098632812,201.156005859375,187.59674072265625,220.8770751953125,217.02359008789062,178.75640869140625,260.17742919921875,234.56964111328125,216.786376953125,281.6386413574219,227.00106811523438,250.59207153320312,239.88165283203125,241.68655395507812,246.5191192626953,302.0722351074219,270.0673828125,269.72601318359375,306.51625061035156,300.2068328857422,290.4323425292969,309.9790802001953,307.96533203125,298.1572723388672,323.4255676269531,320.94728088378906,300.2917785644531,311.07513427734375,280.35247802734375,270.71826171875,295.97813415527344,284.2660369873047,259.9283447265625,272.6706237792969,220.263671875,182.126953125,212.4239501953125,143.61825561523438,90.808837890625,121.59530639648438,28.688690185546875,-19.33203125,66.15936279296875,-6.70855712890625,-30.4315185546875,-40.84466552734375,-68.91827392578125,-204.5400390625,-20.49078369140625,23.89678955078125,6.47186279296875,34.780242919921875,-34.63104248046875,8.61810302734375,-46.5467529296875,-90.68719482421875,-56.37371826171875,7.5137939453125,7.265411376953125,-108.4102783203125,-115.793701171875,-39.1175537109375,-3.515350341796875,-46.93560791015625,-31.0382080078125,-147.49713134765625,-58.52020263671875,-105.79339599609375,-107.60052490234375,-76.760986328125,-215.12335205078125,-252.66107177734375,-188.0731201171875,-122.721435546875,-133.14306640625,-220.2161865234375,-208.50640869140625,-207.59271240234375,-168.83551025390625,-176.1094970703125,-182.9345703125,-188.90325927734375,-194.49615478515625,-199.17266845703125,-203.02099609375,-205.9964599609375,-208.00860595703125,-208.28521728515625,-206.1973876953125,-203.42376708984375,-199.1259765625,-193.78021240234375,-187.6373291015625,-180.81158447265625,-172.91864013671875,-164.26495361328125,-154.61187744140625,-144.64324951171875,-139.35430908203125,-154.2994384765625,-112.616943359375,-100.84674072265625,-88.48187255859375,-158.1605224609375,-348.478515625,-292.5994873046875,-227.86273193359375,-111.46209716796875,-90.61602783203125,4.76629638671875,-85.638427734375,-88.26898193359375,-58.009765625,-90.82562255859375,-80.177978515625,6.989654541015625,-225.9364013671875,-254.8536376953125,-1.497711181640625,-72.39630126953125,-154.0269775390625,-129.6109619140625,-102.94293212890625,-10.215972900390625,34.547882080078125,-9.5831298828125,-78.63983154296875,-42.477783203125,-54.67401123046875,8.48486328125,47.697357177734375,53.716400146484375,35.333648681640625
"S149",156.38641357421875,122.85870361328125,181.97442626953125,191.99176025390625,222.91806030273438,249.0915069580078,128.30923461914062,223.53619384765625,236.02239990234375,227.32452392578125,262.15977478027344,272.64898681640625,291.38758850097656,276.68165588378906,292.2232208251953,298.8617858886719,308.53770446777344,302.4436340332031,303.289794921875,319.49920654296875,309.47601318359375,315.0989227294922,326.8799743652344,319.80845642089844,330.90953063964844,333.7713165283203,332.9181671142578,331.95176696777344,330.7325897216797,329.31800842285156,327.5881042480469,325.62806701660156,283.2669372558594,320.94728088378906,318.0782775878906,314.8704376220703,311.2971954345703,307.39447021484375,303.1279602050781,298.59552001953125,293.59986877441406,288.28326416015625,282.7396697998047,276.8244934082031,270.5200500488281,205.72164916992188,191.50814819335938,139.87161254882812,144.60076904296875,62.3851318359375,113.29122924804688,100.4234619140625,73.99002075195312,33.507598876953125,-71.5721435546875,-89.72723388671875,-43.44390869140625,-12.34808349609375,-129.317626953125,-144.11419677734375,-73.15386962890625,-56.43927001953125,-89.21453857421875,-65.22442626953125,-90.07135009765625,-35.72802734375,-80.6478271484375,-136.0426025390625,-114.88250732421875,-65.944091796875,-83.4464111328125,-40.49072265625,-41.09393310546875,-76.588623046875,-131.26556396484375,-117.40478515625,-162.21795654296875,-135.16973876953125,-110.04559326171875,-157.85638427734375,-222.12982177734375,-233.12371826171875,-149.25067138671875,-157.65435791015625,-153.69207763671875,-189.0032958984375,-168.83551025390625,-176.1094970703125,-182.9345703125,-188.90325927734375,-194.49615478515625,-199.17266845703125,-203.02099609375,-205.9964599609375,-208.00860595703125,-208.28521728515625,-206.1973876953125,-203.42376708984375,-199.1259765625,-193.78021240234375,-187.6373291015625,-180.81158447265625,-172.91864013671875,-164.26495361328125,-154.61187744140625,-144.64324951171875,-134.45037841796875,-123.65728759765625,-146.39947509765625,-127.96148681640625,-132.151611328125,-107.69989013671875,-124.732177734375,-54.124755859375,-102.7698974609375,-152.1324462890625,-121.3492431640625,-95.8095703125,-144.12518310546875,-186.2998046875,-42.4915771484375,-163.25238037109375,-84.6107177734375,-155.9393310546875,-144.72662353515625,-227.14111328125,-105.37078857421875,-107.80169677734375,-202.91888427734375,-70.6326904296875,-42.14874267578125,-170.10137939453125,-41.310791015625,-90.327880859375,-82.81402587890625,-40.5406494140625,-29.8614501953125,29.1715087890625,8.253570556640625,-11.212860107421875,28.126373291015625
"S150",-3.071319580078125,-20.3038330078125,-20.63653564453125,-10.736602783203125,9.860504150390625,97.78659057617188,42.5989990234375,132.19595336914062,129.089599609375,148.52554321289062,205.3270263671875,179.46771240234375,183.39520263671875,227.67337036132812,205.37802124023438,217.94363403320312,249.22470092773438,232.8896484375,239.27511596679688,256.94529724121094,254.46957397460938,246.69888305664062,268.9535827636719,262.64776611328125,271.6353302001953,283.7966003417969,295.1531066894531,272.9433135986328,286.44166564941406,285.8220520019531,295.59361267089844,284.4565124511719,243.84292602539062,306.0824279785156,288.0401153564453,300.3160705566406,275.8504333496094,286.2100830078125,287.3411865234375,277.50146484375,256.37416076660156,231.9342041015625,236.642578125,235.2796630859375,174.87222290039062,96.39306640625,20.9661865234375,-62.00738525390625,-35.73162841796875,-79.78570556640625,-197.43310546875,-150.71527099609375,-85.51849365234375,-288.25457763671875,-241.67431640625,-268.289794921875,-239.69232177734375,-223.30511474609375,-269.71087646484375,-486.4259033203125,-321.964111328125,-284.17791748046875,-222.337890625,-207.4871826171875,-234.41937255859375,-311.61932373046875,-212.47113037109375,-236.43768310546875,-263.04132080078125,-389.16961669921875,-341.733642578125,-245.5001220703125,-198.775634765625,-216.55615234375,-251.72216796875,-291.024658203125,-263.61505126953125,-379.71795654296875,-299.0096435546875,-443.767578125,-493.685791015625,-540.1497802734375,-638.3409423828125,-408.0506591796875,-306.7822265625,-362.5604248046875,-356.8701171875,-447.13311767578125,-625.10400390625,-310.1727294921875,-401.73553466796875,-343.65435791015625,-313.412841796875,-453.0823974609375,-405.521240234375,-318.432373046875,-361.1881103515625,-322.07403564453125,-357.4736328125,-357.9869384765625,-331.072265625,-289.39727783203125,-399.5067138671875,-398.85797119140625,-245.58331298828125,-371.13214111328125,-238.87841796875,-542.4732666015625,-470.10369873046875,-515.9221801757812,-378.75994873046875,-365.4119873046875,-371.10516357421875,-335.75897216796875,-438.89031982421875,-487.297119140625,-391.46722412109375,-387.034912109375,-407.96636962890625,-407.86993408203125,-346.285888671875,-396.951171875,-344.74578857421875,-462.68359375,-347.779541015625,-378.2606201171875,-323.1905517578125,-279.06787109375,-329.8179931640625,-169.16998291015625,-177.34466552734375,-327.3018798828125,-362.37213134765625,-187.5546875,-251.67901611328125,-201.07379150390625,-172.37786865234375,-287.22918701171875,-157.8084716796875,-143.47564697265625,-182.19696044921875
"S151",-196.9459228515625,-198.1343994140625,-196.96630859375,-104.52984619140625,-138.16375732421875,-129.8341064453125,-85.3465576171875,-23.55682373046875,-44.970703125,7.32861328125,35.986541748046875,-20.4007568359375,-12.28643798828125,79.14581298828125,41.579620361328125,83.97000122070312,70.90020751953125,61.034637451171875,94.30947875976562,92.35867309570312,109.51296997070312,68.41183471679688,135.28854370117188,122.67770385742188,162.6162109375,174.71002197265625,174.77389526367188,163.11395263671875,189.27194213867188,190.60879516601562,149.12783813476562,183.97695922851562,185.68594360351562,181.87167358398438,187.14556884765625,201.5166015625,177.29385375976562,176.22470092773438,189.44876098632812,150.86111450195312,139.20492553710938,119.08819580078125,56.154998779296875,32.983245849609375,34.621185302734375,-41.97369384765625,-184.29144287109375,-249.0123291015625,-298.1671142578125,-329.42608642578125,-415.4442138671875,-430.01666259765625,-345.05792236328125,-369.04827880859375,-600.067138671875,-672.24560546875,-758.1405029296875,-753.9666748046875,-742.4263916015625,-537.8311767578125,-599.8919677734375,-813.4595947265625,-769.6597900390625,-639.34228515625,-625.4798583984375,-832.2845458984375,-651.30322265625,-659.187744140625,-689.7620849609375,-678.5087890625,-749.8009033203125,-719.0218505859375,-659.5325927734375,-676.179931640625,-592.3861083984375,-731.8013916015625,-647.4976806640625,-764.4642333984375,-707.94873046875,-720.0574951171875,-947.0458984375,-768.171875,-753.1915283203125,-782.99560546875,-660.34423828125,-730.2906494140625,-694.21484375,-912.335693359375,-832.5999755859375,-675.9808349609375,-842.7630615234375,-804.607666015625,-709.278564453125,-890.8382568359375,-818.5352783203125,-983.6129150390625,-759.044921875,-633.6685791015625,-595.6741943359375,-541.1661376953125,-580.108154296875,-585.7491455078125,-547.7657470703125,-580.252197265625,-616.714111328125,-638.879638671875,-539.0316162109375,-800.7042236328125,-655.15478515625,-874.04638671875,-738.5546875,-633.8492431640625,-644.864990234375,-722.3035888671875,-750.2318115234375,-673.1851806640625,-659.893310546875,-734.23388671875,-682.296875,-633.74267578125,-669.02099609375,-712.886474609375,-721.60986328125,-764.313720703125,-807.76708984375,-707.8968505859375,-738.519775390625,-780.5865478515625,-629.78955078125,-526.565185546875,-576.19189453125,-628.757568359375,-462.470947265625,-542.653564453125,-507.0167236328125,-577.888427734375,-604.0787353515625,-608.9141845703125,-620.6575927734375,-439.48175048828125,-396.31964111328125
"S152",-316.66546630859375,-304.02783203125,-437.622314453125,-341.970947265625,-448.27691650390625,-179.0048828125,-127.48236083984375,-208.272705078125,-129.07025146484375,-50.66595458984375,-75.522216796875,-75.3065185546875,-30.74737548828125,-49.0859375,-17.80517578125,-0.060882568359375,-37.67742919921875,-114.701904296875,-17.66217041015625,4.282562255859375,62.793243408203125,79.37652587890625,70.20889282226562,72.80307006835938,80.05862426757812,89.71893310546875,70.26763916015625,59.91046142578125,108.23068237304688,127.12542724609375,39.99249267578125,65.67929077148438,103.25363159179688,109.54928588867188,97.61077880859375,98.47000122070312,96.266357421875,105.16323852539062,105.53164672851562,74.94674682617188,71.92105102539062,18.8790283203125,-80.09100341796875,-189.07672119140625,-94.12933349609375,-195.91552734375,-517.3508911132812,-823.23046875,-376.9580078125,-486.43792724609375,-785.453125,-602.9100341796875,-617.72216796875,-573.3673095703125,-800.4849853515625,-840.5634765625,-930.27587890625,-844.4132080078125,-897.6065673828125,-657.5572509765625,-756.638427734375,-738.2596435546875,-1082.3154296875,-757.609130859375,-651.258056640625,-809.1585693359375,-829.200927734375,-729.748046875,-913.457763671875,-704.2532958984375,-926.174560546875,-893.98681640625,-908.2120361328125,-725.8125,-599.17041015625,-801.6866455078125,-792.343505859375,-752.6099853515625,-992.6138916015625,-865.0159912109375,-973.38623046875,-796.809814453125,-769.8575439453125,-802.2852783203125,-842.717529296875,-863.12841796875,-779.3131103515625,-833.9974365234375,-744.4259033203125,-709.0430908203125,-768.0765380859375,-859.2650146484375,-850.908447265625,-892.880615234375,-875.5965576171875,-751.4337158203125,-785.6044921875,-807.2935791015625,-939.955078125,-668.5350341796875,-590.8616943359375,-756.83544921875,-572.3275146484375,-663.06396484375,-1099.8419189453125,-655.6038818359375,-762.0894775390625,-754.072265625,-608.7291259765625,-606.5013427734375,-667.3363037109375,-691.239990234375,-743.6136474609375,-837.5079345703125,-771.668212890625,-856.51611328125,-865.929931640625,-952.6768798828125,-828.193603515625,-792.7926025390625,-723.44091796875,-919.2816162109375,-813.1630859375,-961.240966796875,-922.4803466796875,-952.4580078125,-1028.6907958984375,-858.429931640625,-979.710693359375,-701.4183349609375,-721.2777099609375,-794.947509765625,-650.7576904296875,-971.76123046875,-623.8814697265625,-709.1435546875,-647.1859130859375,-713.85595703125,-784.0308837890625,-975.0462646484375,-765.628173828125
"S153",-98.47515869140625,36.465057373046875,34.832855224609375,-145.9847412109375,37.0799560546875,37.8841552734375,59.79547119140625,-11.573638916015625,45.688934326171875,119.596435546875,167.8209228515625,148.16860961914062,146.34454345703125,143.45550537109375,174.5245361328125,158.38885498046875,90.63970947265625,150.70303344726562,175.25335693359375,196.18118286132812,232.13336181640625,175.63925170898438,188.40475463867188,202.01998901367188,204.84063720703125,244.02565002441406,125.40365600585938,33.54290771484375,69.35739135742188,161.52044677734375,82.92559814453125,10.779052734375,158.28536987304688,128.95306396484375,169.86376953125,189.22195434570312,138.8551025390625,172.00497436523438,158.7679443359375,169.14981079101562,150.45028686523438,73.38803100585938,101.855224609375,72.3992919921875,21.730438232421875,-130.12713623046875,-514.5238037109375,-87.3135986328125,-64.1524658203125,-252.2781982421875,-310.516845703125,-251.4337158203125,-292.4896240234375,-291.43463134765625,-294.230712890625,-306.51129150390625,-407.09490966796875,-252.87103271484375,-173.45196533203125,-259.98480224609375,-165.8009033203125,-208.2789306640625,-159.1304931640625,-259.17169189453125,-367.2587890625,-207.92474365234375,-284.33203125,-187.4149169921875,-324.02459716796875,-206.7313232421875,-209.97247314453125,-250.41705322265625,-291.0316162109375,-387.82879638671875,-343.63763427734375,-381.56243896484375,-314.6014404296875,-295.21160888671875,-276.28936767578125,-493.225830078125,-766.869140625,-341.56414794921875,-288.85821533203125,-288.70025634765625,-461.697265625,-388.56622314453125,-233.8250732421875,-305.85687255859375,-230.66064453125,-223.90362548828125,-272.7330322265625,-630.3240966796875,-339.7158203125,-468.01898193359375,-369.44757080078125,-409.932861328125,-359.43988037109375,-502.32220458984375,-516.2879638671875,-882.540771484375,-247.48468017578125,-313.1368408203125,-370.72772216796875,-298.53045654296875,-333.05755615234375,-379.3895263671875,-319.445068359375,-462.2716064453125,-576.9376220703125,-319.48065185546875,-427.61151123046875,-477.27386474609375,-433.677734375,-530.3359375,-468.31585693359375,-358.06787109375,-391.44677734375,-411.5045166015625,-440.92877197265625,-398.71441650390625,-669.9617919921875,-610.2332763671875,-519.4904174804688,-549.021728515625,-669.908447265625,-522.5271606445312,-430.5452880859375,-434.8631591796875,-560.426025390625,-311.1065673828125,-422.325439453125,-544.2664794921875,-575.552001953125,-1157.6689453125,-402.16619873046875,-499.195556640625,-392.48126220703125,-299.3673095703125,-362.8990478515625,-368.86572265625,-341.88531494140625
"S154",40.787994384765625,74.9610595703125,115.0390625,52.574615478515625,113.05307006835938,127.40432739257812,80.03347778320312,152.03836059570312,179.54388427734375,197.32723999023438,231.57363891601562,243.39019775390625,227.45516967773438,223.17050170898438,214.90496826171875,219.18960571289062,194.30331420898438,213.43081665039062,249.5201873779297,248.3895263671875,270.5158233642578,241.025634765625,274.28065490722656,267.12232971191406,261.99195861816406,260.248291015625,230.45425415039062,191.15463256835938,217.88735961914062,257.7383117675781,110.19839477539062,180.78634643554688,246.79490661621094,230.20303344726562,245.36245727539062,219.63360595703125,215.70736694335938,232.1810302734375,224.49313354492188,221.26629638671875,230.98056030273438,184.10260009765625,177.01092529296875,158.85171508789062,103.6234130859375,-18.80023193359375,-234.0924072265625,25.280548095703125,47.704345703125,-146.8677978515625,-145.4580078125,-206.207763671875,-235.22674560546875,-305.43890380859375,-342.1346435546875,-414.140625,-512.2716064453125,-507.98468017578125,-415.09307861328125,-447.61895751953125,-376.01812744140625,-378.0330810546875,-360.80419921875,-556.43994140625,-557.8521728515625,-474.7686767578125,-542.232666015625,-418.41943359375,-533.1258544921875,-419.58758544921875,-483.5472412109375,-533.9952392578125,-573.833740234375,-721.6160888671875,-545.2020263671875,-728.125,-703.500732421875,-640.54541015625,-624.320556640625,-675.2938232421875,-730.2174072265625,-591.2806396484375,-674.42626953125,-629.0206298828125,-803.0826416015625,-621.7808837890625,-498.97186279296875,-493.9075927734375,-418.30755615234375,-405.9691162109375,-645.4140625,-654.183349609375,-491.626953125,-572.658447265625,-577.3494873046875,-512.4776611328125,-529.974609375,-578.8504638671875,-584.0504150390625,-630.0430908203125,-411.28839111328125,-430.19940185546875,-579.409912109375,-511.92120361328125,-505.48114013671875,-450.694580078125,-413.42266845703125,-468.62890625,-588.6942138671875,-574.42529296875,-509.0340576171875,-630.7584228515625,-518.3297119140625,-523.6665649414062,-544.2222900390625,-457.513916015625,-455.89483642578125,-451.64300537109375,-430.44940185546875,-399.76123046875,-457.96551513671875,-472.591796875,-385.7130126953125,-539.8211669921875,-656.1282958984375,-432.361083984375,-297.7108154296875,-300.08685302734375,-333.80242919921875,-180.0963134765625,-260.9996337890625,-286.11572265625,-321.81292724609375,-520.9901733398438,-242.37591552734375,-242.7398681640625,-257.6839599609375,-211.12518310546875,-184.08026123046875,-195.95513916015625,-220.05487060546875
"S155",16.44769287109375,-134.90826416015625,71.01287841796875,48.03656005859375,105.82504272460938,168.46383666992188,117.37393188476562,181.32870483398438,164.0938720703125,218.22622680664062,209.0411376953125,208.68792724609375,248.89776611328125,239.14364624023438,179.92092895507812,242.69241333007812,240.23843383789062,200.60330200195312,228.20864868164062,198.17391967773438,230.12417602539062,225.958251953125,237.68026733398438,234.64492797851562,228.66015625,192.4580078125,213.38217163085938,213.950439453125,226.84930419921875,265.6048889160156,242.39688110351562,244.77627563476562,251.02911376953125,230.17919921875,257.09246826171875,202.67764282226562,212.80154418945312,233.380615234375,221.84274291992188,184.66104125976562,201.12774658203125,181.38812255859375,172.94680786132812,148.66702270507812,84.82400512695312,68.96383666992188,47.51824951171875,21.80877685546875,-99.54736328125,-322.6192626953125,-342.62554931640625,-719.457763671875,-478.5535888671875,-510.77435302734375,-559.046630859375,-724.3052978515625,-737.11865234375,-918.1881103515625,-698.8421630859375,-765.06640625,-697.9910888671875,-741.35791015625,-871.92822265625,-993.108154296875,-936.868896484375,-912.0618896484375,-924.71337890625,-1243.1044921875,-1062.78466796875,-826.9356689453125,-889.5028076171875,-922.5369873046875,-922.0894775390625,-965.0968017578125,-896.67431640625,-1043.700927734375,-924.461181640625,-1038.4241943359375,-1118.4171142578125,-1331.2257080078125,-1048.681640625,-887.8680419921875,-969.9769287109375,-899.025146484375,-1020.217529296875,-856.5740966796875,-919.3616943359375,-915.93505859375,-830.617919921875,-839.0244140625,-982.5157470703125,-1072.5411376953125,-900.3094482421875,-862.9757080078125,-1039.210693359375,-1092.3619384765625,-789.904541015625,-715.68017578125,-1090.0882568359375,-888.941650390625,-763.902587890625,-813.9332275390625,-1041.5823974609375,-811.880615234375,-907.8585205078125,-931.5673828125,-725.7509765625,-741.88720703125,-833.9188232421875,-873.0296630859375,-794.164794921875,-754.025634765625,-635.7227783203125,-555.186279296875,-577.3717041015625,-559.1898193359375,-544.4180908203125,-483.00482177734375,-431.669189453125,-420.73907470703125,-438.61407470703125,-341.98651123046875,-484.880126953125,-459.73724365234375,-513.4303588867188,-457.04144287109375,-326.21441650390625,-351.95208740234375,-212.81866455078125,-167.15704345703125,-114.5972900390625,-175.545654296875,-286.48956298828125,-168.5517578125,-335.13616943359375,-278.91595458984375,-109.34539794921875,-235.24322509765625,3.558837890625,-63.70538330078125,-73.5975341796875
"S156",-14.01507568359375,63.02374267578125,107.99310302734375,123.04306030273438,113.97940063476562,165.39212036132812,106.55731201171875,141.60113525390625,202.85720825195312,184.12722778320312,198.8135986328125,212.390625,205.47378540039062,217.94778442382812,204.90817260742188,195.66839599609375,225.521728515625,235.58697509765625,214.75155639648438,231.25048828125,238.55526733398438,243.98651123046875,234.0838623046875,253.1085205078125,240.70440673828125,249.4717559814453,260.4057922363281,245.80621337890625,239.15936279296875,266.040283203125,235.35293579101562,258.66993713378906,247.77732849121094,230.14877319335938,255.57614135742188,259.9628601074219,217.2010498046875,244.2257080078125,217.9927978515625,214.1029052734375,189.104248046875,188.07492065429688,178.24871826171875,176.61956787109375,119.29141235351562,93.32342529296875,63.2918701171875,11.6468505859375,-66.92559814453125,-263.6383056640625,-367.2415771484375,-357.2666015625,-514.8622436523438,-582.261962890625,-597.8011474609375,-682.04736328125,-671.5662841796875,-746.75830078125,-818.528076171875,-939.9561767578125,-779.4510498046875,-869.888671875,-851.404541015625,-905.813720703125,-817.98876953125,-1046.076416015625,-1434.7376708984375,-888.235595703125,-1092.6585693359375,-887.423583984375,-956.8497314453125,-938.6171875,-1192.0003662109375,-1100.9552001953125,-1022.125244140625,-941.9755859375,-1032.222900390625,-1134.3048095703125,-1094.8619384765625,-1122.9683837890625,-1077.0582275390625,-932.4510498046875,-1072.7916259765625,-848.2835693359375,-915.76708984375,-1020.5660400390625,-907.3212890625,-1058.55322265625,-940.4178466796875,-871.1171875,-938.6746826171875,-1114.978271484375,-1511.9205322265625,-1366.0811767578125,-1035.1893310546875,-1059.15576171875,-930.996826171875,-973.3262939453125,-1030.6767578125,-1137.8773193359375,-882.9893798828125,-952.219482421875,-948.5299072265625,-982.623291015625,-889.6571044921875,-993.6668701171875,-983.173095703125,-807.955322265625,-981.9061279296875,-791.76171875,-813.983154296875,-770.6917724609375,-963.556396484375,-683.9735107421875,-737.6685791015625,-533.1865234375,-518.4046020507812,-689.7679443359375,-491.51727294921875,-342.299560546875,-393.069580078125,-337.44970703125,-377.46380615234375,-306.17108154296875,-231.94635009765625,-728.4180908203125,-277.73333740234375,-248.8055419921875,-184.4061279296875,-225.40631103515625,-147.56201171875,-189.84185791015625,-202.9688720703125,-193.4764404296875,-342.4522705078125,-247.79534912109375,-266.23321533203125,-273.8035888671875,-116.57794189453125,4.19866943359375,-8.20513916015625
"S157",94.80331420898438,81.05288696289062,142.494140625,158.1243896484375,142.62451171875,177.10311889648438,147.39007568359375,166.32379150390625,209.61569213867188,204.1514892578125,230.01284790039062,252.88694763183594,230.6416015625,239.62789916992188,238.06619262695312,247.86813354492188,255.18214416503906,246.42041015625,236.11724853515625,260.3848114013672,272.64573669433594,277.1562805175781,242.74822998046875,289.5266418457031,258.88999938964844,267.46209716796875,292.51275634765625,259.9552307128906,278.62158203125,291.28089904785156,263.3872985839844,284.4705047607422,264.16795349121094,242.32757568359375,285.0105438232422,255.1748046875,218.37692260742188,262.84584045410156,228.61141967773438,185.923095703125,212.59820556640625,176.45123291015625,153.44580078125,151.92288208007812,56.492279052734375,-48.66729736328125,-49.90087890625,-288.52178955078125,-220.10052490234375,-322.09136962890625,-407.27154541015625,-492.228271484375,-572.70947265625,-641.1309814453125,-891.2381591796875,-750.4794921875,-781.347900390625,-721.8106689453125,-880.102783203125,-840.73388671875,-878.8297119140625,-953.8475341796875,-924.953369140625,-981.595458984375,-1059.42724609375,-1020.9229736328125,-1090.1163330078125,-887.784912109375,-953.7403564453125,-1100.79296875,-1043.9208984375,-981.7515869140625,-1132.34619140625,-1106.5130615234375,-1163.3489990234375,-1395.1829833984375,-1182.1591796875,-1064.1708984375,-1165.4722900390625,-1198.825927734375,-1236.2374267578125,-1176.1263427734375,-1178.7818603515625,-1005.2491455078125,-950.757568359375,-1082.7520751953125,-1163.33642578125,-1198.3941650390625,-1025.193603515625,-969.541015625,-925.0068359375,-870.22314453125,-1030.09326171875,-1157.7342529296875,-1129.8583984375,-1012.3355712890625,-1086.3138427734375,-1027.60693359375,-1048.1982421875,-1013.700439453125,-865.2366943359375,-924.478759765625,-845.3177490234375,-870.502685546875,-872.6041259765625,-1006.850341796875,-809.814453125,-777.2274169921875,-838.1334228515625,-926.6307373046875,-727.8858642578125,-733.5675048828125,-826.927490234375,-662.29736328125,-1039.1663818359375,-435.42120361328125,-471.28106689453125,-383.33905029296875,-415.088623046875,-385.91650390625,-240.8568115234375,-272.020751953125,-443.99273681640625,-430.7646484375,-333.45733642578125,-364.99407958984375,-208.55096435546875,-145.49212646484375,-221.441650390625,-238.08331298828125,-228.29638671875,-271.63922119140625,-161.195068359375,-94.47662353515625,-218.56964111328125,-222.1982421875,-181.15289306640625,-136.93084716796875,-84.4808349609375,-81.16131591796875,-63.46978759765625
"S158",18.16143798828125,-28.08013916015625,17.13482666015625,105.75869750976562,112.17218017578125,177.08035278320312,102.35986328125,75.17047119140625,96.19064331054688,119.5615234375,157.83087158203125,209.970947265625,208.9869384765625,206.7828369140625,213.135009765625,235.2236328125,246.1666259765625,229.73367309570312,238.65402221679688,246.19827270507812,239.43197631835938,243.20977783203125,273.5516815185547,278.4138488769531,210.82528686523438,255.53659057617188,236.1595458984375,255.30845642089844,283.1939239501953,272.0787353515625,251.60997009277344,291.55255126953125,253.47047424316406,263.7047424316406,279.5126953125,205.591552734375,227.89865112304688,241.97012329101562,203.69607543945312,207.07098388671875,193.62088012695312,108.30450439453125,88.46640014648438,64.250732421875,1.5814208984375,-213.21673583984375,-203.64910888671875,-549.286376953125,-550.77734375,-629.1697998046875,-600.26953125,-702.7476806640625,-758.6927490234375,-1034.5714111328125,-1231.8265380859375,-1177.2047119140625,-1176.894775390625,-1160.6949462890625,-1299.946044921875,-1319.09912109375,-1481.0830078125,-1384.994140625,-1516.75,-1476.4952392578125,-1810.583251953125,-1505.598388671875,-1645.042236328125,-1571.8388671875,-1669.4033203125,-1797.943603515625,-1713.124267578125,-1648.4501953125,-1632.123046875,-1615.582275390625,-1884.920166015625,-1926.583984375,-1758.658935546875,-1580.526611328125,-1514.954833984375,-1590.82763671875,-1802.3017578125,-1771.373779296875,-1546.89599609375,-1422.66455078125,-1533.7728271484375,-1430.01806640625,-1566.564697265625,-1463.6068115234375,-1394.9896240234375,-1587.05419921875,-1397.9935302734375,-1509.7899169921875,-1643.9873046875,-1707.199462890625,-1545.449462890625,-1508.185302734375,-1632.425048828125,-1558.083740234375,-1507.6793212890625,-1812.6484375,-1339.71337890625,-1356.263427734375,-1217.091796875,-1416.343994140625,-1238.4105224609375,-1373.4910888671875,-1103.332763671875,-1024.9393310546875,-1180.7108154296875,-1136.5982666015625,-987.4010009765625,-963.2381591796875,-776.09375,-621.588134765625,-764.1422119140625,-682.7421875,-545.96142578125,-523.9027709960938,-444.39068603515625,-561.5467529296875,-469.8017578125,-455.0052490234375,-541.2080078125,-399.99261474609375,-487.56683349609375,-363.06549072265625,-332.83319091796875,-217.39923095703125,-322.5950927734375,-277.65875244140625,-307.71319580078125,-226.1201171875,-240.8421630859375,-203.96661376953125,-176.153564453125,-253.75213623046875,-257.55841064453125,-369.61370849609375,-406.98187255859375,-144.6495361328125,-203.35150146484375
"S159",-180.4010009765625,-8.21295166015625,-82.0914306640625,159.00857543945312,10.41705322265625,199.42483520507812,178.42144775390625,192.8310546875,211.14328002929688,166.1939697265625,248.2700958251953,220.70565795898438,232.58694458007812,272.00050354003906,221.71078491210938,247.8450469970703,291.4726104736328,247.11227416992188,255.9569854736328,284.83934020996094,243.42327880859375,282.22894287109375,286.4893493652344,256.5111846923828,247.5192413330078,306.1036071777344,254.6408233642578,291.66075134277344,284.4175567626953,265.1567077636719,278.9046936035156,301.6613311767578,255.74441528320312,286.63526916503906,282.20777893066406,242.03509521484375,281.00189208984375,286.1551513671875,200.4864501953125,188.78244018554688,194.8902587890625,163.57327270507812,-7.63934326171875,-8.466400146484375,-19.00689697265625,-181.73193359375,-277.63720703125,-480.1494140625,-647.8651123046875,-779.4925537109375,-682.2689208984375,-824.1668701171875,-845.4881591796875,-1422.75439453125,-1119.4410400390625,-1252.7459716796875,-1201.007080078125,-1184.9058837890625,-1130.6026611328125,-1287.1685791015625,-1267.807373046875,-1189.8717041015625,-1359.0927734375,-1312.2242431640625,-1568.991943359375,-1412.7650146484375,-1242.0618896484375,-1208.27880859375,-1354.50927734375,-1314.5211181640625,-1234.1370849609375,-1219.1884765625,-1103.403076171875,-1144.48193359375,-1222.1806640625,-1116.998291015625,-1262.6611328125,-1183.688232421875,-1135.497802734375,-1312.29052734375,-1456.5985107421875,-1455.277099609375,-1224.33056640625,-922.1600341796875,-1252.47314453125,-976.238525390625,-937.162841796875,-917.67041015625,-943.70947265625,-1132.74951171875,-1021.8197021484375,-1002.732177734375,-1070.2978515625,-977.376708984375,-995.111328125,-1188.0595703125,-990.5460205078125,-996.09375,-1008.74755859375,-1016.9090576171875,-856.4185791015625,-865.238037109375,-906.3721923828125,-906.7574462890625,-791.8074951171875,-1039.194091796875,-967.0650634765625,-880.427978515625,-782.33984375,-650.4910888671875,-988.527587890625,-547.1033935546875,-755.558837890625,-575.98046875,-680.2236328125,-1032.3916015625,-812.7572021484375,-596.5501708984375,-551.3094482421875,-625.07275390625,-472.4556884765625,-414.00848388671875,-387.094482421875,-507.2593994140625,-353.18280029296875,-253.57940673828125,-204.41650390625,-200.30828857421875,-257.50390625,-221.698486328125,-216.72076416015625,-167.440185546875,-120.590087890625,-150.574462890625,-268.558837890625,-221.15472412109375,-119.75604248046875,-344.98919677734375,-513.0478515625,-98.744384765625,-229.7662353515625
"S160",438.13755798339844,435.54576873779297,441.71617126464844,439.59948348999023,439.28294372558594,456.5713577270508,462.7440299987793,459.4433403015137,460.6091079711914,456.87743377685547,462.59860610961914,462.93392181396484,460.07178497314453,463.7213897705078,427.4007110595703,459.1644287109375,465.3793487548828,465.22641372680664,464.8773536682129,462.26013946533203,456.9161033630371,464.8742561340332,464.08959197998047,446.96613693237305,464.7961082458496,457.37784576416016,469.4150848388672,471.9974822998047,464.3593864440918,458.8294372558594,459.7644157409668,460.3872871398926,468.86982917785645,457.1633529663086,461.1799964904785,467.71519470214844,455.3668441772461,461.84538650512695,456.59854888916016,444.38243103027344,438.0069885253906,429.4871597290039,418.55538177490234,390.6470184326172,371.1194152832031,362.81768798828125,342.7619323730469,309.0501251220703,244.8253173828125,222.61984252929688,220.22491455078125,217.63946533203125,165.820556640625,121.799560546875,106.14395141601562,100.52297973632812,78.02255249023438,141.5384521484375,117.86483764648438,22.35546875,80.6348876953125,20.25445556640625,35.370941162109375,25.72808837890625,19.80316162109375,-19.61468505859375,-38.0166015625,-24.21368408203125,0.96282958984375,0.175537109375,-8.911224365234375,49.17724609375,37.87640380859375,53.147918701171875,29.96484375,70.23410034179688,66.77072143554688,-24.74774169921875,14.405303955078125,67.77517700195312,7.41033935546875,93.07257080078125,21.773529052734375,34.36309814453125,31.033660888671875,69.71334838867188,85.94732666015625,95.470458984375,122.13211059570312,47.18646240234375,48.193084716796875,117.16030883789062,149.5447998046875,108.891357421875,180.88873291015625,147.72003173828125,146.04226684570312,115.94107055664062,120.91082763671875,156.361572265625,197.94842529296875,177.96206665039062,139.84988403320312,135.902587890625,125.328125,220.60995483398438,209.3740234375,199.97518920898438,207.9329833984375,223.70040893554688,260.97679138183594,301.8327331542969,275.4897918701172,293.3314514160156,268.46026611328125,295.8645477294922,249.1309814453125,304.95616149902344,314.9200897216797,314.3058319091797,327.9748992919922,331.2235565185547,305.33363342285156,365.0208282470703,326.1337432861328,352.0206756591797,366.2254333496094,350.2828826904297,355.1774444580078,381.71634674072266,364.8965759277344,394.3077926635742,406.8383102416992,398.02869415283203,398.5870666503906,383.58030700683594,395.4000549316406,413.77757263183594,416.00183868408203,427.7379455566406,416.6715621948242
"S161",409.3627395629883,411.2564239501953,413.06905364990234,414.79361724853516,416.38497161865234,417.92266845703125,419.2705078125,420.56441497802734,421.6495590209961,422.6164016723633,423.5046844482422,424.2800064086914,424.9749526977539,425.57154846191406,421.43685150146484,426.2606735229492,426.5075988769531,426.66124725341797,426.752685546875,426.75970458984375,426.76659393310547,426.68463134765625,426.58197021484375,426.40013885498047,426.1937484741211,425.87857818603516,425.52037811279297,425.08634185791016,424.55411529541016,423.93318939208984,423.1707305908203,422.3060836791992,421.32315826416016,420.21533966064453,418.94686126708984,417.534423828125,415.9488220214844,414.20726013183594,412.33069610595703,410.3075256347656,408.0823287963867,405.7308883666992,403.25279998779297,400.63421630859375,397.83902740478516,394.81624603271484,390.45381927490234,374.5171585083008,348.8911590576172,306.8462219238281,292.69122314453125,312.7821502685547,245.2228546142578,211.28701782226562,191.39508056640625,171.66598510742188,116.04306030273438,145.2489013671875,135.17874145507812,106.54119873046875,44.703887939453125,34.884307861328125,68.48751831054688,-13.38006591796875,35.570526123046875,65.34994506835938,-24.29193115234375,14.71600341796875,41.168182373046875,17.324920654296875,13.8482666015625,50.10137939453125,55.678863525390625,56.334014892578125,57.59576416015625,80.7998046875,91.55404663085938,133.85110473632812,134.14926147460938,136.6839599609375,139.95730590820312,203.72109985351562,158.79446411132812,163.16110229492188,178.66897583007812,207.39877319335938,183.45925903320312,184.881591796875,197.61651611328125,183.5771484375,192.57843017578125,190.565185546875,188.94894409179688,187.6607666015625,186.79757690429688,168.78070068359375,186.43621826171875,186.83541870117188,187.9185791015625,189.50857543945312,191.43975830078125,193.74072265625,196.5765380859375,199.77951049804688,203.51727294921875,207.44595336914062,211.54617309570312,215.91793823242188,220.44003295898438,225.32855224609375,230.52291870117188,235.79623413085938,241.21554565429688,246.81639099121094,252.37646484375,258.2882385253906,264.23191833496094,270.2514190673828,276.3561248779297,282.61566162109375,288.9783630371094,295.4198303222656,301.9596405029297,308.33856201171875,314.52940368652344,320.9242706298828,327.20623779296875,333.20301818847656,339.0266571044922,344.7670135498047,350.1087646484375,355.38148498535156,360.4127197265625,365.18504333496094,369.69744873046875,374.0240783691406,378.16282653808594,382.0102005004883,385.58177185058594,388.92362213134766,392.1539535522461
"S162",353.17298889160156,370.32676696777344,372.9700164794922,375.4851989746094,377.8034973144531,380.04402923583984,382.0070266723633,383.8875274658203,385.46607208251953,386.8737030029297,388.16468048095703,389.28980255126953,390.3001480102539,391.16304779052734,391.7075653076172,392.1590270996094,392.5134506225586,392.7304916381836,392.8585205078125,392.86629486083984,392.8686828613281,392.7444076538086,392.58807373046875,392.3182144165039,392.0099334716797,391.5439910888672,391.0123596191406,390.37584686279297,389.59188079833984,388.6772232055664,387.5573425292969,386.28746032714844,384.8466033935547,383.2234191894531,381.3627624511719,379.28926849365234,376.9644241333008,374.41544342041016,371.6595764160156,368.6972961425781,365.43833923339844,361.9888916015625,358.3610076904297,354.51971435546875,350.4196472167969,346.1553649902344,337.4032897949219,323.9185028076172,307.3285675048828,291.56996154785156,237.61087036132812,237.61380004882812,202.44537353515625,184.65597534179688,196.28195190429688,193.83917236328125,154.3028564453125,142.05703735351562,179.09783935546875,137.65353393554688,130.2442626953125,133.095458984375,143.25958251953125,117.3895263671875,138.47769165039062,117.25204467773438,107.64971923828125,124.32284545898438,167.75390625,95.90768432617188,73.4739990234375,102.30426025390625,81.87698364257812,83.4384765625,121.1416015625,141.42559814453125,132.9853515625,124.78756713867188,116.9600830078125,88.91317749023438,101.9864501953125,94.95858764648438,65.48486328125,38.408172607421875,75.95281982421875,70.52371215820312,65.22256469726562,60.478240966796875,56.02923583984375,52.188873291015625,48.568603515625,45.579254150390625,43.158233642578125,41.235931396484375,39.936767578125,39.263885498046875,39.31964111328125,39.881805419921875,41.433349609375,43.732177734375,46.53533935546875,49.874267578125,54.019866943359375,58.6942138671875,64.14599609375,69.886962890625,75.8916015625,82.28543090820312,88.9058837890625,96.05252075195312,103.6553955078125,111.382080078125,119.33499145507812,127.5428466796875,48.61907958984375,114.36822509765625,153.09066772460938,158.87396240234375,170.88253784179688,180.06668090820312,187.28070068359375,189.5142822265625,208.47900390625,2.6458740234375,226.9493408203125,236.3533935546875,214.74359130859375,237.70928955078125,262.9688262939453,248.99183654785156,275.9693145751953,250.77085876464844,294.4260711669922,270.0091247558594,286.3053436279297,314.453369140625,314.6607360839844,326.1943054199219,329.12974548339844,324.25347900390625,330.59539794921875
"S163",335.4211883544922,338.79771423339844,342.13995361328125,345.2836456298828,348.12445068359375,350.65830993652344,352.77752685546875,354.77069091796875,356.39678955078125,357.8107604980469,359.08197021484375,360.1543273925781,361.10833740234375,361.8762969970703,362.27337646484375,362.57362365722656,362.77247619628906,362.80450439453125,362.7486877441406,362.5486145019531,362.34120178222656,361.97438049316406,361.55702209472656,360.9871520996094,360.3435516357422,359.47642517089844,358.48524475097656,357.53587341308594,356.5145721435547,355.3210144042969,353.86346435546875,352.2103729248047,350.33302307128906,348.2184143066406,345.7986145019531,343.10247802734375,340.0774383544922,336.7630615234375,333.1790008544922,329.3249816894531,325.0860595703125,320.5991516113281,315.87799072265625,310.88011169433594,305.54368591308594,299.9910583496094,294.3171844482422,288.36888122558594,282.4864196777344,276.2834167480469,269.86639404296875,263.3533172607422,256.5736846923828,249.52061462402344,242.46246337890625,235.25112915039062,227.55477905273438,219.43084716796875,210.91616821289062,202.544921875,194.4010009765625,185.50759887695312,176.19174194335938,166.44326782226562,156.50848388671875,146.14901733398438,135.43905639648438,124.44400024414062,113.08670043945312,101.75357055664062,90.04779052734375,78.27963256835938,66.63262939453125,55.352874755859375,44.321929931640625,33.1785888671875,22.1661376953125,11.473175048828125,1.258697509765625,-8.70977783203125,-18.28277587890625,-27.45953369140625,-36.3319091796875,-44.7723388671875,-52.2835693359375,-59.38140869140625,-66.310791015625,-72.5224609375,-78.34979248046875,-83.38397216796875,-88.13153076171875,-90.8310546875,-92.56524658203125,-93.52777099609375,-93.623046875,-92.88629150390625,-91.1842041015625,-88.7852783203125,-85.1741943359375,-80.64306640625,-75.5673828125,-69.87890625,-63.20623779296875,-56.0074462890625,-47.94537353515625,-39.59246826171875,-30.9742431640625,-21.96826171875,-12.82196044921875,-4.02703857421875,5.405426025390625,15.037384033203125,25.0250244140625,35.1868896484375,45.3770751953125,56.2041015625,67.00750732421875,78.03225708007812,89.15444946289062,100.5150146484375,112.22158813476562,124.10910034179688,135.99020385742188,147.70889282226562,159.02508544921875,170.77691650390625,182.3040771484375,193.20040893554688,203.95904541015625,214.4266357421875,224.34259033203125,233.99365234375,243.286865234375,252.0341033935547,260.32554626464844,268.2453308105469,275.80682373046875,282.8373718261719,289.39593505859375,295.52655029296875,301.47088623046875
"S164",235.91311645507812,241.04345703125,246.0159149169922,250.6501007080078,254.78317260742188,258.77565002441406,262.1955261230469,265.5748596191406,268.45684814453125,271.0002746582031,273.3050842285156,275.2780303955078,277.0441131591797,278.50279235839844,279.34649658203125,280.0207214355469,280.51060485839844,280.7281951904297,280.78855895996094,280.62315368652344,280.4341125488281,279.9998474121094,279.49037170410156,278.75,277.90789794921875,276.7304992675781,275.3836212158203,273.82989501953125,271.9289245605469,269.7317657470703,267.09666442871094,264.1250457763672,260.78680419921875,257.0550231933594,252.7986297607422,248.0806427001953,242.84625244140625,237.16165161132812,231.006591796875,224.47512817382812,217.33590698242188,209.79833984375,201.95291137695312,193.65399169921875,184.8524169921875,175.793212890625,166.5140380859375,156.82965087890625,147.3033447265625,137.28610229492188,126.88302612304688,116.32958984375,105.35873413085938,93.8834228515625,82.41159057617188,70.63507080078125,58.024383544921875,44.703643798828125,30.6815185546875,16.9066162109375,3.5516357421875,-11.062957763671875,-26.3677978515625,-42.32513427734375,-58.5716552734375,-75.43243408203125,-92.79718017578125,-110.5408935546875,-128.88885498046875,-146.96234130859375,-165.62152099609375,-184.29315185546875,-202.67791748046875,-220.40435791015625,-237.59332275390625,-254.92669677734375,-272.00555419921875,-288.5220947265625,-304.2178955078125,-319.50146484375,-334.178955078125,-348.15423583984375,-361.6243896484375,-374.53564453125,-385.86468505859375,-396.46630859375,-406.87542724609375,-415.96551513671875,-424.39947509765625,-431.57598876953125,-438.196533203125,-443.45269775390625,-447.52862548828125,-450.4207763671875,-451.97021484375,-452.21240234375,-450.9415283203125,-448.5157470703125,-444.12457275390625,-438.207763671875,-431.30615234375,-423.3817138671875,-413.7685546875,-403.20989990234375,-391.18109130859375,-378.29168701171875,-364.228759765625,-349.7183837890625,-334.68597412109375,-318.881591796875,-302.13958740234375,-285.10626220703125,-267.55242919921875,-249.71563720703125,-231.86883544921875,-213.03436279296875,-194.26727294921875,-175.2430419921875,-156.1165771484375,-136.72003173828125,-116.936767578125,-97.06695556640625,-77.3248291015625,-58.0447998046875,-39.55120849609375,-20.5557861328125,-2.12542724609375,15.18902587890625,32.0767822265625,48.405853271484375,63.713287353515625,78.5706787109375,92.76727294921875,106.088134765625,118.69863891601562,130.75741577148438,142.26126098632812,152.93283081054688,162.91006469726562,172.27987670898438,181.40567016601562
"S165",235.91311645507812,241.04345703125,246.0159149169922,250.6501007080078,254.78317260742188,258.77565002441406,262.1955261230469,265.5748596191406,268.45684814453125,271.0002746582031,273.3050842285156,275.2780303955078,277.0441131591797,278.50279235839844,279.34649658203125,280.0207214355469,280.51060485839844,280.7281951904297,280.78855895996094,280.62315368652344,280.4341125488281,279.9998474121094,279.49037170410156,278.75,277.90789794921875,276.7304992675781,275.3836212158203,273.82989501953125,271.9289245605469,269.7317657470703,267.09666442871094,264.1250457763672,260.78680419921875,257.0550231933594,252.7986297607422,248.0806427001953,242.84625244140625,237.16165161132812,231.006591796875,224.47512817382812,217.33590698242188,209.79833984375,201.95291137695312,193.65399169921875,184.8524169921875,175.793212890625,166.5140380859375,156.82965087890625,147.3033447265625,137.28610229492188,126.88302612304688,116.32958984375,105.35873413085938,93.8834228515625,82.41159057617188,70.63507080078125,58.024383544921875,44.703643798828125,30.6815185546875,16.9066162109375,3.5516357421875,-11.062957763671875,-26.3677978515625,-42.32513427734375,-58.5716552734375,-75.43243408203125,-92.79718017578125,-110.5408935546875,-128.88885498046875,-146.96234130859375,-165.62152099609375,-184.29315185546875,-202.67791748046875,-220.40435791015625,-237.59332275390625,-254.92669677734375,-272.00555419921875,-288.5220947265625,-304.2178955078125,-319.50146484375,-334.178955078125,-348.15423583984375,-361.6243896484375,-374.53564453125,-385.86468505859375,-396.46630859375,-406.87542724609375,-415.96551513671875,-424.39947509765625,-431.57598876953125,-438.196533203125,-443.45269775390625,-447.52862548828125,-450.4207763671875,-451.97021484375,-452.21240234375,-450.9415283203125,-448.5157470703125,-444.12457275390625,-438.207763671875,-431.30615234375,-423.3817138671875,-413.7685546875,-403.20989990234375,-391.18109130859375,-378.29168701171875,-364.228759765625,-349.7183837890625,-334.68597412109375,-318.881591796875,-302.13958740234375,-285.10626220703125,-267.55242919921875,-249.71563720703125,-231.86883544921875,-213.03436279296875,-194.26727294921875,-175.2430419921875,-156.1165771484375,-136.72003173828125,-116.936767578125,-97.06695556640625,-77.3248291015625,-58.0447998046875,-39.55120849609375,-20.5557861328125,-2.12542724609375,15.18902587890625,32.0767822265625,48.405853271484375,63.713287353515625,78.5706787109375,92.76727294921875,106.088134765625,118.69863891601562,130.75741577148438,142.26126098632812,152.93283081054688,162.91006469726562,172.27987670898438,181.40567016601562
"S166",234.42282104492188,239.78384399414062,244.9102325439453,249.75665283203125,254.1735382080078,258.4186553955078,262.09344482421875,265.5748596191406,268.45684814453125,271.0002746582031,273.3050842285156,275.2780303955078,277.0441131591797,278.50279235839844,279.34649658203125,280.0207214355469,280.51060485839844,280.7281951904297,280.78855895996094,280.62315368652344,280.4341125488281,279.9998474121094,279.49037170410156,278.75,277.90789794921875,276.7304992675781,275.3836212158203,273.82989501953125,271.9289245605469,269.7317657470703,267.09666442871094,264.1250457763672,260.78680419921875,257.0550231933594,252.7986297607422,248.0806427001953,242.84625244140625,237.16165161132812,231.006591796875,224.47512817382812,217.33590698242188,209.79833984375,201.95291137695312,193.65399169921875,184.8524169921875,175.793212890625,166.5140380859375,156.82965087890625,147.3033447265625,137.28610229492188,126.88302612304688,116.32958984375,105.35873413085938,93.8834228515625,82.41159057617188,70.63507080078125,58.024383544921875,44.703643798828125,30.6815185546875,16.9066162109375,3.5516357421875,-11.062957763671875,-26.3677978515625,-42.32513427734375,-58.5716552734375,-75.43243408203125,-92.79718017578125,-110.5408935546875,-128.88885498046875,-146.96234130859375,-165.62152099609375,-184.29315185546875,-202.67791748046875,-220.40435791015625,-237.59332275390625,-254.92669677734375,-272.00555419921875,-288.5220947265625,-304.2178955078125,-319.50146484375,-334.178955078125,-348.15423583984375,-361.6243896484375,-374.53564453125,-385.86468505859375,-396.46630859375,-406.87542724609375,-415.96551513671875,-424.39947509765625,-431.57598876953125,-438.196533203125,-443.45269775390625,-447.52862548828125,-450.4207763671875,-451.97021484375,-452.21240234375,-450.9415283203125,-448.5157470703125,-444.12457275390625,-438.207763671875,-431.30615234375,-423.3817138671875,-413.7685546875,-403.20989990234375,-391.18109130859375,-378.599853515625,-365.50927734375,-351.73114013671875,-337.50030517578125,-322.32171630859375,-306.22796630859375,-289.87054443359375,-273.03216552734375,-255.7535400390625,-238.542724609375,-220.30804443359375,-202.028564453125,-183.52154541015625,-164.8052978515625,-145.70098876953125,-126.25970458984375,-106.670654296875,-86.95343017578125,-67.71417236328125,-49.14105224609375,-29.9993896484375,-11.325042724609375,6.401275634765625,23.616424560546875,40.445159912109375,56.122589111328125,71.496826171875,86.14443969726562,99.97396850585938,113.0770263671875,125.62255859375,137.6014404296875,148.69476318359375,159.03561401367188,168.72979736328125,178.13095092773438
"S167",234.42282104492188,239.78384399414062,244.9102325439453,249.75665283203125,254.1735382080078,258.4186553955078,262.09344482421875,265.5748596191406,268.45684814453125,271.0002746582031,273.3050842285156,275.2780303955078,277.0441131591797,278.50279235839844,279.34649658203125,280.0207214355469,280.51060485839844,280.7281951904297,280.78855895996094,280.62315368652344,280.4341125488281,279.9998474121094,279.49037170410156,278.75,277.90789794921875,276.7304992675781,275.3836212158203,273.82989501953125,271.9289245605469,269.7317657470703,267.09666442871094,264.1250457763672,260.78680419921875,257.0550231933594,252.7986297607422,248.0806427001953,242.84625244140625,237.16165161132812,231.006591796875,224.47512817382812,217.33590698242188,209.79833984375,201.95291137695312,193.65399169921875,184.8524169921875,175.793212890625,166.5140380859375,156.82965087890625,147.3033447265625,137.28610229492188,126.88302612304688,116.32958984375,105.35873413085938,93.8834228515625,82.41159057617188,70.63507080078125,58.024383544921875,44.703643798828125,30.6815185546875,16.9066162109375,3.5516357421875,-11.062957763671875,-26.3677978515625,-42.32513427734375,-58.5716552734375,-75.43243408203125,-92.79718017578125,-110.5408935546875,-128.88885498046875,-146.96234130859375,-165.62152099609375,-184.29315185546875,-202.67791748046875,-220.40435791015625,-237.59332275390625,-254.92669677734375,-272.00555419921875,-288.5220947265625,-304.2178955078125,-319.50146484375,-334.178955078125,-348.15423583984375,-361.6243896484375,-374.53564453125,-385.86468505859375,-396.46630859375,-406.87542724609375,-415.96551513671875,-424.39947509765625,-431.57598876953125,-438.196533203125,-443.45269775390625,-447.52862548828125,-450.4207763671875,-451.97021484375,-452.21240234375,-450.9415283203125,-448.5157470703125,-444.12457275390625,-438.207763671875,-431.30615234375,-423.3817138671875,-413.7685546875,-403.20989990234375,-391.18109130859375,-378.599853515625,-365.50927734375,-351.73114013671875,-337.50030517578125,-322.32171630859375,-306.22796630859375,-289.87054443359375,-273.03216552734375,-255.7535400390625,-238.542724609375,-220.30804443359375,-202.028564453125,-183.52154541015625,-164.8052978515625,-145.70098876953125,-126.25970458984375,-106.670654296875,-86.95343017578125,-67.71417236328125,-49.14105224609375,-29.9993896484375,-11.325042724609375,6.401275634765625,23.616424560546875,40.445159912109375,56.122589111328125,71.496826171875,86.14443969726562,99.97396850585938,113.0770263671875,125.62255859375,137.6014404296875,148.69476318359375,159.03561401367188,168.72979736328125,178.13095092773438
"S168",179.60427856445312,143.0174560546875,181.24911499023438,192.51666259765625,234.86920166015625,196.74539184570312,182.6375732421875,171.260986328125,196.53433227539062,224.80975341796875,247.52764892578125,230.54782104492188,220.29190063476562,255.75148010253906,262.16111755371094,252.47459411621094,251.9146270751953,278.15191650390625,260.1861877441406,282.6831817626953,250.5155792236328,259.2663116455078,286.62237548828125,293.78868103027344,279.1972961425781,303.4665832519531,296.11376953125,289.30018615722656,319.00022888183594,298.9070281982422,277.16871643066406,299.1252136230469,302.30328369140625,292.47796630859375,303.89093017578125,278.6767272949219,272.7489776611328,309.6878356933594,257.4063415527344,261.7342224121094,260.38043212890625,249.6685791015625,191.54690551757812,208.12002563476562,187.962890625,148.00509643554688,93.06329345703125,95.56100463867188,-53.54913330078125,-7.15203857421875,-91.7386474609375,-84.277587890625,-62.49981689453125,-51.5421142578125,-60.5030517578125,-116.29681396484375,-146.75225830078125,-54.93194580078125,-135.95147705078125,-188.369384765625,-61.05682373046875,-77.34307861328125,-173.45867919921875,-134.6654052734375,-129.33758544921875,-121.34124755859375,-136.6077880859375,-178.3701171875,-129.535888671875,-89.661865234375,-94.54351806640625,-182.20587158203125,-97.41229248046875,-116.0052490234375,-127.4322509765625,-171.7159423828125,-178.41827392578125,-125.6624755859375,-113.551025390625,-190.94085693359375,-115.56024169921875,-145.57403564453125,-175.6632080078125,-162.13232421875,-96.0194091796875,-189.8076171875,-100.71380615234375,-21.5423583984375,-118.40374755859375,-170.2755126953125,-29.89227294921875,-90.18072509765625,-141.1873779296875,-64.0926513671875,-49.6759033203125,-81.95703125,-17.41314697265625,-16.02716064453125,-123.2347412109375,-247.68853759765625,-117.9464111328125,-100.2906494140625,-92.00494384765625,-34.82330322265625,-42.20013427734375,-69.34051513671875,-64.42022705078125,-34.5185546875,-77.58990478515625,-62.54364013671875,-59.18927001953125,-94.38507080078125,-88.326171875,-69.8050537109375,-143.25299072265625,-176.02557373046875,-93.49371337890625,-142.40411376953125,-208.37200927734375,-140.970458984375,-151.7969970703125,-115.2333984375,-18.8013916015625,7.2154541015625,-124.9149169921875,-110.178466796875,-65.30462646484375,-19.53564453125,-112.2950439453125,-123.169921875,-86.4583740234375,-59.1268310546875,-91.99920654296875,14.896270751953125,66.47677612304688,13.265106201171875,46.82171630859375,5.673187255859375,62.147918701171875,49.115264892578125,88.99322509765625
"S169",106.4207763671875,154.23629760742188,118.87371826171875,73.88372802734375,132.73623657226562,123.50982666015625,28.3770751953125,29.297332763671875,199.17440795898438,203.05801391601562,236.46429443359375,218.065673828125,195.60806274414062,214.59420776367188,274.1824951171875,237.1085205078125,230.0635986328125,272.7141571044922,247.1968994140625,252.74343872070312,263.52516174316406,247.78466796875,268.7556610107422,286.63185119628906,271.94049072265625,269.861572265625,310.9225158691406,274.375244140625,298.66802978515625,331.5726623535156,266.40028381347656,295.80548095703125,302.29888916015625,298.83897399902344,299.14857482910156,322.3677062988281,299.21788024902344,310.21734619140625,301.32371520996094,294.7556610107422,272.12945556640625,286.61692810058594,208.0517578125,210.16293334960938,236.041015625,148.3465576171875,109.2210693359375,-66.90283203125,111.0146484375,59.301849365234375,40.29620361328125,-42.61651611328125,-0.446502685546875,80.41824340820312,79.13970947265625,30.1666259765625,45.620819091796875,22.075469970703125,69.25631713867188,19.31658935546875,46.226165771484375,16.026336669921875,-11.18988037109375,-65.12469482421875,-84.440673828125,-96.6278076171875,-52.8028564453125,-63.0867919921875,-22.75,-28.4229736328125,-6.851806640625,-36.060791015625,-202.1065673828125,-151.8193359375,-118.155029296875,-389.3974609375,-228.68408203125,-122.544921875,-191.5701904296875,-196.8243408203125,-49.28265380859375,-99.2652587890625,4.444915771484375,-173.32305908203125,-48.9825439453125,7.610504150390625,5.948272705078125,-25.03997802734375,-84.5919189453125,-63.0234375,-28.8162841796875,-67.90240478515625,-15.82098388671875,-17.321533203125,-18.0860595703125,-82.12420654296875,-17.41314697265625,-16.02716064453125,-55.50665283203125,-46.62994384765625,-140.28125,-59.72369384765625,-191.31561279296875,-9.562225341796875,-14.62493896484375,-65.36956787109375,-75.30120849609375,-55.49859619140625,-97.57916259765625,-17.3599853515625,-172.1898193359375,-107.43878173828125,4.02667236328125,-38.32403564453125,-84.115966796875,-51.16943359375,1.611724853515625,-27.83294677734375,-83.08306884765625,-125.73333740234375,-143.40045166015625,-160.2327880859375,-66.00439453125,2.5299072265625,-26.49761962890625,-30.42291259765625,22.490570068359375,-5.9222412109375,-268.72698974609375,-81.408935546875,28.351959228515625,-20.06646728515625,49.888641357421875,39.171875,147.25906372070312,119.18621826171875,130.58505249023438,150.34823608398438,131.90164184570312,127.82962036132812,147.7928466796875
"S170",225.8822021484375,229.61502075195312,232.37661743164062,204.57266235351562,246.91192626953125,221.9422607421875,229.37033081054688,251.34371948242188,265.4212646484375,276.88108825683594,301.9468536376953,284.6324920654297,330.5910339355469,319.4291229248047,313.7768859863281,333.1471405029297,326.9666748046875,323.3669891357422,331.1758117675781,320.665283203125,318.6457824707031,328.4573669433594,317.3842315673828,331.7028503417969,345.133056640625,333.5557098388672,339.09934997558594,344.9673614501953,343.11260986328125,354.51222229003906,356.1908721923828,344.95306396484375,351.1009826660156,344.82025146484375,348.2125244140625,348.51747131347656,355.07081604003906,349.0509490966797,333.7989959716797,344.19610595703125,295.311767578125,286.0416564941406,294.3504180908203,278.67884826660156,278.6167755126953,172.09768676757812,182.82452392578125,153.920166015625,141.6568603515625,62.7088623046875,100.35113525390625,74.88375854492188,23.53399658203125,34.329925537109375,72.01947021484375,49.485687255859375,23.241607666015625,26.656524658203125,-1.5736083984375,1.369842529296875,-44.85833740234375,-7.61395263671875,22.8414306640625,-5.067230224609375,-44.984130859375,9.69281005859375,40.915374755859375,-37.16632080078125,-6.962890625,38.4935302734375,-34.13885498046875,-38.61126708984375,-72.40130615234375,-31.5882568359375,-424.83349609375,-61.5203857421875,-166.63037109375,-115.4310302734375,-44.650634765625,-44.080810546875,-13.41143798828125,-79.036376953125,-48.9046630859375,-107.58843994140625,-20.28363037109375,-11.678497314453125,-31.23272705078125,-112.25909423828125,-46.399658203125,-29.81280517578125,-63.28900146484375,-35.53802490234375,-15.82098388671875,-30.05352783203125,-18.0860595703125,-18.16241455078125,-17.41314697265625,-16.02716064453125,-13.5711669921875,-10.2735595703125,-6.490081787109375,-20.59307861328125,-64.58087158203125,-15.6243896484375,15.53826904296875,0.440277099609375,-19.6175537109375,12.5880126953125,-71.3447265625,-58.26275634765625,-41.37109375,-42.6138916015625,-105.19830322265625,-26.30426025390625,2.722076416015625,-142.57574462890625,-24.13946533203125,55.60595703125,-4.21044921875,-14.18243408203125,15.116180419921875,-27.3001708984375,-16.62158203125,27.9273681640625,63.378021240234375,-17.2354736328125,19.739593505859375,-32.73101806640625,-84.52337646484375,66.97518920898438,95.14437866210938,69.654052734375,55.4515380859375,117.55142211914062,106.12954711914062,80.38592529296875,137.03173828125,100.60845947265625,115.32342529296875,139.4644775390625,137.427734375
"S171",-63.26702880859375,-56.825927734375,-74.375244140625,-127.58270263671875,-91.55419921875,45.476318359375,66.81057739257812,94.61212158203125,107.88119506835938,94.07455444335938,112.849365234375,154.25552368164062,184.7452392578125,200.26681518554688,182.19442749023438,191.87747192382812,217.99948120117188,209.96072387695312,206.32540893554688,188.39785766601562,215.66644287109375,214.37481689453125,206.77401733398438,232.30023193359375,232.46600341796875,222.78195190429688,259.2497100830078,227.82406616210938,232.033203125,239.79486083984375,256.80372619628906,224.61297607421875,239.490966796875,251.11866760253906,225.4296875,247.917724609375,232.632568359375,235.04135131835938,234.8214111328125,213.45028686523438,179.08547973632812,134.18118286132812,177.9708251953125,171.25723266601562,77.4608154296875,-95.30419921875,-111.429931640625,-222.2149658203125,-190.11767578125,-237.97906494140625,-424.28466796875,-320.9776611328125,-281.05694580078125,-522.9368896484375,-311.52685546875,-323.1241455078125,-296.8204345703125,-305.55523681640625,-296.638671875,-610.7423095703125,-547.15185546875,-352.68267822265625,-252.6605224609375,-286.6527099609375,-334.8253173828125,-367.53387451171875,-300.4305419921875,-330.0673828125,-364.1279296875,-579.7613525390625,-479.130615234375,-332.60491943359375,-315.6822509765625,-272.57769775390625,-633.63037109375,-334.2332763671875,-389.147216796875,-456.39447021484375,-404.2200927734375,-549.4056396484375,-466.26995849609375,-619.8780517578125,-820.003662109375,-534.6072998046875,-338.185302734375,-368.259033203125,-381.00189208984375,-482.2681884765625,-711.0455322265625,-349.15350341796875,-400.31524658203125,-340.7471923828125,-272.6767578125,-546.7255859375,-456.46441650390625,-261.91961669921875,-345.0443115234375,-408.110595703125,-555.5247802734375,-517.1895751953125,-434.010498046875,-359.84527587890625,-428.907470703125,-482.22613525390625,-288.2354736328125,-403.21099853515625,-278.3038330078125,-585.917724609375,-530.592529296875,-519.2781982421875,-362.38739013671875,-400.8818359375,-506.9014892578125,-465.16607666015625,-489.93695068359375,-611.6400146484375,-509.28802490234375,-399.730712890625,-485.18798828125,-382.66400146484375,-405.34136962890625,-402.598876953125,-325.32550048828125,-418.81951904296875,-250.93853759765625,-302.4495849609375,-265.733154296875,-220.3260498046875,-311.19580078125,-131.32830810546875,-118.518310546875,-195.91021728515625,-491.373291015625,-85.36627197265625,-212.3218994140625,-187.67449951171875,-86.53973388671875,-344.572509765625,-104.60089111328125,-161.312255859375,-290.71002197265625
"S172",-361.645751953125,-232.58416748046875,-202.6162109375,-153.3658447265625,-206.02191162109375,-82.53192138671875,-76.54193115234375,-58.516845703125,-21.34649658203125,-98.36761474609375,-204.89141845703125,37.4639892578125,68.40103149414062,19.92022705078125,33.553436279296875,83.99826049804688,60.47882080078125,98.68588256835938,64.88980102539062,-57.44390869140625,94.25997924804688,-2.3948974609375,126.40875244140625,132.6043701171875,152.05868530273438,155.24981689453125,154.1539306640625,143.55709838867188,158.25039672851562,152.38653564453125,173.88070678710938,179.49801635742188,149.70700073242188,151.72329711914062,180.93634033203125,143.49664306640625,141.56002807617188,186.31982421875,138.73123168945312,132.41720581054688,194.25265502929688,80.23263549804688,91.97933959960938,69.33612060546875,-58.86822509765625,-313.59197998046875,-199.492431640625,-542.4390869140625,-414.50384521484375,-445.190185546875,-605.73681640625,-519.4325561523438,-427.4443359375,-596.9278564453125,-512.2166748046875,-675.3282470703125,-680.6412353515625,-694.7017822265625,-792.5135498046875,-691.354248046875,-840.544677734375,-704.8836669921875,-950.6475830078125,-706.468994140625,-832.109619140625,-765.8775634765625,-923.7711181640625,-1051.459228515625,-935.624267578125,-1221.517822265625,-946.1484375,-892.5433349609375,-721.242919921875,-761.735595703125,-651.0087890625,-834.218994140625,-874.0941162109375,-772.0159912109375,-752.16015625,-936.29345703125,-800.6495361328125,-761.20166015625,-1001.5775146484375,-896.4144287109375,-676.2275390625,-599.5125732421875,-433.30987548828125,-460.668212890625,-515.911865234375,-604.9630126953125,-550.689453125,-624.764404296875,-513.8543090820312,-679.455322265625,-643.3482666015625,-408.96112060546875,-551.3917236328125,-629.47412109375,-599.7442626953125,-578.017333984375,-582.0057373046875,-537.4547119140625,-602.6614990234375,-615.052490234375,-496.54840087890625,-662.2117919921875,-695.4132080078125,-689.080322265625,-598.857666015625,-539.324951171875,-499.45135498046875,-532.0740966796875,-608.6204833984375,-588.6932373046875,-605.1893310546875,-799.60009765625,-632.633056640625,-556.0914306640625,-856.2061767578125,-555.7501220703125,-399.01776123046875,-490.21173095703125,-408.63848876953125,-488.8380126953125,-478.034423828125,-410.0142822265625,-493.08270263671875,-451.88153076171875,-507.621337890625,-495.1923828125,-427.8421630859375,-409.6641845703125,-598.5509033203125,-447.24365234375,-383.8773193359375,-415.4427490234375,-442.7291259765625,-524.2554931640625,-541.5184326171875,-726.8709716796875,-871.4891357421875
"S173",-302.39337158203125,-228.283203125,-539.19677734375,-209.96527099609375,-210.50872802734375,-116.74591064453125,-92.2347412109375,-97.029052734375,-56.44085693359375,-74.12493896484375,-156.17095947265625,-55.29534912109375,16.8057861328125,-42.28173828125,-20.78143310546875,-16.28912353515625,9.085968017578125,3.095123291015625,31.326995849609375,-20.63671875,51.517608642578125,2.288604736328125,21.787353515625,66.436767578125,68.4979248046875,99.78915405273438,62.27423095703125,74.10324096679688,84.391357421875,94.62884521484375,87.2371826171875,85.59005737304688,92.02487182617188,86.89752197265625,97.44723510742188,87.05941772460938,101.53424072265625,90.4840087890625,54.04364013671875,70.78460693359375,87.351318359375,32.539093017578125,-25.052001953125,-103.62054443359375,-142.20123291015625,-232.9337158203125,-383.4095458984375,-716.8797607421875,-640.4100341796875,-676.041259765625,-935.548828125,-1153.027587890625,-1165.75048828125,-1217.0595703125,-1280.4105224609375,-1423.318603515625,-1560.384765625,-1786.28125,-1717.474853515625,-1665.27294921875,-1656.56884765625,-1744.535888671875,-1868.123046875,-1744.288818359375,-1893.968505859375,-1753.39111328125,-2085.54638671875,-1824.716552734375,-1909.7373046875,-1970.3740234375,-1863.4365234375,-1786.708740234375,-2194.517822265625,-1705.866943359375,-1782.21826171875,-2086.36279296875,-1824.072509765625,-1765.281005859375,-1858.490234375,-1940.16357421875,-2043.947509765625,-2173.750244140625,-1748.72802734375,-1737.07861328125,-1747.318603515625,-1967.0556640625,-1851.089599609375,-1706.0009765625,-1518.9061279296875,-1631.17431640625,-1771.630859375,-1817.3251953125,-1764.77685546875,-2106.066162109375,-1966.4208984375,-1747.412109375,-1568.166748046875,-1541.8121337890625,-1809.407958984375,-1643.31201171875,-1540.296875,-1608.75146484375,-1478.917724609375,-1427.645751953125,-1664.79931640625,-1551.4013671875,-1444.162353515625,-1529.5345458984375,-1416.22705078125,-1267.7220458984375,-1254.1444091796875,-1133.152099609375,-1060.103515625,-1304.722900390625,-1129.5927734375,-1095.919677734375,-1375.569091796875,-1050.1217041015625,-1153.4886474609375,-1047.4486083984375,-1189.5146484375,-1071.8060302734375,-966.1669921875,-911.6309814453125,-942.825439453125,-857.4462890625,-995.5467529296875,-843.5025634765625,-883.472900390625,-793.4610595703125,-767.0511474609375,-635.3515625,-824.440185546875,-865.5244140625,-660.6407470703125,-740.946533203125,-669.4954833984375,-798.284912109375,-821.120849609375,-742.1910400390625,-712.599365234375
"S174",-409.54766845703125,-239.3892822265625,-351.93817138671875,-250.2120361328125,-184.8643798828125,-113.20977783203125,-110.90362548828125,-86.521484375,-95.9642333984375,-13.629150390625,-42.81805419921875,22.491455078125,44.70330810546875,-22.224365234375,54.847991943359375,-25.83660888671875,34.5936279296875,-0.947906494140625,34.770172119140625,80.9652099609375,104.58251953125,48.98309326171875,43.188934326171875,94.07293701171875,41.807403564453125,129.27438354492188,70.10626220703125,33.335845947265625,56.77294921875,99.05413818359375,55.748992919921875,29.513427734375,100.23696899414062,65.04290771484375,109.99697875976562,115.26113891601562,98.5035400390625,111.35427856445312,85.09356689453125,86.79449462890625,80.1826171875,40.449371337890625,13.9036865234375,-26.4349365234375,-106.32354736328125,-235.68890380859375,-382.23736572265625,-380.8275146484375,-490.5152587890625,-568.63916015625,-715.7823486328125,-928.01318359375,-1124.0230712890625,-1031.3599853515625,-1126.0552978515625,-1148.4244384765625,-1226.4459228515625,-1414.994873046875,-1297.578369140625,-1343.90087890625,-1296.0257568359375,-1371.8201904296875,-1360.88427734375,-1489.1707763671875,-1550.476318359375,-1441.149169921875,-1686.7900390625,-1475.0489501953125,-1552.39453125,-1569.744384765625,-1445.952880859375,-1488.70654296875,-1833.670166015625,-1495.1636962890625,-1527.6953125,-1778.744140625,-1518.734130859375,-1546.3895263671875,-1528.3687744140625,-1722.152099609375,-1866.768310546875,-1834.306884765625,-1700.460205078125,-1446.057373046875,-1599.022705078125,-1761.854736328125,-1558.877685546875,-1468.7799072265625,-1471.414306640625,-1457.7301025390625,-1560.45263671875,-1638.45458984375,-1567.25927734375,-1804.2607421875,-1736.6552734375,-1577.72314453125,-1366.78515625,-1368.6143798828125,-1565.394775390625,-1783.898681640625,-1403.5185546875,-1408.0130615234375,-1352.8980712890625,-1246.2113037109375,-1406.2783203125,-1429.3502197265625,-1294.5413818359375,-1428.2279052734375,-1519.33349609375,-1145.5,-1134.912353515625,-1080.4140625,-1059.491455078125,-1186.459716796875,-1018.3084716796875,-907.1585693359375,-1091.56103515625,-1127.055908203125,-971.9892578125,-1012.28173828125,-1218.5501708984375,-964.458251953125,-949.060546875,-1023.3741455078125,-969.574462890625,-939.2578125,-909.1954345703125,-746.25732421875,-929.914794921875,-718.08984375,-806.73876953125,-763.0770263671875,-894.6180419921875,-1154.162353515625,-706.1297607421875,-853.796630859375,-754.1243896484375,-751.757568359375,-776.237060546875,-707.001220703125,-672.457763671875
"S175",-464.2745361328125,-273.334716796875,-179.5340576171875,-220.9755859375,-215.87841796875,-95.72552490234375,-97.582275390625,-29.96875,-51.21893310546875,77.62225341796875,33.369415283203125,110.97222900390625,90.50888061523438,8.083404541015625,96.60714721679688,30.571258544921875,124.945068359375,35.02801513671875,75.9766845703125,95.01043701171875,150.86129760742188,133.8731689453125,135.47201538085938,142.77285766601562,101.79244995117188,154.22811889648438,143.22891235351562,141.5126953125,168.9478759765625,174.64093017578125,126.35919189453125,138.17828369140625,186.07986450195312,153.64010620117188,191.71209716796875,153.30465698242188,153.34259033203125,195.93826293945312,157.9556884765625,139.16195678710938,111.39776611328125,91.4654541015625,66.36541748046875,-57.37518310546875,-107.46600341796875,-202.50244140625,-159.18975830078125,-133.51470947265625,-327.794189453125,-384.10992431640625,-402.6094970703125,-603.9771728515625,-714.612060546875,-528.9361572265625,-785.4364013671875,-754.0599365234375,-679.5699462890625,-729.89892578125,-697.4761962890625,-723.3599853515625,-767.7099609375,-730.975341796875,-800.550048828125,-1033.57763671875,-796.3582763671875,-913.7713623046875,-947.1634521484375,-1001.6917724609375,-959.3408203125,-934.0323486328125,-882.1048583984375,-998.9840087890625,-955.3355712890625,-1000.0185546875,-958.9471435546875,-1153.1507568359375,-1008.941162109375,-1268.53955078125,-1127.30908203125,-1264.378173828125,-1350.33740234375,-1148.309814453125,-1574.53173828125,-1167.092529296875,-1255.924072265625,-1212.712158203125,-886.4735107421875,-835.7203369140625,-1074.3973388671875,-1054.654052734375,-991.0556640625,-844.36279296875,-902.1318359375,-913.522216796875,-1064.1405029296875,-947.9830322265625,-807.1751708984375,-962.4237060546875,-967.750732421875,-1131.3448486328125,-916.7110595703125,-855.6405029296875,-861.5638427734375,-844.7955322265625,-856.935546875,-1022.3048095703125,-953.6011962890625,-1012.957763671875,-1244.0677490234375,-889.40234375,-815.0745849609375,-830.8702392578125,-943.438720703125,-878.2562255859375,-778.166015625,-780.8389892578125,-709.3341064453125,-1113.0911865234375,-757.41552734375,-997.6510009765625,-763.7440185546875,-658.0782470703125,-848.8753662109375,-1202.7403564453125,-839.9456787109375,-852.5848388671875,-729.33740234375,-620.989990234375,-857.908447265625,-640.9034423828125,-779.40087890625,-718.9473876953125,-739.717529296875,-1215.7591552734375,-594.4666748046875,-810.22998046875,-769.7618408203125,-697.5,-643.53759765625,-691.430908203125,-666.3349609375
"S176",82.60833740234375,153.26730346679688,60.625946044921875,58.388702392578125,94.18182373046875,145.45245361328125,174.30117797851562,227.32644653320312,258.83087158203125,268.7642364501953,233.22518920898438,252.3958740234375,250.21803283691406,219.80960083007812,222.41973876953125,253.55038452148438,251.39404296875,272.1657409667969,253.58596801757812,167.48348999023438,276.5704650878906,278.56480407714844,278.8036651611328,285.5376739501953,284.5360412597656,248.47010803222656,238.99771118164062,262.2257080078125,277.7798767089844,275.348388671875,246.5948028564453,269.24755859375,265.6349639892578,261.62156677246094,257.09246826171875,252.1109619140625,246.6149139404297,240.6759033203125,234.29800415039062,227.54849243164062,220.22515869140625,212.54678344726562,204.57720947265625,-68.41912841796875,16.702545166015625,84.55157470703125,97.67819213867188,127.12570190429688,19.64898681640625,-131.98028564453125,-214.1092529296875,-298.9454345703125,-420.35516357421875,-279.94000244140625,-478.17120361328125,-544.25927734375,-565.432861328125,-567.3359375,-585.0115966796875,-602.6177978515625,-658.0601806640625,-629.31103515625,-601.9683837890625,-939.195068359375,-683.2418212890625,-700.885498046875,-753.543212890625,-762.7249755859375,-799.064697265625,-804.926025390625,-791.259521484375,-805.091796875,-810.8148193359375,-786.5458984375,-809.775146484375,-819.4810791015625,-841.697265625,-923.657958984375,-896.1165771484375,-826.4163818359375,-1079.5440673828125,-882.685791015625,-955.7784423828125,-854.950927734375,-850.1214599609375,-839.8150634765625,-629.9288330078125,-673.3699951171875,-677.964111328125,-670.7135009765625,-715.449462890625,-591.32177734375,-630.395751953125,-678.2711181640625,-728.7296142578125,-604.5921630859375,-581.0986328125,-613.114013671875,-619.422607421875,-558.8958740234375,-657.70751953125,-549.3375244140625,-710.8011474609375,-680.9686279296875,-631.595703125,-656.14990234375,-595.346435546875,-611.703125,-646.984130859375,-610.07470703125,-550.639892578125,-595.3868408203125,-390.6077880859375,-502.13055419921875,-408.07501220703125,-444.65643310546875,-376.70831298828125,-501.2266845703125,-418.84600830078125,-581.22705078125,-233.5946044921875,-229.97674560546875,-190.3067626953125,-372.04925537109375,-398.2769775390625,-204.77606201171875,-77.13043212890625,-133.323486328125,-99.4974365234375,0.675323486328125,-137.37237548828125,-78.2486572265625,-108.06658935546875,-153.1029052734375,-61.21612548828125,-102.34539794921875,-87.225830078125,1.7640380859375,-9.51824951171875,-113.2264404296875,-60.9443359375
"S177",180.44830322265625,197.87127685546875,186.8782958984375,212.432861328125,185.394775390625,237.28012084960938,164.4666748046875,216.77291870117188,251.6398162841797,246.7068328857422,278.54652404785156,265.00315856933594,295.47364807128906,302.7855224609375,303.4112854003906,276.1907653808594,221.04718017578125,305.91419982910156,300.6621398925781,305.8430938720703,311.6607666015625,298.9311065673828,301.6952819824219,307.69769287109375,321.7365417480469,307.6278533935547,302.2066650390625,299.9432067871094,312.48085021972656,314.14479064941406,298.75938415527344,297.3487091064453,303.3487854003906,301.35560607910156,311.68748474121094,307.7338562011719,271.5560302734375,302.47222900390625,302.9375915527344,266.1005554199219,257.8365783691406,270.06773376464844,237.22747802734375,233.32534790039062,193.09478759765625,141.82635498046875,127.25820922851562,45.24163818359375,37.59002685546875,-52.3414306640625,-194.99078369140625,-153.0386962890625,-247.617919921875,-449.83740234375,-485.07122802734375,-526.02294921875,-480.561279296875,-632.95166015625,-645.34912109375,-662.33984375,-648.22021484375,-766.2740478515625,-700.481689453125,-816.4674072265625,-815.4957275390625,-798.08447265625,-879.2598876953125,-759.565185546875,-936.349609375,-788.7650146484375,-855.1260986328125,-791.721435546875,-871.670166015625,-918.1910400390625,-899.441162109375,-987.7659912109375,-998.59130859375,-939.5987548828125,-968.3658447265625,-996.3018798828125,-943.39306640625,-891.57958984375,-931.773193359375,-745.563232421875,-870.4803466796875,-855.7982177734375,-865.970703125,-942.4560546875,-887.746337890625,-833.29345703125,-864.4822998046875,-897.1175537109375,-865.181884765625,-843.2874755859375,-762.4249267578125,-834.853515625,-847.928466796875,-881.828857421875,-967.7115478515625,-973.784912109375,-810.0750732421875,-803.692626953125,-769.34912109375,-838.11474609375,-761.436767578125,-812.3536376953125,-780.1898193359375,-680.01220703125,-779.4937744140625,-762.912353515625,-765.17138671875,-558.873046875,-419.40576171875,-506.31903076171875,-723.864990234375,-327.96514892578125,-383.7508544921875,-464.35894775390625,-415.4117431640625,-266.53289794921875,-172.8857421875,-341.01580810546875,-139.142822265625,-275.7177734375,-70.6904296875,-353.65625,-134.9613037109375,-126.3621826171875,-95.77978515625,-45.280517578125,-30.48956298828125,-98.84014892578125,0.909332275390625,-6.9832763671875,-24.1630859375,-11.985870361328125,-31.96630859375,14.69586181640625,-83.90203857421875,-87.05755615234375,63.459259033203125
"S178",192.98779296875,208.29473876953125,206.35824584960938,213.41046142578125,253.30421447753906,247.27517700195312,208.27670288085938,233.14480590820312,243.33941650390625,226.9534912109375,269.6597900390625,277.1100769042969,244.56236267089844,292.8883972167969,286.9403991699219,253.3955841064453,302.7668762207031,283.9422912597656,238.69061279296875,287.65728759765625,272.1266784667969,257.55145263671875,297.6107635498047,284.5116882324219,262.1723937988281,287.554443359375,280.34039306640625,284.3020782470703,315.90379333496094,305.75152587890625,267.3882293701172,283.0079345703125,278.12879943847656,259.46336364746094,296.4403839111328,249.18226623535156,255.1345977783203,299.96116638183594,270.6285705566406,229.68017578125,234.57672119140625,214.948486328125,214.52871704101562,199.96383666992188,80.23916625976562,74.63095092773438,51.512359619140625,-51.0770263671875,-83.4193115234375,-146.29400634765625,-223.17852783203125,-349.67608642578125,-405.1488037109375,-654.72509765625,-743.937744140625,-691.5343017578125,-752.5009765625,-766.624755859375,-871.02099609375,-850.50732421875,-1121.028564453125,-1154.0123291015625,-1041.41748046875,-1151.6356201171875,-1109.4271240234375,-1080.0010986328125,-1122.501708984375,-1030.9969482421875,-1308.7501220703125,-1145.97314453125,-1136.5369873046875,-1055.1190185546875,-1149.8350830078125,-1243.0167236328125,-1249.2298583984375,-1608.801025390625,-1350.8760986328125,-1332.5068359375,-1281.5849609375,-1282.16748046875,-1294.038330078125,-1385.7677001953125,-1247.0621337890625,-1088.8519287109375,-1396.451171875,-1286.544921875,-1486.247314453125,-1593.633056640625,-1228.84912109375,-1150.9161376953125,-1269.056396484375,-1176.2982177734375,-1119.6495361328125,-1144.4407958984375,-1058.2330322265625,-1114.0736083984375,-1132.2633056640625,-1063.7818603515625,-1177.3126220703125,-1158.9166259765625,-1150.3739013671875,-928.34326171875,-1015.6099853515625,-1063.5262451171875,-970.42822265625,-1177.1318359375,-907.5626220703125,-917.0919189453125,-1148.2371826171875,-955.6009521484375,-737.0794677734375,-637.7288818359375,-551.1676025390625,-669.541259765625,-1008.171630859375,-348.01544189453125,-435.1475830078125,-357.55072021484375,-379.7005615234375,-268.22882080078125,-231.3819580078125,-381.3306884765625,-260.66632080078125,-484.814453125,-178.094970703125,-305.26318359375,-170.43487548828125,-183.9725341796875,-199.082275390625,-284.242431640625,-200.4166259765625,-374.66473388671875,-103.29888916015625,-42.5130615234375,-155.53472900390625,-94.06036376953125,-209.15472412109375,-480.2010498046875,-24.37957763671875,-19.91326904296875,-15.506591796875
"S179",142.28411865234375,97.73861694335938,136.979248046875,146.03875732421875,228.16665649414062,233.414306640625,73.67337036132812,22.29058837890625,57.67333984375,101.35574340820312,144.60055541992188,269.14488220214844,272.4286193847656,276.8695983886719,265.9090118408203,268.18785095214844,291.64329528808594,287.3923034667969,251.15846252441406,274.71714782714844,281.3078918457031,245.42588806152344,304.86317443847656,301.55174255371094,203.41152954101562,243.07736206054688,235.02783203125,272.6190948486328,305.6515350341797,303.13519287109375,256.93927001953125,312.9075164794922,279.62010192871094,271.8727264404297,298.27296447753906,221.165283203125,250.22203063964844,303.8817443847656,276.01234436035156,249.66429138183594,248.0334014892578,109.67977905273438,138.11672973632812,163.96926879882812,67.04071044921875,40.553802490234375,10.60400390625,-135.914306640625,-383.9779052734375,-320.42181396484375,-369.77752685546875,-468.47003173828125,-591.6580810546875,-744.4117431640625,-929.4912109375,-1104.0037841796875,-1038.3802490234375,-1088.147216796875,-1151.0081787109375,-1218.7950439453125,-1551.254638671875,-1413.469970703125,-1442.446533203125,-1556.030029296875,-1847.45361328125,-1484.34765625,-1717.33642578125,-1642.6083984375,-1867.35693359375,-1622.147705078125,-1757.6044921875,-1711.27197265625,-1705.60107421875,-1909.05712890625,-2070.397705078125,-2037.001708984375,-1836.41650390625,-1858.47998046875,-1685.619384765625,-1577.173828125,-1537.8824462890625,-1546.36474609375,-1418.2740478515625,-1459.6368408203125,-1590.835693359375,-1527.405029296875,-1680.689453125,-1511.7181396484375,-1388.424072265625,-1548.2353515625,-1487.7913818359375,-1564.364501953125,-1612.726806640625,-1492.057373046875,-1421.6295166015625,-1444.873779296875,-1515.38671875,-1456.7725830078125,-1459.15185546875,-1961.505126953125,-1500.6871337890625,-1360.0218505859375,-1202.8656005859375,-1622.462890625,-1182.3709716796875,-1391.603271484375,-1113.543212890625,-1066.3267822265625,-1486.139892578125,-1091.082763671875,-950.6285400390625,-944.2623291015625,-684.3629150390625,-481.9278564453125,-503.67877197265625,-449.21563720703125,-353.30523681640625,-400.49432373046875,-314.552490234375,-386.41143798828125,-322.9700927734375,-320.56988525390625,-262.3958740234375,-300.9844970703125,-249.80352783203125,-198.81915283203125,-178.57861328125,-156.6060791015625,-150.85546875,-119.02166748046875,-149.60113525390625,-94.8392333984375,-37.3870849609375,-65.4537353515625,-35.63189697265625,-58.82421875,-170.33709716796875,-345.53460693359375,-389.20086669921875,-123.34722900390625,-43.8262939453125
"S180",Infinity,Infinity,Infinity,Infinity,Infinity,Infinity,Infinity,Infinity,Infinity,Infinity,Infinity,Infinity,Infinity,Infinity,Infinity,Infinity,Infinity,Infinity,Infinity,Infinity,Infinity,Infinity,Infinity,Infinity,Infinity,Infinity,Infinity,Infinity,Infinity,Infinity,Infinity,Infinity,Infinity,Infinity,Infinity,Infinity,Infinity,Infinity,Infinity,Infinity,Infinity,Infinity,Infinity,Infinity,Infinity,Infinity,Infinity,Infinity,Infinity,Infinity,Infinity,Infinity,Infinity,Infinity,Infinity,Infinity,Infinity,Infinity,Infinity,Infinity,Infinity,Infinity,Infinity,Infinity,Infinity,Infinity,Infinity,Infinity,Infinity,Infinity,Infinity,Infinity,Infinity,Infinity,Infinity,Infinity,Infinity,Infinity,Infinity,Infinity,Infinity,Infinity,Infinity,Infinity,Infinity,Infinity,Infinity,Infinity,Infinity,Infinity,Infinity,Infinity,Infinity,Infinity,Infinity,Infinity,Infinity,Infinity,Infinity,Infinity,Infinity,Infinity,Infinity,Infinity,Infinity,Infinity,Infinity,Infinity,Infinity,Infinity,Infinity,Infinity,Infinity,Infinity,Infinity,Infinity,Infinity,Infinity,Infinity,Infinity,Infinity,Infinity,Infinity,Infinity,Infinity,Infinity,Infinity,Infinity,Infinity,Infinity,Infinity,Infinity,Infinity,Infinity,Infinity,Infinity,Infinity,Infinity,Infinity,Infinity,Infinity
"S181",430.39464569091797,415.7590026855469,436.7052459716797,415.60611724853516,427.5415954589844,435.5242156982422,449.9158020019531,446.7464942932129,446.9878463745117,449.77606201171875,445.32674407958984,433.7903289794922,443.2121353149414,449.1100769042969,432.5647888183594,437.2695541381836,443.77717208862305,448.45738983154297,447.67472076416016,448.04698944091797,445.5565071105957,444.4869689941406,447.2405586242676,434.65174865722656,452.57577896118164,444.1209716796875,453.1810646057129,456.54932022094727,449.8658218383789,449.4064598083496,450.24730682373047,443.51479721069336,454.9158935546875,443.9016456604004,445.61474227905273,451.5971336364746,441.34499740600586,445.093448638916,432.3726501464844,413.06689453125,409.3056945800781,380.38367462158203,367.75177001953125,314.65550231933594,250.23031616210938,269.1669006347656,212.53375244140625,33.736480712890625,-21.8275146484375,-66.01031494140625,-27.25299072265625,-98.8961181640625,-312.15753173828125,-459.1429443359375,-488.0389404296875,-504.77679443359375,-574.2821044921875,-551.3663330078125,-613.4949951171875,-667.0484619140625,-649.8668212890625,-801.992431640625,-803.59765625,-761.400146484375,-831.0640869140625,-827.2783203125,-902.843994140625,-906.245849609375,-828.2147216796875,-895.2950439453125,-826.6893310546875,-741.0775146484375,-778.735107421875,-703.5263671875,-753.7777099609375,-712.90625,-616.6170654296875,-688.6209716796875,-717.7457275390625,-659.5701904296875,-689.413330078125,-582.65625,-549.106689453125,-542.2408447265625,-595.038330078125,-603.3865966796875,-683.822998046875,-580.043701171875,-530.389892578125,-417.736572265625,-576.4365234375,-430.5047607421875,-302.81427001953125,-398.33648681640625,-358.7408447265625,-266.1995849609375,-440.10382080078125,-360.88372802734375,-290.1640625,-333.45440673828125,-186.8760986328125,-186.30059814453125,-273.41241455078125,-318.10284423828125,-251.2423095703125,-172.18914794921875,-148.99664306640625,-152.056396484375,-155.69366455078125,-115.3675537109375,-80.1329345703125,-12.27789306640625,11.941314697265625,40.116851806640625,45.501953125,135.32208251953125,38.595245361328125,31.8515625,98.69900512695312,179.69677734375,141.11883544921875,209.11386108398438,207.87405395507812,271.8456573486328,237.84893798828125,249.9127655029297,295.3458557128906,205.54165649414062,295.48500061035156,268.53863525390625,264.1329040527344,273.7094421386719,351.6787109375,361.21009826660156,377.16658782958984,328.85118103027344,363.1729278564453,395.9848175048828,375.9488754272461,368.49546813964844,357.20452880859375
"S182",409.3627395629883,411.2564239501953,413.06905364990234,414.79361724853516,416.38497161865234,417.92266845703125,419.2705078125,420.56441497802734,421.6495590209961,422.6164016723633,423.5046844482422,424.2800064086914,424.9749526977539,425.57154846191406,425.89170837402344,426.2606735229492,426.5075988769531,426.66124725341797,426.752685546875,426.75970458984375,426.76659393310547,426.68463134765625,426.58197021484375,426.40013885498047,426.1937484741211,425.87857818603516,425.52037811279297,425.08634185791016,424.55411529541016,423.93318939208984,423.1707305908203,422.3060836791992,421.32315826416016,420.21533966064453,418.94686126708984,417.534423828125,415.9488220214844,414.20726013183594,412.33069610595703,410.3075256347656,408.0823287963867,405.7308883666992,403.25279998779297,400.63421630859375,383.23228454589844,360.87681579589844,356.3586730957031,321.4430847167969,291.5955505371094,226.98916625976562,202.18353271484375,200.77304077148438,104.27609252929688,31.9735107421875,22.275970458984375,-41.16925048828125,-102.42608642578125,-113.3773193359375,-135.0947265625,-165.8389892578125,-227.00909423828125,-253.391845703125,-213.5399169921875,-300.63916015625,-293.6822509765625,-284.15765380859375,-403.79254150390625,-333.975830078125,-293.57763671875,-329.05914306640625,-332.52789306640625,-245.57244873046875,-241.087646484375,-247.00830078125,-210.371337890625,-190.48992919921875,-147.52984619140625,-112.1243896484375,-108.87872314453125,-158.0670166015625,-86.2340087890625,-4.119293212890625,-44.51361083984375,-70.35333251953125,-13.53387451171875,15.7646484375,-55.87969970703125,-36.364501953125,-8.51165771484375,-10.29901123046875,31.38238525390625,14.487823486328125,58.457244873046875,25.8892822265625,63.082275390625,4.926422119140625,19.242889404296875,28.72222900390625,111.4285888671875,88.47161865234375,134.58151245117188,97.00384521484375,55.838348388671875,114.28787231445312,130.38790893554688,115.878173828125,137.251708984375,158.51223754882812,145.96368408203125,176.72732543945312,196.48016357421875,204.21072387695312,210.7083740234375,245.70611572265625,229.47601318359375,258.2882385253906,264.23191833496094,252.93487548828125,276.3561248779297,282.61566162109375,288.9783630371094,295.4198303222656,301.9596405029297,308.33856201171875,314.52940368652344,320.9242706298828,327.20623779296875,333.20301818847656,339.0266571044922,344.7670135498047,350.1087646484375,355.38148498535156,360.4127197265625,365.18504333496094,369.69744873046875,374.0240783691406,378.16282653808594,382.0102005004883,385.58177185058594,388.92362213134766,392.1539535522461
"S183",307.8220520019531,364.4967498779297,373.97618103027344,364.2676696777344,374.7978057861328,375.07066345214844,351.9359588623047,394.8664093017578,388.29483795166016,386.91014862060547,369.99098205566406,390.0731201171875,403.66368865966797,401.69895935058594,393.1803741455078,379.89827728271484,380.0282516479492,405.2987365722656,405.34507751464844,405.282958984375,405.2115707397461,405.032470703125,387.68214416503906,404.5138397216797,402.11595916748047,379.5033493041992,403.07144927978516,402.41400146484375,374.3343200683594,400.65845489501953,399.5243148803711,398.24647521972656,396.37679290771484,395.2263870239258,382.7771682739258,391.3523941040039,389.1017761230469,386.65502166748047,383.99669647216797,377.4158020019531,360.95042419433594,374.87403106689453,351.5296173095703,355.22486877441406,356.220458984375,305.93663024902344,287.90386962890625,281.0830993652344,243.25601196289062,216.21694946289062,141.28683471679688,128.19268798828125,82.684814453125,70.017333984375,82.78140258789062,83.6922607421875,20.831146240234375,45.281036376953125,28.836212158203125,-28.2047119140625,-11.0828857421875,-13.5911865234375,20.76055908203125,-38.4583740234375,9.19561767578125,-52.070068359375,-19.4637451171875,-39.74163818359375,37.657623291015625,-43.81976318359375,-37.4791259765625,-46.63116455078125,-51.031982421875,-93.28125,-57.3453369140625,10.890777587890625,-6.354461669921875,0.149871826171875,-18.58660888671875,-87.749267578125,-1.73736572265625,-31.01678466796875,-82.8878173828125,-169.21417236328125,10.521240234375,33.465423583984375,-44.4356689453125,29.102752685546875,-27.5179443359375,4.306549072265625,-2.178955078125,-21.21917724609375,46.470855712890625,43.965789794921875,61.70068359375,4.451995849609375,76.880126953125,62.972930908203125,96.51101684570312,98.86123657226562,46.09869384765625,77.96987915039062,94.1737060546875,96.19244384765625,84.05856323242188,83.59912109375,34.07208251953125,51.98223876953125,18.609130859375,55.968719482421875,82.9383544921875,76.01687622070312,36.18731689453125,71.896240234375,-62.04327392578125,-19.1298828125,80.47732543945312,36.981903076171875,85.3255615234375,92.97720336914062,123.82281494140625,93.42535400390625,162.64669799804688,-196.6722412109375,186.38125610351562,201.88137817382812,147.22607421875,199.2750244140625,241.38461303710938,204.05429077148438,225.31210327148438,197.9500732421875,283.9891357421875,213.02456665039062,268.0246124267578,264.3016815185547,285.50636291503906,322.1197052001953,300.2783660888672,269.6430206298828,332.28558349609375
"S184",331.7796630859375,335.26856994628906,338.63067626953125,341.82496643066406,344.7592315673828,347.60252380371094,350.0934143066406,352.4644470214844,354.46728515625,356.2524108886719,357.8841552734375,359.3044891357422,360.58946228027344,361.6732940673828,362.35935974121094,362.92840576171875,363.37632751464844,363.6396484375,363.80140686035156,363.8110046386719,363.8059844970703,363.64442443847656,363.4381408691406,363.0950927734375,362.6959228515625,362.1002655029297,361.4096221923828,360.6031494140625,359.5992126464844,358.4305725097656,357.0011749267578,355.38084411621094,353.5502624511719,351.48919677734375,349.11656188964844,346.46849060058594,343.50807189941406,340.2683410644531,336.74757385253906,332.9833526611328,328.8387756347656,324.4408264160156,319.83338928222656,314.93768310546875,309.7154083251953,304.3049774169922,298.74427795410156,292.92425537109375,287.17369079589844,281.1182556152344,274.83229064941406,268.46173095703125,261.84637451171875,254.93650817871094,248.04556274414062,240.986572265625,233.45306396484375,225.1387939453125,217.18038940429688,205.47457885742188,190.85421752929688,192.34063720703125,183.22882080078125,173.70513916015625,163.98110961914062,153.86260986328125,143.3857421875,132.64666748046875,121.500244140625,110.44174194335938,98.99606323242188,87.48089599609375,76.07382202148438,65.021728515625,54.24810791015625,43.349212646484375,32.586212158203125,22.132659912109375,12.1494140625,2.410858154296875,-6.96099853515625,-15.9140625,-24.56103515625,-32.8665771484375,-40.2254638671875,-47.154541015625,-53.96221923828125,-60.0029296875,-65.66943359375,-70.591064453125,-75.21795654296875,-79.060546875,-82.197998046875,-84.66015625,-86.326904296875,-87.223876953125,-87.20758056640625,-86.49652099609375,-84.5531005859375,-81.64508056640625,-78.11895751953125,-73.90771484375,-68.62811279296875,-62.709716796875,-55.80194091796875,-48.51141357421875,-40.8560791015625,-32.7401123046875,-24.31689453125,-15.24859619140625,-5.584075927734375,4.250244140625,14.391632080078125,24.82928466796875,35.2227783203125,46.27093505859375,57.3629150390625,68.61734008789062,80.02227783203125,91.70773315429688,103.63397216796875,115.71188354492188,127.9266357421875,139.88412475585938,151.4736328125,163.470947265625,175.24444580078125,186.46597290039062,197.41098022460938,208.16156005859375,218.21258544921875,228.09933471679688,237.55068969726562,246.4984588623047,254.9779052734375,263.09857177734375,270.86024475097656,278.0635528564453,284.76710510253906,291.0388946533203,297.105712890625
"S185",235.91311645507812,241.04345703125,246.0159149169922,250.6501007080078,254.78317260742188,258.77565002441406,262.1955261230469,265.5748596191406,268.45684814453125,271.0002746582031,273.3050842285156,275.2780303955078,277.0441131591797,278.50279235839844,279.34649658203125,280.0207214355469,280.51060485839844,280.7281951904297,280.78855895996094,280.62315368652344,280.4341125488281,279.9998474121094,279.49037170410156,278.75,277.90789794921875,276.7304992675781,275.3836212158203,273.82989501953125,271.9289245605469,269.7317657470703,267.09666442871094,264.1250457763672,260.78680419921875,257.0550231933594,252.7986297607422,248.0806427001953,242.84625244140625,237.16165161132812,231.006591796875,224.47512817382812,217.33590698242188,209.79833984375,201.95291137695312,193.65399169921875,184.8524169921875,175.793212890625,166.5140380859375,156.82965087890625,147.3033447265625,137.28610229492188,126.88302612304688,116.32958984375,105.35873413085938,93.8834228515625,82.41159057617188,70.63507080078125,58.024383544921875,44.703643798828125,30.6815185546875,16.9066162109375,3.5516357421875,-11.062957763671875,-26.3677978515625,-42.32513427734375,-58.5716552734375,-75.43243408203125,-92.79718017578125,-110.5408935546875,-128.88885498046875,-146.96234130859375,-165.62152099609375,-184.29315185546875,-202.67791748046875,-220.40435791015625,-237.59332275390625,-254.92669677734375,-272.00555419921875,-288.5220947265625,-304.2178955078125,-319.50146484375,-334.178955078125,-348.15423583984375,-361.6243896484375,-374.53564453125,-385.86468505859375,-396.46630859375,-406.87542724609375,-415.96551513671875,-424.39947509765625,-431.57598876953125,-438.196533203125,-443.45269775390625,-447.52862548828125,-450.4207763671875,-451.97021484375,-452.21240234375,-450.9415283203125,-448.5157470703125,-444.12457275390625,-438.207763671875,-431.30615234375,-423.3817138671875,-413.7685546875,-403.20989990234375,-391.18109130859375,-378.29168701171875,-364.228759765625,-349.7183837890625,-334.68597412109375,-318.881591796875,-302.13958740234375,-285.10626220703125,-267.55242919921875,-249.71563720703125,-231.86883544921875,-213.03436279296875,-194.26727294921875,-175.2430419921875,-156.1165771484375,-136.72003173828125,-116.936767578125,-97.06695556640625,-77.3248291015625,-58.0447998046875,-39.55120849609375,-20.5557861328125,-2.12542724609375,15.18902587890625,32.0767822265625,48.405853271484375,63.713287353515625,78.5706787109375,92.76727294921875,106.088134765625,118.69863891601562,130.75741577148438,142.26126098632812,152.93283081054688,162.91006469726562,172.27987670898438,181.40567016601562
"S186",235.91311645507812,241.04345703125,246.0159149169922,250.6501007080078,254.78317260742188,258.77565002441406,262.1955261230469,265.5748596191406,268.45684814453125,271.0002746582031,273.3050842285156,275.2780303955078,277.0441131591797,278.50279235839844,279.34649658203125,280.0207214355469,280.51060485839844,280.7281951904297,280.78855895996094,280.62315368652344,280.4341125488281,279.9998474121094,279.49037170410156,278.75,277.90789794921875,276.7304992675781,275.3836212158203,273.82989501953125,271.9289245605469,269.7317657470703,267.09666442871094,264.1250457763672,260.78680419921875,257.0550231933594,252.7986297607422,248.0806427001953,242.84625244140625,237.16165161132812,231.006591796875,224.47512817382812,217.33590698242188,209.79833984375,201.95291137695312,193.65399169921875,184.8524169921875,175.793212890625,166.5140380859375,156.82965087890625,147.3033447265625,137.28610229492188,126.88302612304688,116.32958984375,105.35873413085938,93.8834228515625,82.41159057617188,70.63507080078125,58.024383544921875,44.703643798828125,30.6815185546875,16.9066162109375,3.5516357421875,-11.062957763671875,-26.3677978515625,-42.32513427734375,-58.5716552734375,-75.43243408203125,-92.79718017578125,-110.5408935546875,-128.88885498046875,-146.96234130859375,-165.62152099609375,-184.29315185546875,-202.67791748046875,-220.40435791015625,-237.59332275390625,-254.92669677734375,-272.00555419921875,-288.5220947265625,-304.2178955078125,-319.50146484375,-334.178955078125,-348.15423583984375,-361.6243896484375,-374.53564453125,-385.86468505859375,-396.46630859375,-406.87542724609375,-415.96551513671875,-424.39947509765625,-431.57598876953125,-438.196533203125,-443.45269775390625,-447.52862548828125,-450.4207763671875,-451.97021484375,-452.21240234375,-450.9415283203125,-448.5157470703125,-444.12457275390625,-438.207763671875,-431.30615234375,-423.3817138671875,-413.7685546875,-403.20989990234375,-391.18109130859375,-378.29168701171875,-364.228759765625,-349.7183837890625,-334.68597412109375,-318.881591796875,-302.13958740234375,-285.10626220703125,-267.55242919921875,-249.71563720703125,-231.86883544921875,-213.03436279296875,-194.26727294921875,-175.2430419921875,-156.1165771484375,-136.72003173828125,-116.936767578125,-97.06695556640625,-77.3248291015625,-58.0447998046875,-39.55120849609375,-20.5557861328125,-2.12542724609375,15.18902587890625,32.0767822265625,48.405853271484375,63.713287353515625,78.5706787109375,92.76727294921875,106.088134765625,118.69863891601562,130.75741577148438,142.26126098632812,152.93283081054688,162.91006469726562,172.27987670898438,181.40567016601562
"S187",235.91311645507812,241.04345703125,246.0159149169922,250.6501007080078,254.78317260742188,258.77565002441406,262.1955261230469,265.5748596191406,268.45684814453125,271.0002746582031,273.3050842285156,275.2780303955078,277.0441131591797,278.50279235839844,279.34649658203125,280.0207214355469,280.51060485839844,280.7281951904297,280.78855895996094,280.62315368652344,280.4341125488281,279.9998474121094,279.49037170410156,278.75,277.90789794921875,276.7304992675781,275.3836212158203,273.82989501953125,271.9289245605469,269.7317657470703,267.09666442871094,264.1250457763672,260.78680419921875,257.0550231933594,252.7986297607422,248.0806427001953,242.84625244140625,237.16165161132812,231.006591796875,224.47512817382812,217.33590698242188,209.79833984375,201.95291137695312,193.65399169921875,184.8524169921875,175.793212890625,166.5140380859375,156.82965087890625,147.3033447265625,137.28610229492188,126.88302612304688,116.32958984375,105.35873413085938,93.8834228515625,82.41159057617188,70.63507080078125,58.024383544921875,44.703643798828125,30.6815185546875,16.9066162109375,3.5516357421875,-11.062957763671875,-26.3677978515625,-42.32513427734375,-58.5716552734375,-75.43243408203125,-92.79718017578125,-110.5408935546875,-128.88885498046875,-146.96234130859375,-165.62152099609375,-184.29315185546875,-202.67791748046875,-220.40435791015625,-237.59332275390625,-254.92669677734375,-272.00555419921875,-288.5220947265625,-304.2178955078125,-319.50146484375,-334.178955078125,-348.15423583984375,-361.6243896484375,-374.53564453125,-385.86468505859375,-396.46630859375,-406.87542724609375,-415.96551513671875,-424.39947509765625,-431.57598876953125,-438.196533203125,-443.45269775390625,-447.52862548828125,-450.4207763671875,-451.97021484375,-452.21240234375,-450.9415283203125,-448.5157470703125,-444.12457275390625,-438.207763671875,-431.30615234375,-423.3817138671875,-413.7685546875,-403.20989990234375,-391.18109130859375,-378.29168701171875,-364.228759765625,-349.7183837890625,-334.68597412109375,-318.881591796875,-302.13958740234375,-285.10626220703125,-267.55242919921875,-249.71563720703125,-231.86883544921875,-213.03436279296875,-194.26727294921875,-175.2430419921875,-156.1165771484375,-136.72003173828125,-116.936767578125,-97.06695556640625,-77.3248291015625,-58.0447998046875,-39.55120849609375,-20.5557861328125,-2.12542724609375,15.18902587890625,32.0767822265625,48.405853271484375,63.713287353515625,78.5706787109375,92.76727294921875,106.088134765625,118.69863891601562,130.75741577148438,142.26126098632812,152.93283081054688,162.91006469726562,172.27987670898438,181.40567016601562
"S188",234.42282104492188,239.78384399414062,244.9102325439453,249.75665283203125,254.1735382080078,258.4186553955078,262.09344482421875,265.5748596191406,268.45684814453125,271.0002746582031,273.3050842285156,275.2780303955078,277.0441131591797,278.50279235839844,279.34649658203125,280.0207214355469,280.51060485839844,280.7281951904297,280.78855895996094,280.62315368652344,280.4341125488281,279.9998474121094,279.49037170410156,278.75,277.90789794921875,276.7304992675781,275.3836212158203,273.82989501953125,271.9289245605469,269.7317657470703,267.09666442871094,264.1250457763672,260.78680419921875,257.0550231933594,252.7986297607422,248.0806427001953,242.84625244140625,237.16165161132812,231.006591796875,224.47512817382812,217.33590698242188,209.79833984375,201.95291137695312,193.65399169921875,184.8524169921875,175.793212890625,166.5140380859375,156.82965087890625,147.3033447265625,137.28610229492188,126.88302612304688,116.32958984375,105.35873413085938,93.8834228515625,82.41159057617188,70.63507080078125,58.024383544921875,44.703643798828125,30.6815185546875,16.9066162109375,3.5516357421875,-11.062957763671875,-26.3677978515625,-42.32513427734375,-58.5716552734375,-75.43243408203125,-92.79718017578125,-110.5408935546875,-128.88885498046875,-146.96234130859375,-165.62152099609375,-184.29315185546875,-202.67791748046875,-220.40435791015625,-237.59332275390625,-254.92669677734375,-272.00555419921875,-288.5220947265625,-304.2178955078125,-319.50146484375,-334.178955078125,-348.15423583984375,-361.6243896484375,-374.53564453125,-385.86468505859375,-396.46630859375,-406.87542724609375,-415.96551513671875,-424.39947509765625,-431.57598876953125,-438.196533203125,-443.45269775390625,-447.52862548828125,-450.4207763671875,-451.97021484375,-452.21240234375,-450.9415283203125,-448.5157470703125,-444.12457275390625,-438.207763671875,-431.30615234375,-423.3817138671875,-413.7685546875,-403.20989990234375,-391.18109130859375,-378.599853515625,-365.50927734375,-351.73114013671875,-337.50030517578125,-322.32171630859375,-306.22796630859375,-289.87054443359375,-273.03216552734375,-255.7535400390625,-238.542724609375,-220.30804443359375,-202.028564453125,-183.52154541015625,-164.8052978515625,-145.70098876953125,-126.25970458984375,-106.670654296875,-86.95343017578125,-67.71417236328125,-49.14105224609375,-29.9993896484375,-11.325042724609375,6.401275634765625,23.616424560546875,40.445159912109375,56.122589111328125,71.496826171875,86.14443969726562,99.97396850585938,113.0770263671875,125.62255859375,137.6014404296875,148.69476318359375,159.03561401367188,168.72979736328125,178.13095092773438
"S189",224.49188232421875,235.04354858398438,267.26373291015625,233.91522216796875,238.46942138671875,278.4622497558594,273.64231872558594,243.0419921875,292.14202880859375,299.11814880371094,301.6902160644531,307.51307678222656,311.89630126953125,302.3157958984375,333.4158172607422,318.1297302246094,323.73193359375,322.64747619628906,323.1966247558594,337.7684631347656,326.5224304199219,329.3615417480469,341.6514587402344,339.3758239746094,329.5012969970703,345.13304138183594,345.0758514404297,333.24900817871094,348.65472412109375,344.35972595214844,335.5149383544922,354.03692626953125,349.11277770996094,345.8495178222656,353.0856018066406,350.267578125,333.760498046875,328.66624450683594,340.8199157714844,340.86285400390625,337.6277618408203,339.1837921142578,305.6492156982422,296.0425262451172,289.73851013183594,236.4185791015625,240.50735473632812,182.78826904296875,180.6575927734375,150.19921875,136.86544799804688,62.727203369140625,117.39862060546875,159.65399169921875,118.280517578125,74.09005737304688,43.162994384765625,67.0042724609375,11.506072998046875,71.01254272460938,135.81927490234375,140.03396606445312,92.93447875976562,87.606689453125,53.580169677734375,71.23861694335938,90.769287109375,100.43560791015625,134.46743774414062,105.3187255859375,121.91616821289062,84.42776489257812,100.89141845703125,107.00100708007812,97.67135620117188,88.25775146484375,78.99282836914062,70.02645874023438,61.515228271484375,53.229217529296875,45.270172119140625,37.70550537109375,30.427154541015625,23.419097900390625,17.295135498046875,11.57379150390625,5.948272705078125,1.064453125,-3.461700439453125,-7.307586669921875,-10.848785400390625,-13.66339111328125,-15.82098388671875,-17.321533203125,-18.0860595703125,-18.16241455078125,-17.41314697265625,-16.02716064453125,-13.5711669921875,-10.2735595703125,-6.490081787109375,-2.123565673828125,3.162872314453125,8.93939208984375,15.53826904296875,22.43402099609375,1.44525146484375,37.14801025390625,44.9366455078125,53.2366943359375,62.037322998046875,70.97662353515625,80.17205810546875,89.59649658203125,97.2777099609375,107.18402099609375,118.8941650390625,123.68218994140625,139.17822265625,104.1107177734375,102.79263305664062,128.14260864257812,154.75265502929688,121.30862426757812,134.03814697265625,101.76239013671875,70.09332275390625,113.31613159179688,101.91189575195312,86.38998413085938,83.00332641601562,93.4254150390625,66.5673828125,135.9151611328125,119.77487182617188,11.6492919921875,83.42007446289062,138.7991943359375,111.84872436523438,153.27798461914062,131.65695190429688
"S190",171.93551635742188,272.13279724121094,254.3561553955078,130.38845825195312,159.1444091796875,325.6076354980469,242.77297973632812,299.4886932373047,314.1271667480469,297.4849090576172,337.4928436279297,350.29412841796875,305.4837951660156,315.6004943847656,368.3343505859375,316.8303527832031,332.44728088378906,377.0195999145508,329.3368835449219,347.61863708496094,364.92437744140625,320.38365173339844,353.25244140625,361.4042663574219,341.7189636230469,341.71485900878906,380.2428512573242,330.0351104736328,359.803466796875,381.88633728027344,331.3850860595703,349.8512268066406,354.97418212890625,318.3921203613281,340.6831970214844,365.6070251464844,329.80714416503906,325.4461975097656,344.77955627441406,343.1676940917969,344.31224060058594,317.8350067138672,298.5993194580078,298.25511169433594,327.65411376953125,224.19064331054688,257.34959411621094,195.04605102539062,184.54147338867188,141.47265625,40.47357177734375,124.71218872070312,142.78036499023438,183.54974365234375,55.36962890625,7.704864501953125,4.353424072265625,-23.50579833984375,82.617919921875,42.54339599609375,-8.0950927734375,26.76617431640625,-132.31304931640625,-55.177001953125,-307.39056396484375,-166.4530029296875,-67.98406982421875,-14.2198486328125,73.37136840820312,19.059906005859375,-9.976287841796875,0.167510986328125,-57.45770263671875,45.6558837890625,38.923736572265625,16.995391845703125,-38.22576904296875,90.53598022460938,-50.20843505859375,-58.95330810546875,55.816619873046875,45.3826904296875,66.21621704101562,-89.6097412109375,53.37548828125,47.647308349609375,42.075531005859375,37.05731201171875,32.350982666015625,28.300994873046875,24.475738525390625,21.328704833984375,18.784881591796875,16.744537353515625,15.3585205078125,14.6517333984375,14.719024658203125,15.294677734375,16.925537109375,19.334625244140625,22.300750732421875,25.82257080078125,-92.86798095703125,35.10821533203125,40.854339599609375,46.899627685546875,-165.02685546875,51.499176025390625,-49.08563232421875,74.4498291015625,82.45782470703125,90.59219360351562,98.95782470703125,82.28732299804688,83.27972412109375,125.32693481445312,132.10818481445312,126.17987060546875,153.25576782226562,23.0538330078125,108.68832397460938,137.91256713867188,96.40289306640625,202.73190307617188,212.31515502929688,169.53643798828125,122.76736450195312,120.3349609375,79.33441162109375,127.67074584960938,117.13992309570312,185.78143310546875,167.9090576171875,177.21670532226562,211.72476196289062,176.82229614257812,160.33624267578125,56.052398681640625,35.259796142578125,200.42825317382812,200.73080444335938
"S191",135.40548706054688,173.81854248046875,99.36227416992188,114.287841796875,133.29568481445312,172.72854614257812,187.09603881835938,245.89854431152344,215.70794677734375,215.0738525390625,203.69863891601562,264.5850372314453,286.1409454345703,281.2229309082031,287.5220489501953,282.02635192871094,291.9019470214844,307.8750305175781,293.2186737060547,295.4142150878906,299.1323699951172,236.96566772460938,280.3437957763672,301.707275390625,310.38885498046875,298.3111267089844,325.13954162597656,308.2840118408203,311.3874969482422,324.5625305175781,314.2180633544922,299.31138610839844,316.64501953125,283.036865234375,298.4206085205078,320.123779296875,296.7322082519531,286.93959045410156,303.29644775390625,286.46258544921875,240.90017700195312,191.8240966796875,234.52633666992188,228.63180541992188,219.74884033203125,91.02084350585938,108.25698852539062,62.42987060546875,-7.71429443359375,-38.67108154296875,-44.90576171875,-60.0931396484375,-115.51483154296875,-58.7393798828125,-158.0982666015625,-173.2899169921875,-189.73919677734375,-206.361328125,-219.48504638671875,-156.99444580078125,-309.80548095703125,-207.49603271484375,-182.63720703125,-244.15362548828125,-328.89801025390625,-240.60498046875,-255.3975830078125,-243.994873046875,-246.11187744140625,-193.14990234375,-253.66510009765625,-191.6456298828125,-251.5667724609375,-185.9769287109375,-541.634033203125,-159.65911865234375,-304.38336181640625,-210.7313232421875,-203.71771240234375,-210.70074462890625,-179.8682861328125,-256.3514404296875,-217.44677734375,-281.64361572265625,-211.530029296875,-171.03326416015625,-162.76470947265625,-245.34326171875,-214.510498046875,-184.08148193359375,-171.9683837890625,-139.68603515625,-109.36212158203125,-160.887451171875,-145.49774169921875,-165.82672119140625,-83.93316650390625,-99.87225341796875,-173.1793212890625,-122.3001708984375,-109.66766357421875,-104.8538818359375,-161.4500732421875,-82.44415283203125,-110.19720458984375,-91.62213134765625,-151.80633544921875,-84.75274658203125,-168.3050537109375,-110.1947021484375,-79.91314697265625,-78.1260986328125,-133.27679443359375,-145.792724609375,-81.65155029296875,-49.48504638671875,-97.55523681640625,-49.36053466796875,-80.98590087890625,-91.187744140625,-77.35784912109375,-29.060546875,-25.18548583984375,-2.56182861328125,31.71624755859375,-46.153076171875,5.612091064453125,-27.36309814453125,-82.4815673828125,-32.21478271484375,41.0972900390625,36.8245849609375,-41.2760009765625,119.42694091796875,79.611328125,20.341400146484375,81.72796630859375,42.214019775390625,61.1724853515625,116.09017944335938,119.67437744140625
"S192",122.67947387695312,132.19107055664062,179.84429931640625,171.594970703125,165.97210693359375,117.05923461914062,163.46176147460938,205.067626953125,66.10256958007812,93.62600708007812,-138.30712890625,230.4918212890625,272.0863494873047,221.73779296875,212.97198486328125,258.8699035644531,241.2698974609375,253.3601531982422,259.79930114746094,242.00186157226562,256.77044677734375,275.3522491455078,261.1085510253906,259.5076446533203,295.3343811035156,275.334228515625,292.77354431152344,295.7367401123047,281.01536560058594,274.2664337158203,306.9156494140625,279.45054626464844,277.90887451171875,275.6513671875,283.80601501464844,279.9063415527344,294.49110412597656,272.2570037841797,271.34222412109375,280.1626434326172,227.40341186523438,154.40536499023438,220.9190673828125,177.3048095703125,152.12332153320312,44.608154296875,39.784759521484375,-57.40704345703125,-143.89447021484375,-176.27178955078125,-241.413818359375,-259.5322265625,-403.84722900390625,-366.032470703125,-430.47265625,-592.1409912109375,-498.9197998046875,-575.2923583984375,-725.970703125,-549.4864501953125,-783.23046875,-611.1134033203125,-642.13330078125,-793.431884765625,-865.1156005859375,-712.1220703125,-886.650634765625,-836.1104736328125,-979.6839599609375,-867.5948486328125,-907.3175048828125,-784.6396484375,-749.7821044921875,-727.4486083984375,-907.1231689453125,-675.7657470703125,-887.0526123046875,-786.393310546875,-667.0181884765625,-720.31787109375,-723.993408203125,-690.1663818359375,-758.4234619140625,-747.12548828125,-715.2060546875,-674.6324462890625,-656.2120361328125,-783.730712890625,-685.888916015625,-780.593994140625,-706.607666015625,-549.58056640625,-584.666748046875,-584.02392578125,-729.6478271484375,-699.5311279296875,-658.2886962890625,-553.84814453125,-687.150390625,-474.97125244140625,-585.4647216796875,-590.6754150390625,-512.3222045898438,-486.2305908203125,-510.702392578125,-477.31341552734375,-415.8133544921875,-320.59149169921875,-373.8236083984375,-378.70294189453125,-304.6322021484375,-256.08709716796875,-327.83734130859375,-303.14263916015625,-276.7877197265625,-262.66729736328125,-243.895263671875,-270.5787353515625,-466.86602783203125,-250.585205078125,-217.3924560546875,-175.49176025390625,-186.98211669921875,-176.7413330078125,-117.8409423828125,-166.896484375,-133.64385986328125,-160.1607666015625,-185.9766845703125,-137.68585205078125,-113.401611328125,-226.08013916015625,-135.015625,5.991424560546875,-28.73565673828125,-48.99554443359375,21.775390625,1.555877685546875,-11.667938232421875,-64.06878662109375,-29.52392578125
"S193",-50.9312744140625,-64.14068603515625,-72.87677001953125,-2.264068603515625,30.779937744140625,48.884979248046875,99.97161865234375,106.14404296875,107.35101318359375,87.414794921875,-48.78887939453125,181.11404418945312,197.95077514648438,161.77227783203125,164.54071044921875,190.76275634765625,172.22500610351562,210.62158203125,179.79592895507812,115.97537231445312,179.03854370117188,143.94439697265625,217.45596313476562,216.05465698242188,179.2218017578125,217.57196044921875,255.26963806152344,244.56741333007812,249.9804229736328,245.6533660888672,266.85081481933594,257.7687530517578,246.04837036132812,244.7070770263672,260.30816650390625,241.2706298828125,242.34829711914062,256.2052764892578,235.87887573242188,244.86575317382812,250.77488708496094,172.23175048828125,180.31915283203125,156.09246826171875,67.51553344726562,-98.890380859375,-59.99383544921875,-271.348388671875,-216.608642578125,-249.9234619140625,-415.982421875,-432.336181640625,-480.623779296875,-530.0677490234375,-520.4571533203125,-654.830322265625,-735.9969482421875,-761.171875,-853.5047607421875,-772.1356201171875,-916.63720703125,-807.8909912109375,-1036.462646484375,-911.7486572265625,-1044.498046875,-1094.178466796875,-1006.412353515625,-1090.6121826171875,-1125.8641357421875,-1204.9769287109375,-1005.5098876953125,-1064.469970703125,-870.01220703125,-961.13916015625,-960.277587890625,-961.4637451171875,-960.68408203125,-973.0394287109375,-902.3360595703125,-1025.2855224609375,-1025.7081298828125,-935.1485595703125,-1058.4501953125,-990.5625,-976.8629150390625,-928.1270751953125,-685.7750244140625,-710.5943603515625,-722.578125,-815.11865234375,-804.1756591796875,-864.3018798828125,-927.9757080078125,-825.8519287109375,-958.9420166015625,-749.35107421875,-867.6533203125,-772.691650390625,-824.903076171875,-788.885009765625,-884.0703125,-818.9049072265625,-705.6363525390625,-764.5933837890625,-707.4072265625,-771.9091796875,-731.8626708984375,-690.4251708984375,-646.7347412109375,-547.0947265625,-533.2977294921875,-540.302001953125,-552.6614990234375,-459.0948486328125,-525.6585693359375,-527.1240234375,-399.33746337890625,-375.57501220703125,-538.0028076171875,-359.6055908203125,-249.7283935546875,-256.42303466796875,-194.86431884765625,-229.20855712890625,-220.72320556640625,-197.63446044921875,-241.4307861328125,-205.1524658203125,-237.03778076171875,-232.8817138671875,-160.0556640625,-162.62921142578125,-258.63958740234375,-186.84375,-143.46612548828125,-206.6041259765625,-180.02703857421875,-240.603271484375,-222.7210693359375,-439.9996337890625,-425.1324462890625
"S194",111.79876708984375,-144.7725830078125,-408.95233154296875,-95.0557861328125,136.23507690429688,98.34085083007812,201.92636108398438,234.95401000976562,253.58645629882812,245.4939422607422,85.69509887695312,240.37680053710938,243.3060302734375,219.07028198242188,223.61737060546875,172.16259765625,189.55203247070312,255.05026245117188,195.30426025390625,220.28765869140625,223.13137817382812,212.59292602539062,195.93792724609375,282.00291442871094,288.47265625,307.1011505126953,303.54478454589844,295.2965393066406,286.93284606933594,302.7298583984375,306.85528564453125,289.4502410888672,311.59271240234375,292.3537292480469,294.4339141845703,301.7759094238281,297.1214904785156,271.6619873046875,282.1178741455078,293.8368225097656,264.44422912597656,250.99063110351562,214.84295654296875,192.6212158203125,98.83349609375,87.06069946289062,-71.343505859375,-238.68414306640625,-228.23529052734375,-295.19073486328125,-573.44140625,-981.7928466796875,-1343.572021484375,-1195.1512451171875,-1225.725341796875,-1387.15087890625,-1758.95751953125,-1858.71875,-1938.287353515625,-1850.049072265625,-2005.95361328125,-1921.107177734375,-2207.658935546875,-2091.977783203125,-2397.86572265625,-2494.24853515625,-2139.570068359375,-2105.658935546875,-2268.37158203125,-2290.353271484375,-2141.209716796875,-2415.4384765625,-2229.367919921875,-2012.436279296875,-2532.70166015625,-2294.435791015625,-2018.874755859375,-2215.78955078125,-2017.66259765625,-2297.351318359375,-2330.46044921875,-2378.206298828125,-2256.4921875,-2013.38671875,-2350.567626953125,-2405.832763671875,-2029.16064453125,-2100.3671875,-1806.95361328125,-1828.968505859375,-2179.60009765625,-2157.369384765625,-2408.224853515625,-2208.325439453125,-2511.153564453125,-2201.264404296875,-2331.61328125,-1914.140869140625,-2267.4267578125,-2190.9052734375,-2351.929931640625,-2158.542724609375,-1816.14404296875,-1746.406494140625,-1757.291015625,-1541.98828125,-1485.4984130859375,-1664.862060546875,-1505.3426513671875,-1329.9046630859375,-1285.5257568359375,-1170.1312255859375,-775.741455078125,-913.838134765625,-1097.0164794921875,-747.290771484375,-739.8975830078125,-648.2227783203125,-560.0308837890625,-575.622314453125,-605.052734375,-462.93023681640625,-389.02362060546875,-359.96142578125,-288.48797607421875,-322.29327392578125,-349.5306396484375,-233.5799560546875,-279.19158935546875,-225.5198974609375,-122.25323486328125,-75.406005859375,-222.22442626953125,-233.511962890625,-126.82049560546875,-376.60955810546875,-193.90618896484375,-361.78521728515625,-183.31854248046875,-67.2711181640625,-226.74859619140625
"S195",-105.99822998046875,-29.10150146484375,11.85601806640625,50.814239501953125,9.8338623046875,91.9447021484375,0.6092529296875,109.26080322265625,93.90664672851562,147.05569458007812,157.79672241210938,191.77993774414062,206.84494018554688,163.903076171875,183.57867431640625,99.12091064453125,186.24026489257812,146.90603637695312,176.70230102539062,213.0382080078125,224.24057006835938,185.56005859375,173.21908569335938,214.16098022460938,192.3973388671875,238.77337646484375,227.986572265625,237.892333984375,222.3944091796875,242.2550048828125,237.61624145507812,229.85922241210938,242.33718872070312,231.10415649414062,241.03338623046875,242.7515869140625,246.4874725341797,222.798828125,231.63653564453125,232.60784912109375,219.59445190429688,216.66912841796875,189.947998046875,158.412841796875,93.0760498046875,38.9241943359375,45.19158935546875,-156.75384521484375,-289.26483154296875,-508.3924560546875,-859.06591796875,-1285.2149658203125,-1528.3511962890625,-1618.333984375,-1682.1416015625,-1696.8701171875,-1818.30908203125,-2256.599609375,-2197.416015625,-2123.1591796875,-2454.45166015625,-2322.658203125,-2663.080810546875,-2816.484375,-2659.39306640625,-2718.981689453125,-2693.43701171875,-2595.15185546875,-3177.515625,-2982.60546875,-2864.2119140625,-2941.0185546875,-3416.227294921875,-2670.260498046875,-2818.69921875,-3313.776123046875,-3003.810302734375,-2873.26904296875,-2654.36865234375,-3145.29931640625,-2913.962158203125,-2642.66455078125,-2677.575439453125,-2468.919677734375,-2485.0947265625,-2562.722900390625,-2591.801025390625,-2714.072021484375,-2481.560302734375,-2485.63671875,-2398.96923828125,-2414.7412109375,-2557.246826171875,-2864.85546875,-3021.71044921875,-2375.1279296875,-2215.687744140625,-2099.230224609375,-2432.531494140625,-2382.849853515625,-2279.869873046875,-2115.344970703125,-2163.51513671875,-1782.4990234375,-1974.34716796875,-1972.80712890625,-1700.07373046875,-1803.84033203125,-1544.6256103515625,-1182.724609375,-1233.3289794921875,-943.5750732421875,-738.5201416015625,-811.5635986328125,-726.5589599609375,-577.2393798828125,-579.6488037109375,-804.1922607421875,-832.84033203125,-877.6466064453125,-882.308837890625,-595.342041015625,-571.99951171875,-669.8629150390625,-599.441650390625,-492.92791748046875,-442.27008056640625,-344.66351318359375,-328.04229736328125,-343.35394287109375,-517.6397705078125,-327.1982421875,-340.177978515625,-386.41436767578125,-416.74774169921875,-454.60589599609375,-422.76019287109375,-381.57989501953125,-308.1402587890625,-349.8975830078125,-348.30609130859375
"S196",-254.24127197265625,-74.3167724609375,-28.48046875,-51.3988037109375,-21.8533935546875,23.05413818359375,7.9366455078125,31.67144775390625,61.183074951171875,113.27090454101562,70.9180908203125,159.08258056640625,102.63760375976562,138.54852294921875,154.35507202148438,91.95266723632812,209.3642578125,121.42062377929688,116.369140625,181.20819091796875,192.14617919921875,188.45016479492188,188.10189819335938,195.017333984375,162.5848388671875,227.260009765625,204.42715454101562,206.61251831054688,237.96286010742188,177.47366333007812,198.53814697265625,197.08432006835938,236.30178833007812,206.92617797851562,239.92459106445312,229.51620483398438,212.09530639648438,250.9501190185547,222.16140747070312,183.08419799804688,174.5604248046875,162.6580810546875,162.44882202148438,74.82965087890625,7.291290283203125,-31.49822998046875,38.684814453125,-77.09552001953125,-257.65924072265625,-202.3892822265625,-214.85980224609375,-354.9686279296875,-442.33074951171875,-376.92547607421875,-539.2548828125,-460.21380615234375,-412.08392333984375,-482.08642578125,-489.603271484375,-476.54278564453125,-621.4600830078125,-579.1240234375,-570.7215576171875,-775.7530517578125,-622.503173828125,-746.521240234375,-727.4930419921875,-813.4378662109375,-700.2943115234375,-869.988525390625,-838.2239990234375,-727.8668212890625,-709.024658203125,-763.6649169921875,-799.4329833984375,-829.0091552734375,-786.2000732421875,-852.9207763671875,-813.5262451171875,-911.7744140625,-981.1080322265625,-905.0015869140625,-1146.3499755859375,-928.97314453125,-823.78076171875,-890.958251953125,-740.755615234375,-717.87255859375,-852.7945556640625,-913.9410400390625,-766.30810546875,-685.349609375,-814.4918212890625,-786.321533203125,-760.8966064453125,-740.5418701171875,-718.6495361328125,-748.0615234375,-626.46240234375,-798.4561767578125,-711.0567626953125,-622.6005859375,-665.9132080078125,-609.9150390625,-674.524169921875,-650.616943359375,-682.373291015625,-848.9921875,-842.0672607421875,-540.130615234375,-557.002197265625,-611.1307373046875,-584.92724609375,-613.7850341796875,-479.825927734375,-428.39678955078125,-466.05865478515625,-737.27490234375,-452.86370849609375,-615.2135009765625,-489.595458984375,-374.9678955078125,-456.99737548828125,-534.0634765625,-433.21087646484375,-583.9156494140625,-578.8475341796875,-395.19940185546875,-571.74072265625,-397.47430419921875,-488.95648193359375,-485.62835693359375,-456.44354248046875,-517.2471923828125,-382.3685302734375,-514.5574340820312,-506.78314208984375,-422.71002197265625,-374.3851318359375,-392.7288818359375,-419.8641357421875
"S197",51.617156982421875,150.42910766601562,88.47930908203125,77.93325805664062,160.364501953125,141.49859619140625,168.62994384765625,132.61978149414062,201.76071166992188,200.55648803710938,155.54391479492188,203.89553833007812,152.7476806640625,232.83926391601562,202.82614135742188,198.62411499023438,246.1295623779297,237.1241455078125,209.003662109375,203.15771484375,242.42633056640625,250.48568725585938,218.6614990234375,252.34259033203125,247.50634765625,260.3414306640625,229.75762939453125,242.51092529296875,274.21722412109375,227.79061889648438,232.14804077148438,228.6368408203125,265.6349639892578,261.62156677246094,256.3663330078125,252.1109619140625,234.30783081054688,240.6759033203125,234.29800415039062,221.31100463867188,205.82400512695312,178.43447875976562,203.48193359375,17.469024658203125,-7.55169677734375,61.6561279296875,82.78558349609375,-16.4249267578125,-134.16912841796875,-107.3560791015625,-149.9755859375,-274.8592529296875,-295.30206298828125,-285.8017578125,-373.0599365234375,-360.43353271484375,-375.6219482421875,-403.9559326171875,-392.38043212890625,-409.95843505859375,-534.4249267578125,-545.14013671875,-509.64617919921875,-738.8829345703125,-574.3291015625,-575.3226318359375,-847.7103271484375,-655.3360595703125,-649.6739501953125,-840.7406005859375,-929.3184814453125,-651.6328125,-696.9849853515625,-738.3704833984375,-852.4820556640625,-766.6749267578125,-734.8631591796875,-774.64404296875,-877.705322265625,-896.954345703125,-1071.8126220703125,-954.3760986328125,-1106.2569580078125,-899.2119140625,-839.3848876953125,-937.3153076171875,-795.6669921875,-775.125732421875,-761.653564453125,-909.3599853515625,-885.8310546875,-714.0849609375,-889.3140869140625,-826.3035888671875,-719.2606201171875,-766.0955810546875,-777.6920166015625,-793.8348388671875,-672.0240478515625,-684.658203125,-781.839599609375,-634.8624267578125,-846.98779296875,-767.9840087890625,-895.8179931640625,-610.1986083984375,-680.162109375,-775.4508056640625,-729.15625,-530.97119140625,-581.6163330078125,-595.319580078125,-442.73486328125,-456.06671142578125,-486.17376708984375,-380.79498291015625,-429.754638671875,-560.994873046875,-451.87646484375,-443.11749267578125,-294.00408935546875,-242.3084716796875,-297.3509521484375,-244.5374755859375,-271.359619140625,-277.4764404296875,-336.6668701171875,-254.34649658203125,-250.50360107421875,-168.271484375,-241.69677734375,-235.80657958984375,-175.93048095703125,-195.13287353515625,-135.790771484375,-263.3369140625,-194.44683837890625,-113.42718505859375,-77.9683837890625,-73.7425537109375,-85.1175537109375
"S198",205.7001953125,205.16763305664062,256.69146728515625,232.74398803710938,175.40560913085938,233.80783081054688,254.74520874023438,227.93399047851562,229.8369140625,256.18470764160156,230.90264892578125,245.56802368164062,290.6307373046875,305.114990234375,330.5922393798828,292.0789794921875,170.94378662109375,293.0570831298828,305.88470458984375,297.5048828125,278.38307189941406,307.76966857910156,306.0120391845703,293.3421325683594,320.52880859375,305.37884521484375,294.0021667480469,324.2421569824219,330.5843200683594,289.19847106933594,322.2186584472656,273.20985412597656,281.8807067871094,323.8793182373047,301.1151123046875,288.2166748046875,303.4687194824219,288.1484375,286.4257354736328,285.1569519042969,283.2350616455078,243.63629150390625,272.02880859375,255.0376739501953,174.54373168945312,173.9544677734375,98.14633178710938,-107.3221435546875,51.983856201171875,-23.250732421875,-96.73956298828125,-82.89300537109375,-259.8917236328125,-516.5651245117188,-561.63427734375,-455.7823486328125,-476.40753173828125,-592.7486572265625,-545.300048828125,-639.2884521484375,-714.4471435546875,-861.8636474609375,-700.9544677734375,-904.1614990234375,-902.6287841796875,-901.462646484375,-862.736083984375,-796.7974853515625,-895.8052978515625,-904.9073486328125,-1417.5992431640625,-1002.282958984375,-956.78515625,-981.920166015625,-1371.57958984375,-1064.3583984375,-1208.6707763671875,-1093.836181640625,-1340.28857421875,-1259.6348876953125,-1306.102294921875,-1376.8397216796875,-1628.44287109375,-1061.1322021484375,-1329.848876953125,-1337.1495361328125,-1342.7301025390625,-1364.619140625,-1405.2744140625,-1208.527099609375,-1059.4053955078125,-1202.9761962890625,-1082.8741455078125,-989.190185546875,-1004.6171875,-980.4656982421875,-962.6116943359375,-998.0289306640625,-1203.508544921875,-1022.485107421875,-1077.655517578125,-912.5440673828125,-1279.470703125,-1121.6856689453125,-1023.4195556640625,-839.8211669921875,-1251.7254638671875,-939.07373046875,-801.1513671875,-791.2703857421875,-732.7705078125,-621.735595703125,-585.7091064453125,-380.79852294921875,-585.1712646484375,-535.16259765625,-296.13116455078125,-348.120361328125,-504.82171630859375,-167.9752197265625,-241.60992431640625,-290.02484130859375,-168.19818115234375,-104.71319580078125,-76.604736328125,-10.26959228515625,-38.63018798828125,-19.837890625,37.97509765625,48.891693115234375,23.512237548828125,-123.09173583984375,54.272796630859375,-76.6109619140625,75.1666259765625,60.50830078125,96.75399780273438,56.381683349609375,116.42819213867188,95.77496337890625,133.91085815429688
"S199",243.85043334960938,247.4326171875,279.3192443847656,265.7066192626953,261.02281188964844,257.5099639892578,278.5436248779297,270.45635986328125,291.0196990966797,292.84100341796875,306.70257568359375,312.3409423828125,293.19163513183594,315.5425720214844,332.99041748046875,294.4544372558594,316.69810485839844,313.74351501464844,279.3426818847656,262.78819274902344,281.0794677734375,277.9416046142578,310.1935272216797,316.47178649902344,303.1172790527344,306.51316833496094,305.9899139404297,313.97808837890625,320.6003112792969,318.6766357421875,314.34132385253906,290.2520446777344,304.77308654785156,302.52781677246094,294.2244567871094,294.9757843017578,312.54673767089844,302.70338439941406,310.90032958984375,286.4595947265625,275.89410400390625,259.4114532470703,239.87603759765625,258.9691467285156,215.1123046875,143.0853271484375,119.91024780273438,-84.444091796875,12.20111083984375,-57.3155517578125,-107.907958984375,-182.5528564453125,-308.50421142578125,-501.97900390625,-542.958984375,-522.5899658203125,-597.98095703125,-679.68505859375,-772.561767578125,-709.920166015625,-779.75439453125,-917.202880859375,-855.6837158203125,-1009.6221923828125,-910.712890625,-1050.2364501953125,-1104.4722900390625,-1130.1329345703125,-1093.57666015625,-972.4061279296875,-1102.606201171875,-1145.0262451171875,-1262.85400390625,-1172.1763916015625,-1195.0777587890625,-1302.2445068359375,-1316.1229248046875,-1445.46044921875,-1320.76611328125,-1236.478759765625,-1341.8497314453125,-1369.1192626953125,-1338.504638671875,-1097.6634521484375,-1347.2115478515625,-1173.7403564453125,-1395.8427734375,-1356.72509765625,-1215.9306640625,-1049.2578125,-1096.3900146484375,-1262.9735107421875,-1148.3389892578125,-1082.864990234375,-1059.3177490234375,-1018.576416015625,-1093.36865234375,-1066.444091796875,-1043.947998046875,-997.39892578125,-930.0169677734375,-898.7294921875,-966.01806640625,-999.068359375,-909.5943603515625,-1027.1087646484375,-934.4163818359375,-992.4342041015625,-1120.743408203125,-704.4970703125,-636.2821044921875,-667.890625,-541.390625,-413.899658203125,-453.8353271484375,-436.53173828125,-362.71063232421875,-233.75299072265625,-221.01611328125,-183.08203125,-239.634521484375,-390.14996337890625,-157.5135498046875,-143.03912353515625,-49.97119140625,-84.2962646484375,-81.83819580078125,-35.9041748046875,18.88946533203125,5.467376708984375,38.331878662109375,-102.035888671875,109.72323608398438,58.291229248046875,99.36285400390625,99.34124755859375,-65.86663818359375,-386.09783935546875,150.02667236328125,188.2431640625,120.40777587890625
"S200",-6.984039306640625,7.929046630859375,85.83029174804688,124.464599609375,121.80999755859375,78.76214599609375,74.56890869140625,151.68658447265625,110.49295043945312,125.33938598632812,148.6759033203125,125.79107666015625,259.15850830078125,226.8555908203125,257.216064453125,255.50523376464844,264.56890869140625,262.6708984375,253.169677734375,271.7951965332031,287.4970245361328,248.78729248046875,255.40042114257812,283.7031555175781,261.18792724609375,253.4393310546875,256.8323059082031,279.6629333496094,264.6822204589844,278.07081604003906,274.77210998535156,280.0501403808594,283.538818359375,279.56712341308594,276.48406982421875,255.5140380859375,265.25401306152344,228.98574829101562,244.02671813964844,190.5692138671875,248.4355926513672,-48.75372314453125,-358.29510498046875,87.75888061523438,49.173553466796875,9.3009033203125,-99.13653564453125,-296.114501953125,-377.2547607421875,-573.511962890625,-614.5484619140625,-728.07421875,-1083.75244140625,-974.036865234375,-1196.313720703125,-1391.0106201171875,-1493.0389404296875,-1685.999267578125,-1649.04052734375,-1810.000732421875,-1879.908935546875,-1849.02783203125,-1934.231201171875,-2419.165771484375,-2132.792724609375,-2191.901123046875,-2348.393798828125,-2397.932861328125,-2347.094482421875,-2140.9111328125,-2305.2568359375,-2325.45654296875,-2674.872314453125,-2953.546142578125,-2233.06640625,-2582.790283203125,-3111.482666015625,-2558.064697265625,-2653.593994140625,-2675.3525390625,-2504.75732421875,-2498.064697265625,-2628.045166015625,-2142.535888671875,-2299.963134765625,-2323.59423828125,-2737.87109375,-2253.426513671875,-2145.35009765625,-1981.8671875,-1996.058349609375,-1965.03076171875,-2406.751220703125,-2143.353271484375,-2130.5390625,-1979.75244140625,-1997.74072265625,-2008.80859375,-1945.486572265625,-2067.49169921875,-1807.45703125,-1575.91943359375,-1463.91943359375,-1651.142333984375,-1569.14013671875,-1813.752197265625,-1766.735595703125,-1639.642333984375,-1594.575439453125,-1333.783447265625,-1188.6927490234375,-1141.544677734375,-983.41552734375,-886.6357421875,-743.8641357421875,-736.21142578125,-667.16064453125,-643.6741943359375,-640.5679931640625,-572.257080078125,-320.8433837890625,-532.856201171875,-255.3079833984375,-160.07830810546875,-181.2646484375,-208.32122802734375,-87.701904296875,-70.82659912109375,-75.51788330078125,-166.61053466796875,-118.623291015625,-221.33221435546875,-51.244384765625,-59.270263671875,-9.61260986328125,-38.835693359375,1.27203369140625,-4.4822998046875,59.225494384765625,-13.2269287109375,-5.53802490234375
"S201",157.1402587890625,160.51727294921875,251.40475463867188,273.46958923339844,272.23997497558594,245.89498901367188,156.98855590820312,234.57650756835938,79.294677734375,184.55340576171875,254.28855895996094,161.4373779296875,277.652099609375,244.5963897705078,298.8448028564453,174.85888671875,277.5237121582031,269.5653991699219,303.3685760498047,325.0754852294922,343.8826599121094,306.1058044433594,316.86769104003906,326.92767333984375,324.90818786621094,323.62158203125,320.9301452636719,330.6880340576172,312.5254211425781,332.5009460449219,326.7784881591797,334.30738830566406,336.3345642089844,342.9561462402344,328.71673583984375,317.4264831542969,319.22386169433594,295.6898651123047,302.30157470703125,272.0376739501953,285.00743103027344,158.43994140625,19.384979248046875,173.13516235351562,77.50808715820312,122.65066528320312,29.704071044921875,-114.2342529296875,-206.36688232421875,-350.51611328125,-365.4569091796875,-511.32598876953125,-785.7266845703125,-682.197021484375,-863.927978515625,-939.1541748046875,-1048.319091796875,-997.6927490234375,-1128.8194580078125,-1196.7845458984375,-1276.93896484375,-1349.65771484375,-1232.227294921875,-1569.593994140625,-1449.02685546875,-1583.079833984375,-1582.883544921875,-1421.5775146484375,-1354.05419921875,-1558.1474609375,-1513.1312255859375,-1597.3544921875,-1616.909423828125,-1748.839599609375,-1516.8760986328125,-1771.52197265625,-1695.76318359375,-1631.376220703125,-1757.35986328125,-1729.829345703125,-1570.625,-1641.319580078125,-1827.013916015625,-1464.991943359375,-1525.5062255859375,-1607.703125,-1598.31982421875,-1533.289794921875,-1484.0941162109375,-1339.972412109375,-1358.73486328125,-1191.0306396484375,-1409.7158203125,-1285.2012939453125,-1259.76953125,-1259.7838134765625,-1282.5211181640625,-1225.440185546875,-1078.932373046875,-1268.3284912109375,-1040.531494140625,-1000.1683349609375,-936.7431640625,-1066.941650390625,-903.2469482421875,-1039.031494140625,-999.49755859375,-995.6434326171875,-917.87890625,-842.6202392578125,-706.97900390625,-552.0703125,-470.078369140625,-470.44482421875,-427.444580078125,-396.82720947265625,-344.44366455078125,-392.24853515625,-301.2666015625,-246.91876220703125,-103.58197021484375,-339.3468017578125,-76.314697265625,8.908721923828125,-69.61907958984375,43.53314208984375,24.020355224609375,-110.44482421875,8.7843017578125,-10.02056884765625,53.49688720703125,-13.4969482421875,79.45501708984375,103.05255126953125,100.706787109375,93.858642578125,140.26242065429688,155.31582641601562,150.8524169921875,107.36251831054688,120.36087036132812
"S202",349.7812194824219,339.1498718261719,381.3851089477539,364.8092956542969,387.97664642333984,356.76409912109375,329.12939453125,357.56378173828125,306.81837463378906,357.93487548828125,395.6084442138672,341.9166717529297,385.3252182006836,389.9709930419922,397.35286712646484,344.0040283203125,392.5521926879883,372.9746322631836,394.2745666503906,404.70057678222656,404.46790313720703,394.3740463256836,403.37237548828125,388.65930938720703,394.4937210083008,406.5034942626953,400.1604537963867,399.3498764038086,408.71863555908203,407.2570266723633,399.67893981933594,408.29434967041016,407.4394836425781,401.97035217285156,400.05037689208984,396.4886016845703,397.66893005371094,391.0641784667969,391.5013198852539,378.3029327392578,354.701416015625,324.9559020996094,301.44944763183594,277.99908447265625,242.9930419921875,228.5980224609375,124.83682250976562,-15.931640625,-157.13348388671875,-143.02410888671875,-208.62298583984375,-282.60772705078125,-507.89019775390625,-747.081298828125,-638.8673095703125,-792.75,-878.6358642578125,-1018.447021484375,-1051.130859375,-1077.1361083984375,-1146.6219482421875,-1246.1475830078125,-1304.782470703125,-1223.2989501953125,-1346.6231689453125,-1369.85693359375,-1456.805908203125,-1458.615966796875,-1359.424560546875,-1477.565673828125,-1395.8173828125,-1321.280029296875,-1352.5167236328125,-1241.8717041015625,-1243.6524658203125,-1291.3372802734375,-1124.244384765625,-1130.0823974609375,-1177.72021484375,-1173.8177490234375,-1095.73046875,-1020.8330078125,-987.357177734375,-955.7625732421875,-966.84130859375,-985.8524169921875,-1210.2823486328125,-1069.5718994140625,-981.3975830078125,-777.873779296875,-896.2728271484375,-811.893798828125,-694.234130859375,-789.8143310546875,-763.943359375,-644.546630859375,-860.869384765625,-658.532470703125,-670.897216796875,-680.162353515625,-529.33935546875,-572.9923095703125,-608.938720703125,-647.419921875,-603.08349609375,-544.90869140625,-492.52984619140625,-550.1295166015625,-516.2521362304688,-459.667236328125,-675.351806640625,-518.5379638671875,-309.12347412109375,-285.87744140625,-206.56939697265625,-142.9586181640625,-199.50555419921875,-196.607177734375,-137.63958740234375,-2.256988525390625,-68.76214599609375,79.51284790039062,112.91366577148438,123.98434448242188,115.453857421875,166.11663818359375,192.31539916992188,133.56927490234375,178.87338256835938,98.62554931640625,142.14544677734375,159.731689453125,230.22726440429688,272.86077880859375,277.79449462890625,251.324951171875,292.3120422363281,283.7919464111328,256.7300262451172,248.61190795898438,264.2768096923828
"S203",329.8025817871094,323.8982238769531,346.0791015625,349.5617218017578,363.3248596191406,330.96728515625,360.4963684082031,356.526123046875,349.49896240234375,391.9289321899414,365.7299499511719,347.06434631347656,373.53346252441406,372.1687774658203,377.48657989501953,383.0820541381836,377.1942367553711,364.3608093261719,379.08812713623047,374.1145477294922,384.91390228271484,388.2427062988281,383.81729888916016,381.62852478027344,392.5600128173828,391.3937301635742,391.0399703979492,397.8495101928711,401.5963897705078,389.3307189941406,397.3839874267578,398.24647521972656,394.2681884765625,395.2263870239258,391.45648193359375,382.17542266845703,389.1017761230469,367.8257141113281,382.18814849853516,367.78175354003906,355.4397277832031,333.2162780761719,314.29762268066406,271.36724853515625,231.64752197265625,214.46713256835938,116.780517578125,-10.48236083984375,-159.18408203125,-253.5579833984375,-270.1439208984375,-323.3328857421875,-616.4456787109375,-779.955810546875,-704.6475830078125,-904.0577392578125,-876.58349609375,-1128.4517822265625,-1109.34716796875,-1153.9527587890625,-1164.81396484375,-1247.474365234375,-1342.7637939453125,-1222.8228759765625,-1385.6788330078125,-1333.3304443359375,-1478.996826171875,-1465.85009765625,-1340.30810546875,-1453.9664306640625,-1332.6363525390625,-1282.5433349609375,-1286.37255859375,-1185.00244140625,-1129.9383544921875,-1219.5107421875,-1114.886962890625,-1007.797607421875,-1074.416259765625,-1125.7789306640625,-1077.67822265625,-1006.3309326171875,-874.563720703125,-1001.7850341796875,-939.805908203125,-851.7840576171875,-1111.2723388671875,-949.407470703125,-937.6805419921875,-867.8043212890625,-858.5322265625,-822.0152587890625,-713.0343017578125,-879.3826904296875,-762.704833984375,-794.6640625,-913.032470703125,-725.3018798828125,-676.2901611328125,-636.6319580078125,-587.9144287109375,-673.2509765625,-701.4947509765625,-688.385009765625,-674.2779541015625,-595.324462890625,-568.8895263671875,-642.7137451171875,-593.1639404296875,-590.4398193359375,-511.0848388671875,-475.25567626953125,-373.3345947265625,-350.54754638671875,-282.30010986328125,-190.27874755859375,-178.23577880859375,-167.44830322265625,-179.3065185546875,-41.76678466796875,-134.79302978515625,10.78143310546875,61.59027099609375,82.692626953125,169.091552734375,107.5809326171875,177.33804321289062,177.8170166015625,193.18783569335938,74.98550415039062,94.77655029296875,102.88479614257812,172.56326293945312,227.2379150390625,234.88668823242188,215.3101806640625,249.51853942871094,198.08578491210938,213.5106201171875,201.18603515625,226.83865356445312
"S204",325.83843994140625,320.96311950683594,329.33184814453125,358.4612579345703,340.78526306152344,311.6702575683594,343.94561767578125,334.86260986328125,320.95603942871094,372.7692184448242,328.6145935058594,332.6683654785156,371.54344177246094,352.1561737060547,370.7330780029297,376.4046096801758,365.4276885986328,373.6897888183594,377.82054138183594,354.55686950683594,376.6252899169922,383.03395080566406,362.70831298828125,385.6522903442383,386.6712341308594,370.0712127685547,388.8599166870117,383.4564895629883,394.5382843017578,375.99987030029297,383.0867385864258,389.49302673339844,379.7872543334961,380.01422119140625,370.7610168457031,373.1401138305664,382.87823486328125,361.5126037597656,367.4601135253906,343.8971405029297,336.15040588378906,330.96888732910156,323.4659423828125,311.2799987792969,296.7064971923828,264.54539489746094,201.60858154296875,177.28286743164062,91.66702270507812,-100.0589599609375,-11.316162109375,-31.332763671875,-185.38348388671875,-82.312255859375,-212.84564208984375,-307.13250732421875,-268.699951171875,-410.947265625,-397.9140625,-480.6126708984375,-411.74273681640625,-522.5121459960938,-433.11749267578125,-497.60015869140625,-537.9276123046875,-498.05267333984375,-560.583740234375,-561.0177001953125,-423.773193359375,-457.88720703125,-482.493896484375,-499.302978515625,-485.87249755859375,-455.07196044921875,-402.9034423828125,-492.83697509765625,-407.9482421875,-406.06298828125,-446.13970947265625,-440.3719482421875,-394.8592529296875,-452.7728271484375,-276.83135986328125,-555.961669921875,-450.0675048828125,-356.01568603515625,-341.22747802734375,-346.01995849609375,-368.7021484375,-444.48291015625,-285.68975830078125,-381.27947998046875,-366.561767578125,-543.5439453125,-386.58843994140625,-502.92327880859375,-380.6436767578125,-368.98443603515625,-284.93548583984375,-278.4630126953125,-311.89434814453125,-312.0711669921875,-373.1864013671875,-300.969482421875,-281.501708984375,-277.57745361328125,-314.90655517578125,-374.4591064453125,-330.1785888671875,-319.50921630859375,-224.6905517578125,-191.37548828125,-231.99383544921875,-181.30633544921875,-147.6798095703125,-123.5743408203125,-63.23480224609375,-50.04620361328125,-20.71435546875,16.627166748046875,64.9290771484375,48.8592529296875,70.622314453125,74.682373046875,189.77200317382812,167.39349365234375,182.06472778320312,184.28994750976562,228.40585327148438,176.76467895507812,201.11306762695312,186.8282470703125,183.77508544921875,224.758056640625,249.31146240234375,249.5704345703125,270.61187744140625,188.36599731445312,217.94088745117188,240.6671142578125,277.4441223144531
"S205",334.7445831298828,338.09381103515625,341.29383850097656,344.3173370361328,347.07537841796875,349.7271423339844,352.02427673339844,354.2043914794922,356.00953674316406,357.6004638671875,359.0450897216797,360.28448486328125,361.3928680419922,362.3135070800781,362.8476867675781,363.2753601074219,363.5911102294922,363.73704528808594,363.80140686035156,363.8110046386719,363.8059844970703,363.64442443847656,363.4381408691406,363.0950927734375,362.6959228515625,362.1002655029297,361.4096221923828,360.6031494140625,359.5992126464844,358.4305725097656,357.0011749267578,355.38084411621094,353.5502624511719,351.48919677734375,349.11656188964844,346.46849060058594,343.50807189941406,340.2683410644531,336.74757385253906,332.9833526611328,328.8387756347656,324.4408264160156,319.83338928222656,314.93768310546875,309.7154083251953,304.3049774169922,298.74427795410156,292.92425537109375,287.17369079589844,281.1182556152344,274.83229064941406,268.46173095703125,261.84637451171875,254.93650817871094,248.04556274414062,240.986572265625,233.45306396484375,225.51748657226562,217.18038940429688,208.98788452148438,201.0323486328125,192.34063720703125,183.22882080078125,173.70513916015625,163.98110961914062,153.86260986328125,143.3857421875,132.64666748046875,121.500244140625,110.44174194335938,98.99606323242188,87.48089599609375,76.07382202148438,65.021728515625,54.24810791015625,43.349212646484375,32.586212158203125,22.132659912109375,12.1494140625,2.410858154296875,-6.96099853515625,-15.9140625,-24.56103515625,-32.8665771484375,-40.2254638671875,-47.154541015625,-53.96221923828125,-60.0029296875,-65.66943359375,-70.591064453125,-75.21795654296875,-79.060546875,-82.197998046875,-84.66015625,-86.326904296875,-87.223876953125,-87.20758056640625,-86.11712646484375,-83.340576171875,-79.62335205078125,-75.30877685546875,-70.34832763671875,-64.37255859375,-57.801513671875,-50.30792236328125,-42.48504638671875,-34.361572265625,-25.80401611328125,-16.97296142578125,-7.540069580078125,2.449188232421875,12.590179443359375,23.01177978515625,33.719940185546875,44.373138427734375,55.661773681640625,66.97918701171875,78.4317626953125,90.01260375976562,101.83438110351562,113.84649658203125,125.9522705078125,138.15032958984375,150.0343017578125,161.51171875,173.32723999023438,184.86245727539062,195.81085205078125,206.42904663085938,216.82125854492188,226.4881591796875,235.977294921875,245.01577758789062,253.55421447753906,261.6302490234375,269.3666534423828,276.75697326660156,283.6120147705078,289.9921569824219,295.9728240966797,301.7718048095703
"S206",163.0482177734375,129.02902221679688,125.20962524414062,109.76193237304688,137.47589111328125,220.03854370117188,199.52346801757812,136.65142822265625,243.96859741210938,274.37559509277344,282.2476348876953,283.18353271484375,260.69781494140625,260.98388671875,284.9141540527344,275.2095184326172,270.2777862548828,265.3031768798828,269.2485046386719,256.9566192626953,251.49893188476562,275.4952697753906,303.2416229248047,275.9583282470703,273.4824981689453,293.02703857421875,300.6891632080078,315.5342559814453,321.71351623535156,322.5279998779297,313.76707458496094,323.2637634277344,289.74427795410156,292.97532653808594,296.3216857910156,290.9953155517578,294.360107421875,281.07664489746094,268.16078186035156,271.6315002441406,263.29681396484375,260.5826110839844,286.67926025390625,243.60177612304688,184.9844970703125,140.92605590820312,111.4459228515625,-40.8759765625,-2.1602783203125,-13.06671142578125,-242.6959228515625,-199.1998291015625,-179.9510498046875,-214.54443359375,-167.87042236328125,-279.08306884765625,-206.52203369140625,-229.36480712890625,-345.76434326171875,-364.50506591796875,-297.73162841796875,-302.12066650390625,-306.818115234375,-464.601318359375,-223.5318603515625,-392.9005126953125,-451.15301513671875,-412.19085693359375,-443.25567626953125,-332.10760498046875,-457.87371826171875,-432.0584716796875,-736.9984130859375,-407.83282470703125,-440.761962890625,-656.8934326171875,-562.6651611328125,-386.52813720703125,-427.67498779296875,-333.686767578125,-424.42572021484375,-430.37591552734375,-433.35772705078125,-486.28875732421875,-398.90081787109375,-432.220947265625,-419.48602294921875,-447.8968505859375,-489.0335693359375,-399.95556640625,-460.2056884765625,-410.2059326171875,-464.90167236328125,-444.98968505859375,-474.35296630859375,-570.2366943359375,-440.1064453125,-706.0787353515625,-572.248291015625,-444.3033447265625,-617.38037109375,-462.017333984375,-456.57672119140625,-463.30615234375,-562.61474609375,-594.5828857421875,-602.80322265625,-672.52685546875,-642.6270751953125,-502.8052978515625,-323.145263671875,-345.82720947265625,-366.22088623046875,-342.427978515625,-357.39764404296875,-349.25579833984375,-314.3037109375,-329.62408447265625,-442.917236328125,-318.3897705078125,-331.1214599609375,-305.88427734375,-318.4078369140625,-364.76214599609375,-298.54296875,-195.28216552734375,-224.08526611328125,-235.37298583984375,-213.11810302734375,-75.18292236328125,-347.9229736328125,-91.1253662109375,-38.98681640625,-8.011962890625,31.57330322265625,27.645233154296875,63.77801513671875,-72.1241455078125,-75.08636474609375,94.5428466796875,-20.76788330078125
"S207",12.2430419921875,-38.82440185546875,-92.53875732421875,-11.60760498046875,43.9637451171875,138.30828857421875,86.90914916992188,62.3751220703125,156.98587036132812,155.86978149414062,184.95394897460938,192.66693115234375,169.89358520507812,154.78179931640625,200.27517700195312,192.1324462890625,181.66372680664062,179.81033325195312,173.60836791992188,186.37884521484375,192.99447631835938,178.99008178710938,233.79351806640625,202.65081787109375,185.1336669921875,220.52230834960938,215.83206176757812,220.17385864257812,242.12786865234375,251.09661865234375,231.15255737304688,230.52029418945312,222.38641357421875,210.84893798828125,227.33145141601562,217.05007934570312,224.71063232421875,207.66351318359375,170.068115234375,167.87692260742188,163.11749267578125,143.53668212890625,144.0765380859375,119.6192626953125,28.6900634765625,1.7330322265625,-77.100341796875,-243.2630615234375,-227.52459716796875,-358.27764892578125,-478.76995849609375,-416.00628662109375,-399.21826171875,-474.72607421875,-387.2899169921875,-541.6126708984375,-452.04986572265625,-413.71612548828125,-500.93341064453125,-556.7882080078125,-462.9893798828125,-495.1409912109375,-597.873779296875,-717.2662353515625,-428.5003662109375,-495.5732421875,-764.3544921875,-693.469482421875,-570.5250244140625,-492.15386962890625,-637.365478515625,-596.43359375,-815.94921875,-531.7620849609375,-636.262451171875,-841.2528076171875,-738.197265625,-515.6359252929688,-571.3955078125,-455.6026611328125,-559.8857421875,-548.2777099609375,-569.9727783203125,-710.0089111328125,-512.3614501953125,-623.634521484375,-610.4324951171875,-619.15185546875,-632.60009765625,-573.6549072265625,-643.7137451171875,-565.811767578125,-686.9644775390625,-677.3453369140625,-663.163818359375,-780.4609375,-752.99267578125,-849.724609375,-784.7847900390625,-729.0361328125,-740.5216064453125,-718.8162841796875,-625.0341796875,-611.2347412109375,-741.0369873046875,-740.8941650390625,-753.651123046875,-853.3258056640625,-844.9332275390625,-700.76806640625,-540.0474853515625,-573.3084716796875,-670.5096435546875,-611.867431640625,-499.3038330078125,-612.9459228515625,-464.74853515625,-490.07672119140625,-618.25927734375,-473.6409912109375,-584.1771240234375,-447.72064208984375,-636.1378173828125,-638.366455078125,-532.3885498046875,-479.3358154296875,-399.02593994140625,-381.4971923828125,-381.05712890625,-327.66064453125,-525.8270263671875,-263.583984375,-212.04693603515625,-260.02947998046875,-202.513427734375,-184.0118408203125,-136.82135009765625,-252.63427734375,-226.7008056640625,-53.7091064453125,-182.21337890625
"S208",87.83425903320312,88.8236083984375,9.065460205078125,156.99301147460938,208.9935302734375,235.64950561523438,193.58474731445312,248.33970642089844,214.77590942382812,198.42181396484375,232.68295288085938,251.2032470703125,235.45101928710938,231.27371215820312,260.52894592285156,262.8944091796875,257.98912048339844,272.66986083984375,249.37069702148438,279.7308044433594,293.2801208496094,255.76173400878906,286.6101379394531,274.9875946044922,248.73910522460938,284.9620056152344,266.8645324707031,256.5811309814453,277.5353546142578,287.4391632080078,261.1936340332031,268.40196228027344,276.1207733154297,260.3988494873047,280.13214111328125,272.28831481933594,272.3431701660156,274.3514709472656,219.05746459960938,220.4661865234375,223.907470703125,184.14910888671875,168.63458251953125,183.80209350585938,99.87850952148438,136.62261962890625,33.45867919921875,-0.6312255859375,-19.30133056640625,-223.93499755859375,-103.99945068359375,-77.5987548828125,-128.52935791015625,-179.46142578125,-68.96820068359375,-194.0135498046875,-191.681640625,-127.51190185546875,-63.12548828125,-160.14031982421875,-143.92510986328125,-126.32183837890625,-236.53289794921875,-238.11212158203125,-229.24847412109375,-7.64501953125,-321.7283935546875,-239.927001953125,-97.623779296875,-131.81280517578125,-97.2059326171875,-129.14892578125,-35.18994140625,-70.95989990234375,-150.8221435546875,-129.38201904296875,-119.1788330078125,-79.19891357421875,-82.02728271484375,-29.72039794921875,-70.01287841796875,-60.12969970703125,-56.64691162109375,-213.66668701171875,-36.3338623046875,-150.62652587890625,-117.86090087890625,-104.0986328125,-73.10614013671875,-76.08856201171875,-147.9180908203125,-115.126708984375,-215.058837890625,-201.523193359375,-166.8653564453125,-179.7166748046875,-281.80206298828125,-142.82684326171875,-221.38677978515625,-269.17529296875,-85.8077392578125,-213.91357421875,-172.323486328125,-67.16241455078125,-161.457763671875,-118.86260986328125,-220.52252197265625,-193.66241455078125,-179.9478759765625,-171.53973388671875,-160.48651123046875,-161.49371337890625,-239.29547119140625,-168.67584228515625,-58.8023681640625,-236.7757568359375,-222.19476318359375,-70.36138916015625,-106.3837890625,-95.13934326171875,-244.79852294921875,-21.02789306640625,-287.24237060546875,-169.43927001953125,-96.83758544921875,-142.65948486328125,-24.77581787109375,-23.12298583984375,-94.7469482421875,-67.593017578125,-19.295166015625,-12.189453125,-3.741546630859375,-93.60162353515625,-49.86822509765625,-5.209228515625,-42.054443359375,21.3792724609375,49.18402099609375,71.84805297851562,64.24667358398438
"S209",242.49826049804688,245.6696014404297,236.2598876953125,224.359619140625,263.69618225097656,291.99989318847656,299.9738311767578,313.88385009765625,305.0214080810547,308.2060546875,309.80596923828125,337.61985778808594,314.8508605957031,338.82281494140625,338.33042907714844,333.60479736328125,344.2872314453125,349.80027770996094,336.8170928955078,346.9247131347656,339.0055847167969,342.6135559082031,336.7613220214844,332.9832458496094,327.39935302734375,339.53680419921875,340.1901092529297,338.23805236816406,345.13665771484375,339.79515075683594,338.9258728027344,348.6101531982422,329.5892791748047,332.635986328125,319.78021240234375,328.36708068847656,327.23948669433594,332.38539123535156,310.1543426513672,310.81678771972656,321.7330017089844,302.16998291015625,302.1525421142578,292.6482849121094,265.77586364746094,263.32659912109375,205.21514892578125,197.87588500976562,198.46514892578125,166.54568481445312,153.36163330078125,136.52398681640625,110.08489990234375,121.81326293945312,88.78973388671875,135.35427856445312,97.13519287109375,121.78814697265625,141.281982421875,118.15203857421875,91.06405639648438,117.7696533203125,147.02105712890625,115.02236938476562,-108.2825927734375,131.39474487304688,98.67416381835938,142.92913818359375,80.55499267578125,118.19384765625,132.3045654296875,101.19381713867188,156.5390625,103.82598876953125,138.03485107421875,121.50152587890625,118.58859252929688,122.24404907226562,94.09280395507812,149.92523193359375,120.30856323242188,132.97430419921875,135.76092529296875,125.02474975585938,94.63748168945312,84.37747192382812,153.78253173828125,112.35015869140625,131.91793823242188,148.14306640625,108.3681640625,116.63558959960938,116.16070556640625,116.31063842773438,58.21624755859375,124.167236328125,129.61090087890625,107.19015502929688,79.42880249023438,117.01199340820312,110.4056396484375,118.054931640625,117.192626953125,131.60177612304688,117.53707885742188,95.20904541015625,78.48635864257812,119.28292846679688,104.94607543945312,105.2537841796875,117.74285888671875,153.23721313476562,143.78662109375,178.0693359375,167.96487426757812,37.490203857421875,-197.6051025390625,148.50469970703125,86.68463134765625,141.98104858398438,93.74752807617188,172.79595947265625,93.87493896484375,185.95953369140625,192.76544189453125,214.04568481445312,184.17153930664062,123.343994140625,61.2930908203125,206.75201416015625,168.42959594726562,117.68035888671875,166.75704956054688,185.03201293945312,217.4739990234375,239.12957763671875,125.70773315429688,213.77139282226562,234.64181518554688,228.19595336914062,258.58367919921875
"S210",273.81117248535156,270.0388641357422,311.6834259033203,288.29554748535156,275.0404510498047,299.39447021484375,319.66200256347656,276.19903564453125,317.95945739746094,347.1658477783203,322.50547790527344,324.8363952636719,352.34613037109375,328.36912536621094,353.944580078125,353.6834259033203,354.9107360839844,340.3576354980469,354.77525329589844,363.3056335449219,353.5381164550781,366.88352966308594,367.9321594238281,362.2177276611328,352.8861541748047,374.2494430541992,361.0650177001953,362.0841979980469,372.80413818359375,361.05914306640625,366.95619201660156,370.8466796875,369.02903747558594,366.9967498779297,364.66871643066406,362.08673095703125,359.22767639160156,356.11865234375,352.75144958496094,349.1842498779297,345.2823486328125,341.161865234375,336.8800506591797,332.34637451171875,327.5426025390625,303.8550109863281,310.22694396972656,231.52389526367188,266.63099670410156,213.18548583984375,236.32089233398438,113.26699829101562,180.36053466796875,241.61114501953125,208.12481689453125,156.22113037109375,122.13510131835938,157.31118774414062,66.33840942382812,177.1241455078125,228.79293823242188,220.84249877929688,212.515625,203.84014892578125,194.99954223632812,185.83761596679688,176.3818359375,166.74090576171875,156.7523193359375,146.9302978515625,136.79525756835938,126.6427001953125,116.63870239257812,107.00100708007812,97.67135620117188,88.25775146484375,78.99282836914062,70.02645874023438,61.515228271484375,53.229217529296875,45.270172119140625,37.70550537109375,30.427154541015625,23.419097900390625,17.295135498046875,11.57379150390625,5.948272705078125,1.064453125,-3.461700439453125,-7.307586669921875,-10.848785400390625,-13.66339111328125,-15.82098388671875,-17.321533203125,-18.0860595703125,-18.16241455078125,-17.41314697265625,-16.02716064453125,-13.5711669921875,-10.2735595703125,-6.490081787109375,-2.123565673828125,3.162872314453125,8.93939208984375,15.53826904296875,22.43402099609375,29.617645263671875,37.14801025390625,44.9366455078125,53.2366943359375,62.037322998046875,70.97662353515625,80.17205810546875,89.59649658203125,98.9862060546875,108.934814453125,118.8941650390625,128.98553466796875,139.17822265625,149.57550048828125,160.16116333007812,170.83688354492188,181.5653076171875,165.45150756835938,190.70111083984375,162.5782470703125,109.58062744140625,190.49874877929688,210.07290649414062,153.08389282226562,152.443603515625,145.11526489257812,108.81463623046875,189.69821166992188,156.606689453125,33.606353759765625,125.0125732421875,209.63885498046875,154.24929809570312,190.0311279296875,147.72479248046875
"S211",265.04078674316406,291.5701599121094,75.46038818359375,237.64651489257812,194.67019653320312,226.90447998046875,285.5141296386719,301.88136291503906,292.14976501464844,326.5748748779297,319.0243377685547,317.1316680908203,333.6444091796875,330.1398620605469,343.0063934326172,324.93675231933594,351.8841552734375,341.75550842285156,339.0671691894531,369.5149230957031,355.2925109863281,211.50442504882812,345.90675354003906,359.9332275390625,348.20948791503906,376.04290771484375,362.38743591308594,355.9870910644531,372.45882415771484,368.5776824951172,357.1044464111328,379.84190368652344,377.0445022583008,360.96144104003906,375.10743713378906,372.92940521240234,337.98187255859375,365.12623596191406,364.1767120361328,359.3692626953125,358.3470458984375,260.6004333496094,320.01873779296875,342.74530029296875,314.2454376220703,281.76470947265625,288.83238220214844,188.66397094726562,206.05960083007812,215.62136840820312,215.84503173828125,155.58538818359375,202.128662109375,221.57183837890625,150.51687622070312,106.465576171875,86.92355346679688,103.41183471679688,128.30218505859375,156.69744873046875,171.27651977539062,165.61187744140625,164.63458251953125,159.250244140625,123.2005615234375,115.26666259765625,131.91482543945312,161.35848999023438,164.5177001953125,153.83328247070312,168.30441284179688,153.43618774414062,149.3905029296875,140.285888671875,131.36883544921875,122.3673095703125,113.47088623046875,104.831787109375,96.58114624023438,88.52749633789062,80.80340576171875,73.38705444335938,66.21621704101562,59.426483154296875,1.890167236328125,47.647308349609375,42.075531005859375,37.05731201171875,32.350982666015625,28.300994873046875,24.475738525390625,21.328704833984375,18.784881591796875,16.744537353515625,15.3585205078125,14.6517333984375,14.719024658203125,15.294677734375,16.925537109375,19.334625244140625,22.300750732421875,25.82257080078125,30.175323486328125,35.10821533203125,40.854339599609375,46.899627685546875,53.206329345703125,59.947235107421875,66.91488647460938,74.4498291015625,82.45782470703125,64.62603759765625,98.95782470703125,107.6082763671875,116.1961669921875,125.32693481445312,134.51455688476562,143.81561279296875,153.25576782226562,162.93905639648438,150.53335571289062,182.74032592773438,192.85919189453125,165.56927490234375,173.41424560546875,149.09475708007812,159.72616577148438,211.38821411132812,204.88775634765625,70.7161865234375,195.33383178710938,204.30389404296875,143.66860961914062,208.90109252929688,165.204833984375,100.55377197265625,118.61605834960938,221.32778930664062,182.09063720703125,204.87576293945312,204.97134399414062
"S212",217.81411743164062,260.9476776123047,-39.06842041015625,187.93838500976562,57.636383056640625,101.66943359375,175.5595703125,279.186767578125,236.08563232421875,245.9134063720703,224.50408935546875,276.3232727050781,306.1143035888672,307.782470703125,293.9545135498047,275.207275390625,319.2447967529297,306.3796844482422,306.94647216796875,354.07752990722656,328.49951171875,133.79632568359375,316.7432556152344,328.4668273925781,324.0692596435547,359.95361328125,342.57664489746094,337.17689514160156,343.24835205078125,346.22032165527344,339.795654296875,355.45472717285156,346.8890075683594,320.8686065673828,358.780517578125,345.17784118652344,311.91937255859375,337.0802917480469,340.80418395996094,323.3878631591797,318.7907409667969,167.96456909179688,262.1790313720703,285.8495330810547,241.297607421875,227.0494384765625,186.50942993164062,87.03256225585938,2.60992431640625,102.54898071289062,53.723846435546875,34.302886962890625,13.55731201171875,-20.521484375,-74.95440673828125,-106.66461181640625,-101.166259765625,-222.732421875,-121.88531494140625,-70.59228515625,-205.47296142578125,-106.9058837890625,-115.72894287109375,-143.19317626953125,-174.696044921875,-174.5400390625,-225.71728515625,-227.49835205078125,-188.55120849609375,-161.90765380859375,-147.275390625,-177.0037841796875,-132.94952392578125,-116.60791015625,-127.2801513671875,-115.44281005859375,-240.14593505859375,-163.529052734375,-182.07525634765625,-183.27899169921875,-204.11541748046875,-252.136474609375,-191.50299072265625,-196.79461669921875,-472.56243896484375,-222.26275634765625,-168.94970703125,-265.614013671875,-216.37420654296875,-179.52972412109375,-145.18231201171875,-103.31231689453125,-135.22833251953125,-112.24285888671875,-188.497314453125,-311.68701171875,-385.776123046875,-74.84881591796875,-215.95947265625,-108.5177001953125,-54.75836181640625,-163.40789794921875,-127.86407470703125,-218.86981201171875,-136.4136962890625,-131.607666015625,-117.91839599609375,-71.24969482421875,-111.653564453125,-162.4151611328125,-61.59844970703125,-173.84814453125,-96.5889892578125,11.555206298828125,13.70086669921875,73.08978271484375,42.15509033203125,21.78033447265625,-27.04473876953125,-21.89666748046875,-20.34033203125,38.500579833984375,46.908111572265625,83.38009643554688,42.1466064453125,16.42828369140625,82.22616577148438,47.401947021484375,108.28604125976562,-66.25537109375,47.644744873046875,74.02682495117188,92.48135375976562,156.65133666992188,27.305450439453125,45.14129638671875,85.35711669921875,180.34524536132812,168.66934204101562,160.687744140625,198.4432373046875
"S213",244.43605041503906,246.5518035888672,273.6949920654297,273.9547424316406,204.56915283203125,146.98114013671875,199.83779907226562,260.9008026123047,71.464599609375,127.98178100585938,-142.983642578125,283.74359130859375,311.03221130371094,261.5475616455078,244.88807678222656,284.0085144042969,280.9568634033203,282.1300506591797,302.1629943847656,321.7686309814453,302.2206573486328,331.82867431640625,321.77081298828125,291.2039337158203,317.2788391113281,321.87721252441406,331.2154541015625,339.7428436279297,316.4801483154297,307.00071716308594,342.6649627685547,325.57945251464844,311.7109069824219,316.57777404785156,331.72674560546875,314.58795166015625,336.35658264160156,312.56028747558594,313.7617645263672,338.5904541015625,285.2814636230469,194.52236938476562,263.01116943359375,214.2962646484375,206.90924072265625,193.39517211914062,113.83309936523438,13.430877685546875,-107.12628173828125,-72.46240234375,-198.768798828125,-212.25518798828125,-398.82501220703125,-383.33526611328125,-440.218017578125,-660.66943359375,-512.779541015625,-663.356201171875,-787.7003173828125,-612.576416015625,-850.2393798828125,-659.0445556640625,-750.6319580078125,-951.23046875,-1004.035888671875,-860.939208984375,-1047.05615234375,-955.860595703125,-1138.6435546875,-966.578125,-1050.9801025390625,-953.5357666015625,-869.826171875,-864.395263671875,-791.501953125,-818.7269287109375,-1043.127197265625,-945.223388671875,-827.7025146484375,-871.635498046875,-900.2010498046875,-794.106201171875,-866.2945556640625,-852.320556640625,-975.85693359375,-881.336669921875,-832.9703369140625,-989.702392578125,-864.5072021484375,-960.02734375,-863.2115478515625,-639.6385498046875,-764.5836181640625,-663.612548828125,-953.5738525390625,-961.66357421875,-981.50244140625,-675.3084716796875,-871.9959716796875,-554.9720458984375,-708.780029296875,-756.6905517578125,-639.0814208984375,-622.049072265625,-653.931396484375,-617.7447509765625,-485.7052001953125,-343.56866455078125,-396.523193359375,-436.9027099609375,-322.542236328125,-250.2847900390625,-292.00897216796875,-205.08123779296875,-218.0150146484375,-153.68798828125,-141.31268310546875,-242.9842529296875,-427.79022216796875,-228.8966064453125,-204.60345458984375,-122.53509521484375,-162.73455810546875,-94.65667724609375,-62.96270751953125,-99.45343017578125,-81.77337646484375,-114.5220947265625,-56.16900634765625,-79.716796875,-104.3037109375,-231.4781494140625,15.98828125,74.13674926757812,-4.372589111328125,36.47698974609375,103.21755981445312,128.63092041015625,88.9002685546875,19.713836669921875,123.15261840820312
"S214",Infinity,Infinity,Infinity,Infinity,Infinity,Infinity,Infinity,Infinity,Infinity,Infinity,Infinity,Infinity,Infinity,Infinity,Infinity,Infinity,Infinity,Infinity,Infinity,Infinity,Infinity,Infinity,Infinity,Infinity,Infinity,Infinity,Infinity,Infinity,Infinity,Infinity,Infinity,Infinity,Infinity,Infinity,Infinity,Infinity,Infinity,Infinity,Infinity,Infinity,Infinity,Infinity,Infinity,Infinity,Infinity,Infinity,Infinity,Infinity,Infinity,Infinity,Infinity,Infinity,Infinity,Infinity,Infinity,Infinity,Infinity,Infinity,Infinity,Infinity,Infinity,Infinity,Infinity,Infinity,Infinity,Infinity,Infinity,Infinity,Infinity,Infinity,Infinity,Infinity,Infinity,Infinity,Infinity,Infinity,Infinity,Infinity,Infinity,Infinity,Infinity,Infinity,Infinity,Infinity,Infinity,Infinity,Infinity,Infinity,Infinity,Infinity,Infinity,Infinity,Infinity,Infinity,Infinity,Infinity,Infinity,Infinity,Infinity,Infinity,Infinity,Infinity,Infinity,Infinity,Infinity,Infinity,Infinity,Infinity,Infinity,Infinity,Infinity,Infinity,Infinity,Infinity,Infinity,Infinity,Infinity,Infinity,Infinity,Infinity,Infinity,Infinity,Infinity,Infinity,Infinity,Infinity,Infinity,Infinity,Infinity,Infinity,Infinity,Infinity,Infinity,Infinity,Infinity,Infinity,Infinity,Infinity,Infinity,Infinity,Infinity
"S215",276.7853698730469,140.25201416015625,73.787841796875,175.69442749023438,219.99331665039062,201.92547607421875,281.5969696044922,262.45533752441406,263.9809875488281,274.79039001464844,244.58932495117188,297.97996520996094,322.5998840332031,304.2906036376953,305.5789489746094,285.9747314453125,305.6224060058594,308.2050323486328,314.26722717285156,322.2149200439453,284.2988586425781,314.17266845703125,331.50987243652344,330.92706298828125,297.80108642578125,329.943603515625,352.2592010498047,364.2789611816406,342.6681365966797,343.6439208984375,360.1031188964844,348.54444885253906,353.72010803222656,355.27288818359375,351.52037048339844,349.32814025878906,339.22802734375,318.6348114013672,332.3584289550781,345.53163146972656,307.43556213378906,272.9611358642578,246.55935668945312,243.90728759765625,212.57064819335938,176.34725952148438,88.49053955078125,-29.93804931640625,15.851837158203125,-22.599365234375,-213.046875,-447.6016845703125,-672.720458984375,-662.33447265625,-719.0687255859375,-749.1578369140625,-1015.3031005859375,-952.0601806640625,-1010.8726806640625,-995.457763671875,-1151.818603515625,-1039.764404296875,-1274.4285888671875,-1269.4180908203125,-1425.0892333984375,-1429.4151611328125,-1204.925537109375,-1279.8646240234375,-1305.6649169921875,-1447.7313232421875,-1296.0263671875,-1419.6978759765625,-1224.4012451171875,-1281.9713134765625,-1511.6544189453125,-1383.835693359375,-1304.6229248046875,-1467.361083984375,-1422.5699462890625,-1284.495361328125,-1418.680419921875,-1536.18310546875,-1565.232421875,-1263.529296875,-1323.437255859375,-1330.70556640625,-1169.572021484375,-1263.33251953125,-1181.9122314453125,-1180.46044921875,-1140.0792236328125,-1373.0439453125,-1357.2015380859375,-1144.315673828125,-1380.6376953125,-1170.32763671875,-1235.839599609375,-1192.266845703125,-1251.5643310546875,-1211.4708251953125,-1222.9046630859375,-1160.927490234375,-1047.506591796875,-961.1256103515625,-952.2158203125,-877.043701171875,-793.241943359375,-941.9796142578125,-936.391845703125,-674.947509765625,-696.9315185546875,-628.1287841796875,-388.658447265625,-504.03826904296875,-515.582763671875,-270.85699462890625,-318.60638427734375,-247.2716064453125,-157.06768798828125,-175.61370849609375,-152.21990966796875,-60.09710693359375,-62.4896240234375,-19.6917724609375,-76.21209716796875,-109.9039306640625,-10.47900390625,-83.780029296875,-17.15631103515625,-67.9356689453125,2.64971923828125,76.48605346679688,74.16116333007812,69.942626953125,51.483795166015625,-2.644256591796875,73.19540405273438,31.7021484375,84.21578979492188,-2.881072998046875,29.241058349609375
"S216",249.6935272216797,246.10594177246094,230.85629272460938,253.03494262695312,244.4322967529297,235.74258422851562,201.32220458984375,238.83544921875,252.428955078125,266.5678253173828,317.0415344238281,266.22589111328125,312.8202819824219,298.5176086425781,288.72511291503906,290.02099609375,323.0348663330078,313.02008056640625,333.8930969238281,334.3492736816406,333.2170104980469,303.81455993652344,335.119384765625,326.3877258300781,326.68385314941406,329.09471130371094,321.97352600097656,324.14830017089844,312.9259338378906,313.7325134277344,315.0065460205078,337.32810974121094,315.0619812011719,324.38197326660156,331.00782775878906,315.7627868652344,323.2199401855469,296.5845489501953,303.13462829589844,307.36070251464844,294.48448181152344,283.0283203125,250.783447265625,251.1770782470703,200.11590576171875,172.57980346679688,144.41046142578125,-24.6143798828125,-22.9471435546875,-236.22589111328125,-476.6839599609375,-702.553466796875,-929.02001953125,-1098.66455078125,-1049.3533935546875,-1076.5908203125,-1199.8505859375,-1215.6195068359375,-1051.87255859375,-1259.312255859375,-1448.652099609375,-1463.6165771484375,-1692.070556640625,-1890.29833984375,-1789.970947265625,-1702.0146484375,-1623.03369140625,-1561.6123046875,-1919.935791015625,-1734.330810546875,-1919.4677734375,-1691.2041015625,-1649.13818359375,-1698.737548828125,-1629.27392578125,-1870.147216796875,-1958.019287109375,-1787.35302734375,-1567.772216796875,-1870.3916015625,-1807.855712890625,-1498.3212890625,-1685.71728515625,-1716.635009765625,-1534.3924560546875,-1381.5604248046875,-1433.3951416015625,-1456.6986083984375,-1430.2613525390625,-1487.55908203125,-1252.363037109375,-1215.929931640625,-1335.229248046875,-1425.9273681640625,-1631.69677734375,-1297.212646484375,-1274.9453125,-1231.7022705078125,-1385.6976318359375,-1315.1827392578125,-1258.2930908203125,-1270.768798828125,-1344.5941162109375,-973.627197265625,-1096.2540283203125,-963.8671875,-1078.52294921875,-1282.053955078125,-1152.0784912109375,-815.1455078125,-700.7008056640625,-489.64764404296875,-362.58795166015625,-406.764892578125,-316.17108154296875,-203.50567626953125,-176.29205322265625,-363.77252197265625,-331.9659423828125,-358.20062255859375,-210.6890869140625,-137.07733154296875,-218.6029052734375,-72.31024169921875,-128.38494873046875,-86.11541748046875,-35.48529052734375,-152.05621337890625,-22.6407470703125,-72.2655029296875,-135.92333984375,43.852081298828125,29.7957763671875,1.999603271484375,-164.0694580078125,-37.8739013671875,-14.76043701171875,5.896942138671875,51.68060302734375,25.58984375,41.7852783203125
"S217",274.38853454589844,309.3008728027344,293.9727478027344,312.0202331542969,320.3311767578125,310.2247009277344,314.18153381347656,303.49212646484375,326.3089294433594,267.9796905517578,275.3780517578125,268.729248046875,292.10865783691406,301.9683074951172,318.9508056640625,337.97174072265625,334.8904571533203,344.51953125,341.1500549316406,342.84291076660156,356.29393005371094,352.93792724609375,354.8377227783203,360.3638916015625,354.33558654785156,355.1746826171875,353.5923614501953,348.7872009277344,357.90692138671875,350.01222229003906,351.7838134765625,356.4876403808594,365.2343444824219,343.4541931152344,360.5766296386719,359.42930603027344,329.8079528808594,334.9205017089844,318.4672393798828,337.9913635253906,325.9329071044922,328.7471618652344,324.3836669921875,308.9466094970703,279.4458465576172,254.28358459472656,238.71572875976562,193.79641723632812,174.1351318359375,-832.431640625,123.79620361328125,81.97372436523438,-60.83685302734375,-84.2247314453125,-166.435302734375,-151.48040771484375,-358.89666748046875,-338.1746826171875,-305.9547119140625,-262.890625,-460.024658203125,-423.7469482421875,-397.60504150390625,-433.9183349609375,-573.7269287109375,-734.1353759765625,-804.207763671875,-496.72674560546875,-445.7789306640625,-520.1488647460938,-698.157470703125,-540.361328125,-581.899658203125,-573.0069580078125,-591.81591796875,-693.078369140625,-597.182373046875,-505.49603271484375,-575.585205078125,-649.2496337890625,-525.3555908203125,-545.5185546875,-477.75628662109375,-558.6187744140625,-458.360107421875,-505.10003662109375,-560.786376953125,-739.4324951171875,-562.5328369140625,-661.756591796875,-477.4295654296875,-451.57989501953125,-438.3712158203125,-570.3070068359375,-579.8153076171875,-821.157958984375,-641.048095703125,-590.371826171875,-409.52056884765625,-491.97149658203125,-516.355712890625,-917.6627197265625,-444.38250732421875,-415.79693603515625,-350.1246337890625,-482.87469482421875,-404.70489501953125,-357.8072509765625,-389.2547607421875,-304.90362548828125,-209.14520263671875,-199.63543701171875,-216.83819580078125,-151.76153564453125,-119.749267578125,-182.96685791015625,-56.982177734375,-111.349609375,13.462615966796875,-50.76556396484375,-149.6650390625,-28.698486328125,27.421966552734375,13.049407958984375,130.06390380859375,58.111053466796875,-38.0966796875,29.67279052734375,96.77484130859375,87.63906860351562,105.5162353515625,117.50131225585938,113.52700805664062,119.48171997070312,106.80303955078125,103.67514038085938,67.17910766601562,105.64501953125,146.87884521484375,161.20050048828125,34.148895263671875
"S218",248.0642852783203,253.0098419189453,257.68609619140625,262.0841522216797,266.068603515625,269.86126708984375,273.10565185546875,276.1781921386719,278.65931701660156,280.8232879638672,271.4421081542969,284.4139709472656,285.8575439453125,287.0339660644531,287.6347198486328,288.0863342285156,288.3706970214844,288.4194641113281,288.31121826171875,287.9924774169922,287.6601104736328,287.0845642089844,162.73382568359375,285.5376739501953,284.5360412597656,283.18565368652344,281.66217041015625,279.89683532714844,277.7798767089844,275.348388671875,272.47340393066406,269.24755859375,265.6349639892578,261.62156677246094,257.09246826171875,252.1109619140625,246.6149139404297,240.6759033203125,234.29800415039062,227.54849243164062,220.22515869140625,212.54678344726562,204.57720947265625,196.20602416992188,187.37277221679688,178.30435180664062,169.07974243164062,137.482177734375,95.64044189453125,-325.02020263671875,22.97601318359375,-64.77655029296875,-110.04876708984375,-282.6275634765625,-230.61102294921875,-293.5084228515625,-420.15521240234375,-335.245361328125,-447.8756103515625,-485.0985107421875,-473.97900390625,-603.1875,-587.1290283203125,-541.53857421875,-701.2567138671875,-616.9366455078125,-789.2591552734375,-682.100830078125,-548.11962890625,-639.07275390625,-820.257080078125,-757.5927734375,-690.4189453125,-825.11181640625,-783.7669677734375,-648.4239501953125,-696.3719482421875,-794.8289794921875,-716.021484375,-720.9876708984375,-922.3865966796875,-899.22265625,-950.4136962890625,-821.5872802734375,-850.1766357421875,-835.00341796875,-881.6824951171875,-843.1343994140625,-860.556396484375,-921.9254150390625,-1477.631103515625,-917.037109375,-1466.8016357421875,-1005.1617431640625,-975.759765625,-997.163330078125,-954.0677490234375,-791.201171875,-651.5128173828125,-801.307861328125,-719.246337890625,-732.3905029296875,-633.0599365234375,-813.2337646484375,-913.279541015625,-535.781494140625,-506.16107177734375,-437.65948486328125,-513.3494262695312,-415.74664306640625,-320.12884521484375,-409.61444091796875,-234.23126220703125,-214.46844482421875,-238.9246826171875,-179.55267333984375,-446.89117431640625,-254.5654296875,-377.72705078125,-164.62420654296875,-170.59197998046875,-68.969970703125,-194.96527099609375,-31.71343994140625,-14.0587158203125,-75.8525390625,-19.2841796875,38.184326171875,54.210052490234375,69.83636474609375,50.052520751953125,-12.7744140625,87.30145263671875,82.46536254882812,127.91622924804688,72.94903564453125,131.7841796875,67.0013427734375,139.63995361328125,150.74441528320312,79.226318359375
"S219",0.99249267578125,65.15512084960938,81.53726196289062,81.67715454101562,-55.3892822265625,133.50485229492188,106.47915649414062,157.062744140625,56.444580078125,171.90377807617188,156.41342163085938,231.3023681640625,176.4771728515625,196.82586669921875,239.28634643554688,195.37313842773438,221.3194580078125,211.971923828125,217.91693115234375,233.67999267578125,229.81820678710938,195.4052734375,169.767578125,230.19906616210938,228.3311767578125,236.92105102539062,242.26092529296875,221.26058959960938,219.06524658203125,217.63412475585938,227.57186889648438,223.63247680664062,219.60720825195312,216.02993774414062,209.83554077148438,197.84539794921875,192.815185546875,147.235595703125,198.60684204101562,167.8978271484375,131.75189208984375,59.890472412109375,72.91622924804688,61.16888427734375,-10.63092041015625,-116.26556396484375,-311.6629638671875,-296.307861328125,-460.50439453125,-868.49609375,-990.571044921875,-979.0804443359375,-1279.95654296875,-1601.072998046875,-1527.18994140625,-1663.3046875,-1842.173583984375,-1384.19482421875,-1584.44873046875,-1892.0009765625,-1690.78466796875,-1944.715087890625,-1921.442138671875,-1916.87353515625,-2099.463134765625,-2337.414306640625,-2388.63720703125,-2863.222412109375,-2261.149169921875,-3003.564697265625,-3050.7001953125,-2859.0439453125,-2796.780029296875,-3088.76220703125,-3058.742431640625,-3496.83349609375,-3054.776123046875,-3351.9189453125,-3291.516845703125,-3165.07080078125,-3435.2373046875,-3147.64404296875,-3245.219970703125,-3263.98583984375,-3157.15966796875,-3449.341064453125,-3299.848388671875,-2998.833251953125,-3248.6650390625,-3052.9638671875,-3887.375,-3230.90771484375,-3434.91357421875,-3363.905029296875,-3194.23193359375,-3138.026611328125,-2830.754638671875,-3238.55908203125,-3074.084716796875,-3223.283935546875,-2966.28466796875,-2724.85107421875,-2853.99609375,-2809.65771484375,-3360.0234375,-2823.9345703125,-3221.06396484375,-2714.310791015625,-2614.008544921875,-2088.132080078125,-2484.609130859375,-2511.1376953125,-2194.772705078125,-1775.0068359375,-2161.640625,-1778.679443359375,-2208.627685546875,-1950.237548828125,-1714.757080078125,-1188.8956298828125,-1331.2952880859375,-1411.6766357421875,-1289.662353515625,-867.169677734375,-843.4459228515625,-561.9765625,-952.4453125,-870.5076904296875,-527.5076904296875,-425.74896240234375,-423.06768798828125,-410.3677978515625,-453.41827392578125,-498.21435546875,-390.7591552734375,-304.97039794921875,-498.9017333984375,-354.77374267578125,-299.34088134765625,-68.585693359375,-132.41943359375
"S220",287.81549072265625,292.1853485107422,296.4513244628906,300.48643493652344,304.1632995605469,307.75128173828125,310.8954772949219,313.8429718017578,316.373779296875,318.6243591308594,320.6667175292969,322.44142150878906,324.076904296875,325.4171905517578,326.2735595703125,326.98512268066406,327.55364990234375,327.8562316894531,328.06727600097656,328.08294677734375,328.0625,327.85401916503906,327.5785217285156,327.15245056152344,326.634765625,325.88011169433594,324.970458984375,323.96461486816406,322.6815643310547,321.1973419189453,319.3809509277344,317.32373046875,315.02210998535156,312.4333801269531,309.42198181152344,306.0500793457031,302.30531311035156,298.22021484375,293.73460388183594,288.9930419921875,283.7622833251953,278.18316650390625,272.3875427246094,266.18333435058594,259.5758514404297,198.33383178710938,169.1749267578125,123.90325927734375,103.0035400390625,64.18182373046875,-34.62451171875,-21.011474609375,-171.1685791015625,-266.1868896484375,-276.66290283203125,-292.43157958984375,-327.2977294921875,-318.489501953125,-530.4052734375,-540.0924072265625,-415.0439453125,-482.7313232421875,-463.36334228515625,-600.7750244140625,-658.437744140625,-864.921630859375,-773.0546875,-760.04443359375,-701.32177734375,-709.6353759765625,-869.5130615234375,-864.720947265625,-874.94140625,-811.0035400390625,-861.0654296875,-938.252685546875,-1100.3599853515625,-943.16845703125,-1088.580810546875,-1049.404541015625,-1037.7357177734375,-1055.2957763671875,-1248.46533203125,-956.398681640625,-1058.7972412109375,-1145.356689453125,-883.0462646484375,-888.5399169921875,-1023.7078857421875,-787.9749755859375,-878.609375,-1022.7220458984375,-809.1953125,-1227.452392578125,-747.2486572265625,-739.2843017578125,-738.0634765625,-824.229736328125,-678.625,-713.199462890625,-753.6619873046875,-629.6046142578125,-792.531494140625,-753.7802734375,-751.8226318359375,-670.629638671875,-764.6748046875,-606.485107421875,-774.3492431640625,-532.2596435546875,-465.5343017578125,-582.322265625,-592.4459228515625,-407.85919189453125,-411.208740234375,-352.49029541015625,-432.5999755859375,-259.75836181640625,-289.5946044921875,-214.2767333984375,-211.75787353515625,-210.74615478515625,-242.29931640625,7.994110107421875,-6.17608642578125,-24.39813232421875,-91.067626953125,60.497406005859375,79.53274536132812,60.409423828125,49.815887451171875,44.44976806640625,163.22201538085938,178.10369873046875,188.96527099609375,189.74301147460938,209.47579956054688,202.25601196289062,211.23748779296875,235.019287109375,242.71139526367188
"S221",-40.5855712890625,8.856842041015625,142.15176391601562,157.51544189453125,157.18463134765625,202.41543579101562,229.71823120117188,242.7568359375,223.5833740234375,251.07899475097656,277.0260467529297,241.57537841796875,246.86572265625,213.9725341796875,269.7389678955078,238.45608520507812,284.2286682128906,269.09986877441406,254.52796936035156,254.77098083496094,90.75747680664062,175.50396728515625,265.11891174316406,291.0442199707031,238.609619140625,257.0721435546875,304.70399475097656,271.36598205566406,288.9363098144531,302.53126525878906,294.47486877441406,296.6832733154297,271.99464416503906,283.69293212890625,284.24876403808594,268.19837951660156,232.1688232421875,70.54556274414062,-149.21319580078125,90.923583984375,182.00146484375,122.78616333007812,84.48831176757812,55.88970947265625,34.2135009765625,40.661407470703125,-64.4476318359375,-123.74957275390625,-153.64520263671875,-441.69012451171875,-1049.8531494140625,-706.3780517578125,-1071.984619140625,-780.0439453125,-1050.19384765625,-1080.9237060546875,-1256.0885009765625,-1484.0325927734375,-1552.028564453125,-1412.5301513671875,-1445.3421630859375,-1525.596923828125,-1753.46923828125,-1577.3447265625,-1769.0087890625,-2029.303955078125,-2090.7578125,-1917.033935546875,-1999.62353515625,-2020.571044921875,-1892.501953125,-2019.997314453125,-2460.868408203125,-2432.822021484375,-2104.466796875,-2387.802978515625,-2269.198974609375,-2275.73486328125,-2568.822021484375,-2674.344482421875,-2937.595458984375,-2576.50048828125,-2828.909423828125,-2295.005126953125,-2311.61279296875,-2464.4521484375,-2448.055908203125,-2171.02685546875,-2700.98974609375,-2084.143798828125,-2185.05810546875,-2216.546142578125,-2144.05810546875,-2000.154541015625,-2045.396728515625,-1912.506103515625,-1929.575439453125,-2142.8818359375,-2014.516357421875,-1897.8154296875,-1886.0341796875,-1944.205810546875,-1850.137939453125,-1899.268310546875,-1930.41259765625,-2084.7255859375,-1796.204345703125,-1514.3043212890625,-2601.56689453125,-1781.904052734375,-2036.765380859375,-1456.9947509765625,-1416.16259765625,-1575.3505859375,-1519.425537109375,-1196.1561279296875,-1051.0804443359375,-876.7347412109375,-973.1845703125,-702.840087890625,-816.3067626953125,-876.70849609375,-548.2447509765625,-546.7406005859375,-526.1822509765625,-794.44140625,-762.096923828125,-987.07763671875,-869.61376953125,-534.9669189453125,-738.12548828125,-613.233154296875,-266.4256591796875,-259.18695068359375,-167.57452392578125,-229.29486083984375,-65.33709716796875,-267.594482421875,-79.24908447265625,-75.2691650390625,-147.86126708984375
"S222",293.7376403808594,320.6288757324219,328.4172821044922,319.37864685058594,348.64256286621094,273.4259490966797,-71.47308349609375,107.44635009765625,-359.34051513671875,-38.59014892578125,222.27734375,-3.97418212890625,245.19964599609375,214.96542358398438,329.6921844482422,-145.4129638671875,234.58157348632812,202.16265869140625,335.68115234375,345.1471862792969,355.45408630371094,349.2006378173828,349.982421875,343.6429443359375,355.0984649658203,336.4326934814453,345.97239685058594,353.31011962890625,344.79539489746094,355.5749816894531,341.3423309326172,338.1423797607422,339.7029266357422,351.45668029785156,332.6817626953125,335.9395751953125,345.84046936035156,312.3888397216797,311.91929626464844,308.5554656982422,292.8599090576172,273.5186309814453,260.2718200683594,266.5698547363281,242.30810546875,194.7252197265625,147.47296142578125,150.20864868164062,58.96539306640625,-77.6180419921875,-74.17401123046875,-186.99237060546875,-443.44940185546875,-500.873291015625,-560.5838623046875,-616.437255859375,-723.697021484375,-730.49169921875,-728.7996826171875,-992.4423828125,-1032.0137939453125,-970.6414794921875,-988.6259765625,-1064.0289306640625,-996.1226806640625,-1182.5078125,-1273.1405029296875,-1219.5372314453125,-1107.8536376953125,-1277.5860595703125,-1224.8643798828125,-1700.8232421875,-1208.48828125,-1192.4732666015625,-1130.5948486328125,-1401.916259765625,-1287.178955078125,-1553.110595703125,-1428.9278564453125,-1376.4356689453125,-1539.335693359375,-1131.239501953125,-1382.427001953125,-1196.1058349609375,-1404.868408203125,-1292.460205078125,-1379.5157470703125,-1177.05517578125,-1113.384521484375,-1211.8575439453125,-1093.9278564453125,-1038.3963623046875,-1080.203369140625,-1183.552001953125,-1096.8778076171875,-1082.095947265625,-1094.0755615234375,-1013.4241943359375,-1015.813720703125,-1070.298583984375,-931.9437255859375,-1103.6927490234375,-923.6495361328125,-917.65283203125,-905.924560546875,-1041.3590087890625,-1038.298095703125,-1198.913330078125,-891.612548828125,-660.6053466796875,-693.5452880859375,-645.140625,-703.375732421875,-537.5128173828125,-536.4737548828125,-671.2376708984375,-363.503662109375,-509.48431396484375,-387.21343994140625,-334.9151611328125,-279.97369384765625,-29.3905029296875,-67.7470703125,-59.85943603515625,-363.16766357421875,8.466339111328125,73.777099609375,98.50177001953125,-124.69915771484375,14.720367431640625,115.93304443359375,96.86370849609375,97.34182739257812,158.09103393554688,121.6549072265625,205.02572631835938,180.80862426757812,191.78253173828125,193.59396362304688,157.58267211914062,162.0404052734375
"S223",170.8060302734375,42.59124755859375,253.7908477783203,224.53952026367188,239.16665649414062,190.03768920898438,118.08224487304688,230.36758422851562,222.93344116210938,270.26556396484375,315.4616394042969,295.6577911376953,312.70506286621094,307.91737365722656,313.0173645019531,322.2104034423828,327.3810272216797,290.2882995605469,297.1136169433594,310.16429138183594,326.035400390625,313.88922119140625,318.1069641113281,306.7816925048828,297.6481475830078,330.8942413330078,314.8855438232422,291.41624450683594,320.88818359375,355.3069763183594,315.2344055175781,337.5829162597656,342.8018341064453,340.45851135253906,297.60121154785156,322.30348205566406,309.91961669921875,307.3553161621094,321.2655487060547,300.7234344482422,252.98886108398438,279.9585723876953,246.94622802734375,270.7711944580078,232.999755859375,158.49240112304688,-83.281005859375,-178.97222900390625,-278.39056396484375,-88.8167724609375,-164.7879638671875,-147.8643798828125,-203.7957763671875,-423.20318603515625,-458.71038818359375,-545.2440185546875,-630.8363037109375,-733.968017578125,-747.009033203125,-793.4337158203125,-1020.92431640625,-1044.84765625,-1076.9061279296875,-1261.1763916015625,-964.9144287109375,-1017.75244140625,-1048.1937255859375,-1261.28515625,-1052.424560546875,-1288.26904296875,-1359.85107421875,-1081.6326904296875,-1190.0216064453125,-1017.876708984375,-1244.0538330078125,-1140.6580810546875,-933.90380859375,-1219.199951171875,-1122.843017578125,-1089.2825927734375,-1111.810546875,-1014.8389892578125,-1097.46142578125,-1008.3634033203125,-1212.5643310546875,-1283.1536865234375,-993.4764404296875,-1030.75537109375,-968.7423095703125,-948.2115478515625,-982.4974365234375,-1090.8695068359375,-1070.2528076171875,-994.32080078125,-857.43017578125,-816.0306396484375,-988.7816162109375,-805.609130859375,-765.092529296875,-911.2813720703125,-801.928466796875,-723.73876953125,-766.2666015625,-739.260009765625,-833.18701171875,-734.6917724609375,-683.55224609375,-876.6488037109375,-786.4925537109375,-1045.624267578125,-1456.267578125,-1192.4949951171875,-608.0008544921875,-546.7708740234375,-444.9854736328125,-671.74462890625,-461.6312255859375,-343.12841796875,-404.7154541015625,-210.75103759765625,-180.24005126953125,-73.56268310546875,-73.58795166015625,-79.7982177734375,-48.7220458984375,29.689697265625,34.775909423828125,53.88677978515625,-15.92584228515625,-86.22833251953125,83.17361450195312,57.731414794921875,103.2967529296875,90.88821411132812,119.35787963867188,168.10025024414062,140.38287353515625,108.58782958984375,80.09304809570312,35.60699462890625,174.472412109375
"S224",117.47662353515625,130.60452270507812,219.00436401367188,235.3824462890625,211.55728149414062,252.29525756835938,229.209228515625,266.2770690917969,202.044921875,48.9930419921875,-47.53924560546875,257.6877899169922,242.41558837890625,234.41259765625,317.3707275390625,243.93832397460938,277.0590362548828,316.7259979248047,314.47271728515625,318.29901123046875,354.4032897949219,320.26365661621094,333.7342224121094,348.0194854736328,332.4665985107422,333.98760986328125,343.15757751464844,328.7792053222656,332.84033203125,353.3542785644531,338.1829376220703,338.0372772216797,363.4599304199219,347.7895050048828,325.0948028564453,370.2809753417969,334.4053192138672,325.63377380371094,350.8646697998047,324.728759765625,301.18011474609375,320.63006591796875,260.63523864746094,238.83718872070312,221.63180541992188,-1.66363525390625,76.46728515625,-126.0660400390625,-554.77099609375,-407.22918701171875,-293.4088134765625,-397.169189453125,-606.845703125,-679.4024658203125,-979.0247802734375,-1031.015625,-912.2791748046875,-1003.3121337890625,-1272.4189453125,-1310.109130859375,-1206.60595703125,-1428.5595703125,-1336.5758056640625,-1436.306396484375,-1190.4744873046875,-1333.54833984375,-1380.6474609375,-1345.4171142578125,-1286.1251220703125,-1345.5028076171875,-1536.134521484375,-1424.967041015625,-1697.18017578125,-1447.9471435546875,-1457.8931884765625,-1272.116455078125,-1275.3966064453125,-1289.3992919921875,-1242.3026123046875,-1473.837890625,-1425.3043212890625,-1157.6119384765625,-1038.1031494140625,-1287.2728271484375,-1324.9202880859375,-1201.0684814453125,-1142.5684814453125,-900.022216796875,-862.3641357421875,-851.490234375,-1018.9344482421875,-1187.2138671875,-1048.4468994140625,-3950.923828125,-2348.669921875,-871.17333984375,-1033.05615234375,-951.5792236328125,-893.613525390625,-980.35595703125,-759.8309326171875,-800.5787353515625,-871.814697265625,-832.0911865234375,-638.3922119140625,-722.34326171875,-554.920166015625,-522.934326171875,-672.715576171875,-657.3345947265625,-777.5662841796875,-535.222412109375,-384.4473876953125,-368.790283203125,-285.22930908203125,-229.523193359375,-160.7509765625,-131.85565185546875,-199.40985107421875,-76.123046875,-107.78936767578125,-18.4432373046875,0.230194091796875,-69.31512451171875,-9.460723876953125,11.109222412109375,-162.6324462890625,32.11859130859375,102.98379516601562,26.108154296875,61.372650146484375,44.193603515625,83.72918701171875,120.88626098632812,33.38818359375,124.84698486328125,62.370849609375,110.43222045898438,73.820068359375,57.66192626953125,-211.29522705078125
"S225",349.62855529785156,356.21742248535156,373.17101287841797,385.20323944091797,382.01190185546875,375.25768280029297,384.71875,385.82234954833984,371.2907409667969,364.2585144042969,336.09051513671875,387.2210388183594,396.4999771118164,387.16729736328125,404.6733093261719,396.0792922973633,396.27037811279297,405.2987365722656,405.34507751464844,400.29430389404297,405.2115707397461,405.032470703125,404.8179702758789,404.5138397216797,404.15728759765625,403.6602096557617,403.07144927978516,402.41400146484375,401.5963897705078,400.65845489501953,399.5243148803711,398.24647521972656,396.8204574584961,395.2263870239258,393.39075469970703,391.3523941040039,389.1017761230469,386.65502166748047,383.99669647216797,381.1922302246094,378.12181854248047,374.87403106689453,371.5105285644531,367.21482849121094,337.6649475097656,303.0830535888672,299.7327117919922,241.43386840820312,143.45062255859375,56.434051513671875,117.79299926757812,88.14239501953125,25.859466552734375,26.2034912109375,-84.92529296875,-138.01885986328125,-82.89630126953125,-155.00616455078125,-209.48675537109375,-265.08453369140625,-200.78466796875,-306.59124755859375,-209.66473388671875,-279.1368408203125,-280.73486328125,-279.035888671875,-336.16278076171875,-305.53936767578125,-239.26422119140625,-239.05169677734375,-355.177001953125,-290.90716552734375,-321.70263671875,-273.90130615234375,-217.16937255859375,-288.7574462890625,-225.91326904296875,-202.53515625,-238.34307861328125,-277.1112060546875,-233.09869384765625,-232.936767578125,-161.08203125,-324.22100830078125,-301.28619384765625,-203.24249267578125,-182.4139404296875,-114.864501953125,-140.28131103515625,-289.6146240234375,-172.81414794921875,-184.1322021484375,-191.134765625,-794.971923828125,-408.6019287109375,-240.06951904296875,-224.26043701171875,-197.38482666015625,-121.36114501953125,-121.5169677734375,-121.92156982421875,-126.3828125,-182.13079833984375,-137.65338134765625,-88.3267822265625,-97.0010986328125,-84.03106689453125,-118.5960693359375,-105.7802734375,-109.92822265625,-31.03369140625,-10.376922607421875,-11.704071044921875,12.21917724609375,13.436065673828125,86.1502685546875,106.71347045898438,96.83294677734375,108.0216064453125,142.90777587890625,153.15109252929688,163.45181274414062,158.14691162109375,173.22274780273438,194.69497680664062,198.28634643554688,184.35507202148438,214.10763549804688,231.37451171875,228.17153930664062,265.3999786376953,258.2713623046875,234.43917846679688,261.1731262207031,240.27340698242188,299.9760284423828,294.5364685058594,264.0466766357422,289.29478454589844,284.5998992919922,247.32315063476562
"S226",334.7445831298828,338.09381103515625,341.29383850097656,344.3173370361328,347.07537841796875,349.7271423339844,352.02427673339844,354.2043914794922,356.00953674316406,357.6004638671875,359.0450897216797,360.28448486328125,361.3928680419922,362.3135070800781,362.8476867675781,363.2753601074219,363.5911102294922,363.73704528808594,363.80140686035156,363.8110046386719,363.8059844970703,363.64442443847656,363.4381408691406,363.0950927734375,362.6959228515625,362.1002655029297,361.4096221923828,360.6031494140625,359.5992126464844,358.4305725097656,357.0011749267578,355.38084411621094,353.5502624511719,351.48919677734375,349.11656188964844,346.46849060058594,343.50807189941406,340.2683410644531,336.74757385253906,332.9833526611328,328.8387756347656,324.4408264160156,319.83338928222656,314.93768310546875,309.7154083251953,304.3049774169922,298.74427795410156,292.92425537109375,287.17369079589844,281.1182556152344,274.83229064941406,268.46173095703125,261.84637451171875,254.93650817871094,248.04556274414062,240.986572265625,233.45306396484375,225.51748657226562,217.18038940429688,208.98788452148438,201.0323486328125,192.34063720703125,183.22882080078125,173.70513916015625,163.98110961914062,153.86260986328125,143.3857421875,132.64666748046875,121.500244140625,110.44174194335938,98.99606323242188,87.48089599609375,76.07382202148438,65.021728515625,54.24810791015625,43.349212646484375,32.586212158203125,22.132659912109375,12.1494140625,2.410858154296875,-6.96099853515625,-15.9140625,-24.56103515625,-32.8665771484375,-40.2254638671875,-47.154541015625,-53.96221923828125,-60.0029296875,-65.66943359375,-70.591064453125,-75.21795654296875,-79.060546875,-82.197998046875,-84.66015625,-86.326904296875,-87.223876953125,-87.20758056640625,-86.11712646484375,-83.340576171875,-79.62335205078125,-75.30877685546875,-70.34832763671875,-64.37255859375,-57.801513671875,-50.30792236328125,-42.48504638671875,-34.361572265625,-25.80401611328125,-16.97296142578125,-7.540069580078125,2.449188232421875,12.590179443359375,23.01177978515625,33.719940185546875,44.373138427734375,55.661773681640625,66.97918701171875,78.4317626953125,90.01260375976562,101.83438110351562,113.84649658203125,125.9522705078125,138.15032958984375,150.0343017578125,161.51171875,173.32723999023438,184.86245727539062,195.81085205078125,206.42904663085938,216.82125854492188,226.4881591796875,235.977294921875,245.01577758789062,253.55421447753906,261.6302490234375,269.3666534423828,276.75697326660156,283.6120147705078,289.9921569824219,295.9728240966797,301.7718048095703
"S227",299.63214111328125,269.8690948486328,292.0265655517578,280.7230987548828,306.92005920410156,336.3364715576172,330.07232666015625,307.47784423828125,350.8767852783203,365.5415802001953,373.9559097290039,367.8646697998047,357.6703186035156,365.13429260253906,372.5040969848633,366.3113555908203,370.0243682861328,364.9245147705078,366.47059631347656,363.9581604003906,356.7874755859375,366.6386260986328,386.81102752685547,371.9350891113281,374.2328567504883,381.860107421875,381.4509963989258,390.90171813964844,397.38214111328125,391.20880126953125,393.28263092041016,396.50415802001953,375.64788818359375,379.15782928466797,383.11646270751953,375.3899383544922,379.3364028930664,369.68377685546875,360.3044891357422,366.0594024658203,358.3217468261719,353.5956268310547,357.875732421875,334.57159423828125,295.94569396972656,270.8640899658203,255.6121368408203,182.21270751953125,197.75851440429688,185.78598022460938,85.06448364257812,93.95599365234375,90.33258056640625,66.36553955078125,86.96026611328125,23.93310546875,45.9339599609375,65.77984619140625,-5.61114501953125,-19.52764892578125,44.027435302734375,16.231292724609375,11.682952880859375,-58.41180419921875,47.703094482421875,-22.77423095703125,-55.95367431640625,-37.4703369140625,-46.4044189453125,-17.758056640625,-81.3812255859375,-45.3975830078125,-185.0806884765625,-40.9927978515625,-40.52557373046875,-156.64404296875,-120.39752197265625,-19.64837646484375,-51.65771484375,2.1129150390625,-45.53466796875,-62.4652099609375,-70.21246337890625,-75.17626953125,-35.12237548828125,-71.1009521484375,-44.03448486328125,-51.9267578125,-96.02947998046875,-68.81005859375,-81.5902099609375,-54.42156982421875,-77.39935302734375,-68.99725341796875,-65.09765625,-100.936279296875,-54.64630126953125,-196.4642333984375,-120.43017578125,-47.0302734375,-147.56329345703125,-87.8155517578125,-61.0203857421875,-72.6275634765625,-139.4571533203125,-114.142333984375,-147.1396484375,-155.7899169921875,-151.92181396484375,-93.349609375,11.12408447265625,-12.572021484375,-5.811187744140625,3.61895751953125,-0.16717529296875,-6.431671142578125,35.63409423828125,27.78594970703125,-30.40972900390625,32.872344970703125,32.31732177734375,42.037506103515625,33.177276611328125,26.317962646484375,35.797515869140625,103.2735595703125,84.32400512695312,74.4677734375,91.45721435546875,163.13861083984375,45.548797607421875,152.58175659179688,175.96060180664062,193.14407348632812,201.22219848632812,214.10525512695312,222.32373046875,172.8568115234375,163.56832885742188,251.4376678466797,204.18817138671875
"S228",-55.0390625,-323.7421875,-11.29351806640625,-27.67095947265625,45.667510986328125,82.14788818359375,67.74200439453125,67.98275756835938,109.71173095703125,85.43893432617188,134.09365844726562,87.43106079101562,95.70361328125,139.301513671875,160.63796997070312,136.0416259765625,155.511962890625,176.87417602539062,146.08059692382812,155.08541870117188,179.169677734375,161.94375610351562,212.34539794921875,201.7777099609375,187.767578125,213.35244750976562,200.038818359375,185.501220703125,247.88880920410156,225.64535522460938,211.42813110351562,235.840576171875,204.05325317382812,211.59521484375,211.31625366210938,199.80728149414062,181.41522216796875,189.66693115234375,162.8564453125,116.31863403320312,133.9720458984375,97.20144653320312,-38.14532470703125,-110.875244140625,-340.08404541015625,-420.84210205078125,-417.854736328125,-423.0712890625,-277.13104248046875,-296.7529296875,-232.72711181640625,-233.2236328125,-346.3563232421875,-307.10772705078125,-375.71478271484375,-359.86224365234375,-526.6878662109375,-376.8516845703125,-362.47705078125,-377.15057373046875,-437.78997802734375,-414.35797119140625,-481.07879638671875,-448.26104736328125,-344.59991455078125,-351.5322265625,-449.77227783203125,-413.6240234375,-418.80810546875,-565.1041259765625,-476.4698486328125,-405.78558349609375,-635.6259765625,-359.66162109375,-396.59014892578125,-480.24139404296875,-437.12310791015625,-347.1781005859375,-418.0853271484375,-408.3995361328125,-365.193603515625,-531.8323974609375,-392.818603515625,-473.9837646484375,-434.34686279296875,-780.783447265625,-482.90185546875,-365.35546875,-358.11761474609375,-580.95947265625,-405.47503662109375,-404.90826416015625,-601.958251953125,-527.9422607421875,-399.38800048828125,-495.1363525390625,-554.2755126953125,-660.950927734375,-478.62054443359375,-457.1075439453125,-495.4217529296875,-561.1680908203125,-531.5955810546875,-427.9676513671875,-446.6558837890625,-410.6510009765625,-604.6114501953125,-452.61962890625,-584.2987060546875,-600.441650390625,-485.534912109375,-664.68603515625,-396.07916259765625,-476.50482177734375,-419.0570068359375,-417.33538818359375,-328.706787109375,-366.58966064453125,-368.00164794921875,-351.335693359375,-330.36572265625,-337.85491943359375,-351.74847412109375,-434.2037353515625,-339.64776611328125,-286.37451171875,-297.2496337890625,-287.5018310546875,-346.2923583984375,-378.1959228515625,-382.22479248046875,-492.44622802734375,-324.55419921875,-434.687255859375,-633.8114013671875,-395.65838623046875,-518.8593139648438,-244.0826416015625,-493.35919189453125,-383.27496337890625,-204.47314453125
"S229",25.7691650390625,24.766998291015625,58.232635498046875,86.47006225585938,134.37054443359375,156.8394775390625,149.35940551757812,192.5062255859375,87.49658203125,181.70840454101562,192.88446044921875,212.16311645507812,187.97796630859375,220.18353271484375,239.50741577148438,211.73138427734375,235.15512084960938,244.75486755371094,235.84658813476562,238.44015502929688,239.16268920898438,238.067138671875,242.37814331054688,239.6014404296875,240.13519287109375,246.30307006835938,260.82623291015625,267.5731201171875,269.15150451660156,260.4437713623047,263.77569580078125,273.7488708496094,271.76698303222656,259.7080841064453,269.28868103027344,247.8533935546875,234.01498413085938,228.76205444335938,208.84628295898438,230.9547119140625,205.61813354492188,192.86770629882812,152.4237060546875,130.15347290039062,52.989349365234375,67.51992797851562,-11.70831298828125,-6.57122802734375,-21.0877685546875,-158.49188232421875,-98.90191650390625,-131.53460693359375,-200.8841552734375,-184.442626953125,-95.68701171875,-192.22784423828125,-251.8126220703125,-180.6588134765625,-148.95697021484375,-177.26824951171875,-141.9488525390625,-157.685791015625,-115.180419921875,-167.1097412109375,-146.0467529296875,-74.62872314453125,-273.80029296875,-215.14666748046875,-256.35321044921875,-233.441650390625,-165.9976806640625,-123.30889892578125,-165.4171142578125,-156.20703125,-129.34771728515625,-183.3692626953125,-154.8828125,-179.8477783203125,-160.68267822265625,-106.3934326171875,-150.594482421875,-193.38092041015625,-183.8948974609375,-259.91796875,-95.4300537109375,-215.22344970703125,-140.51141357421875,-108.6722412109375,-110.46429443359375,-110.2650146484375,-243.63836669921875,-188.248779296875,-280.19879150390625,-180.38836669921875,-233.92181396484375,-133.52154541015625,-138.09063720703125,-242.74395751953125,-239.86663818359375,-215.44921875,-153.98291015625,-179.26837158203125,-257.19036865234375,-89.97393798828125,-139.95294189453125,-130.4161376953125,-552.82470703125,-164.99285888671875,-156.50531005859375,-167.03216552734375,-175.88067626953125,-151.6964111328125,-126.571044921875,-118.7105712890625,-138.63818359375,-122.4769287109375,-75.5489501953125,-105.47589111328125,-127.40771484375,-263.70880126953125,-334.3310546875,-112.23675537109375,-151.00250244140625,-96.391357421875,-67.172119140625,-79.37725830078125,-79.67626953125,-142.5469970703125,-82.70281982421875,-85.87939453125,-33.14044189453125,-65.17364501953125,-30.69268798828125,-66.1375732421875,-61.00555419921875,-53.2701416015625,-73.77227783203125,9.122222900390625,-81.63726806640625,20.7320556640625,23.743896484375
"S230",45.17181396484375,51.409027099609375,99.02981567382812,23.619293212890625,132.431396484375,158.23922729492188,168.67645263671875,203.14572143554688,168.05322265625,179.47540283203125,206.43930053710938,223.48876953125,185.18692016601562,203.6541748046875,196.03216552734375,186.16400146484375,220.33099365234375,199.13250732421875,197.103271484375,217.56076049804688,199.08798217773438,211.77310180664062,207.77725219726562,195.54241943359375,210.41473388671875,209.195556640625,256.2118682861328,241.93673706054688,254.83236694335938,248.7023162841797,254.18148803710938,243.4871826171875,252.11849975585938,257.46148681640625,222.31320190429688,242.86981201171875,219.86141967773438,229.90362548828125,224.93170166015625,217.4283447265625,188.12762451171875,179.501220703125,162.80874633789062,132.82308959960938,135.439453125,122.86068725585938,67.17697143554688,32.4290771484375,9.208343505859375,-110.535400390625,-121.21038818359375,-129.7388916015625,-133.08154296875,-182.97784423828125,-273.27392578125,-127.23590087890625,-112.3402099609375,-128.45660400390625,-138.95709228515625,-148.08502197265625,-177.52886962890625,-181.31610107421875,-81.789306640625,-193.83349609375,-207.47216796875,-160.5556640625,-224.5576171875,-197.411865234375,-332.66839599609375,-180.9219970703125,-237.46673583984375,-229.52484130859375,-128.61651611328125,-254.70330810546875,-175.02520751953125,-170.905029296875,-164.162841796875,-231.818603515625,-278.8358154296875,-219.162841796875,-182.72015380859375,-277.79449462890625,-282.445068359375,-240.80035400390625,-193.13299560546875,-280.60772705078125,-87.5123291015625,-169.42230224609375,-217.1522216796875,-131.52044677734375,-174.83258056640625,-213.4757080078125,-234.84918212890625,-242.9171142578125,-320.2086181640625,-200.87255859375,-86.19927978515625,-104.5159912109375,-146.65899658203125,-157.67388916015625,-154.54248046875,-206.6846923828125,-162.27838134765625,-66.15899658203125,-72.1827392578125,-57.453125,-192.0545654296875,-82.27044677734375,-114.61370849609375,-79.46453857421875,-79.36859130859375,-57.69610595703125,-127.37982177734375,-81.37353515625,-110.92041015625,-102.7939453125,-79.94775390625,-122.4989013671875,-136.9776611328125,-133.11517333984375,-180.2208251953125,-138.32366943359375,-74.3406982421875,-31.02325439453125,-74.54547119140625,2.14739990234375,-107.65771484375,-118.7608642578125,-120.7564697265625,-114.078125,-39.90765380859375,-43.09625244140625,-10.2811279296875,-12.32525634765625,34.61669921875,16.5162353515625,41.6798095703125,12.876007080078125,-42.76666259765625,73.67868041992188,69.13742065429688
"S231",195.75845336914062,237.42648315429688,224.4190673828125,230.62326049804688,250.98336791992188,266.65435791015625,257.43646240234375,285.1344451904297,184.85137939453125,284.7904052734375,295.23085021972656,297.326416015625,289.5825958251953,292.5326690673828,314.1091766357422,309.52734375,325.51072692871094,307.2067108154297,315.412109375,314.83319091796875,309.83770751953125,326.5006866455078,338.7075500488281,324.3199157714844,330.05609130859375,338.49249267578125,319.19927978515625,326.8300018310547,322.91290283203125,311.3927459716797,317.69419860839844,338.9931640625,318.7022247314453,310.1071319580078,307.78440856933594,296.8505401611328,317.3872985839844,306.1038513183594,299.4086151123047,314.0596466064453,307.71319580078125,296.8617858886719,287.3974151611328,263.2008056640625,234.48040771484375,241.65933227539062,211.83389282226562,124.09939575195312,159.11187744140625,173.86474609375,149.48388671875,148.78048706054688,169.27838134765625,156.88409423828125,127.64224243164062,12.737457275390625,121.42294311523438,120.5162353515625,109.17288208007812,103.688232421875,94.56878662109375,116.78524780273438,153.51321411132812,73.36190795898438,119.29690551757812,68.20565795898438,116.27407836914062,126.37042236328125,112.02313232421875,107.87176513671875,126.05642700195312,54.399871826171875,11.45001220703125,82.3992919921875,37.4176025390625,-13.81494140625,18.00146484375,-45.68505859375,50.57110595703125,53.229217529296875,45.270172119140625,37.70550537109375,30.427154541015625,23.419097900390625,17.295135498046875,11.57379150390625,5.948272705078125,1.064453125,-3.461700439453125,-7.307586669921875,-39.66204833984375,-13.66339111328125,-15.82098388671875,-101.80340576171875,-18.0860595703125,-18.16241455078125,-190.58416748046875,-58.26470947265625,-14.95263671875,-29.4827880859375,-89.87982177734375,-2.28900146484375,-16.08953857421875,-25.5177001953125,-61.0238037109375,-47.017822265625,11.720794677734375,-44.70697021484375,-10.80523681640625,-108.6375732421875,-29.16363525390625,-24.3232421875,-13.2667236328125,-30.580322265625,-23.57196044921875,31.18560791015625,34.58038330078125,30.14361572265625,10.57830810546875,40.08502197265625,-14.24981689453125,94.35031127929688,1.825714111328125,127.69338989257812,135.9920654296875,113.77703857421875,166.6649169921875,156.61538696289062,133.5023193359375,129.52813720703125,41.630157470703125,135.91275024414062,153.44528198242188,178.34332275390625,155.47891235351562,147.91671752929688,119.26254272460938,158.58621215820312,182.28933715820312,169.66854858398438,137.66635131835938
"S232",-2.01422119140625,92.0255126953125,-23.8153076171875,27.55670166015625,41.515625,77.191162109375,67.85263061523438,115.87850952148438,-155.13873291015625,115.54745483398438,126.8060302734375,135.701171875,107.47073364257812,143.06802368164062,180.49169921875,160.39810180664062,180.5472412109375,158.34005737304688,159.40383911132812,166.96554565429688,162.1588134765625,156.16351318359375,186.4735107421875,204.17877197265625,190.990234375,202.95779418945312,172.53115844726562,176.13815307617188,205.91232299804688,168.82052612304688,165.87826538085938,201.83035278320312,217.65460205078125,195.43154907226562,211.81842041015625,120.39401245117188,154.62081909179688,233.21865844726562,207.23016357421875,224.411865234375,183.855224609375,139.58956909179688,150.8487548828125,135.50265502929688,51.2037353515625,47.006500244140625,12.804046630859375,-181.24249267578125,-76.6629638671875,-30.98077392578125,-68.146240234375,-88.4368896484375,-27.52239990234375,-56.20361328125,-119.1937255859375,-473.48480224609375,-159.0133056640625,-183.6673583984375,-175.44366455078125,-155.00189208984375,-179.26513671875,-60.72991943359375,-106.896728515625,-149.71875,-175.6217041015625,-326.39288330078125,-126.91229248046875,-120.85101318359375,-122.52496337890625,-123.47222900390625,-87.67291259765625,-202.046875,-215.223876953125,-149.6715087890625,-250.94482421875,-372.39739990234375,-354.53741455078125,-541.2918701171875,-220.039794921875,-71.0712890625,-175.03216552734375,-267.508544921875,-319.537353515625,-299.544189453125,-272.62548828125,-181.1597900390625,-345.37109375,-268.50689697265625,-346.03411865234375,-298.16485595703125,-496.8963623046875,-295.17376708984375,-338.24468994140625,-631.2755126953125,-291.07720947265625,-277.765380859375,-597.8328857421875,-507.26739501953125,-314.87103271484375,-349.35009765625,-542.407470703125,-354.86480712890625,-321.68280029296875,-333.9088134765625,-428.4793701171875,-348.5296630859375,-329.60443115234375,-369.386962890625,-330.55487060546875,-407.62152099609375,-289.9090576171875,-316.33905029296875,-352.34283447265625,-460.67462158203125,-399.90789794921875,-276.01031494140625,-237.17388916015625,-237.4630126953125,-325.7398681640625,-363.05828857421875,-492.99237060546875,-160.12255859375,-174.80047607421875,-142.16217041015625,-104.77398681640625,-80.54534912109375,-74.6639404296875,-185.3096923828125,-217.93682861328125,-94.4683837890625,-74.19293212890625,-68.24102783203125,-169.2828369140625,-100.55047607421875,-52.205810546875,-78.1043701171875,-42.20416259765625,-45.85479736328125,-2.806396484375,-103.12945556640625,-63.784423828125
"S233",114.40057373046875,179.03677368164062,120.02645874023438,145.919677734375,-3.909637451171875,86.64138793945312,70.2940673828125,224.05889892578125,222.25897216796875,200.86495971679688,269.28697204589844,229.09136962890625,264.39454650878906,288.0525207519531,261.4737854003906,239.55325317382812,283.7653503417969,269.12098693847656,273.54490661621094,313.4241485595703,291.63389587402344,245.9805908203125,305.71063232421875,297.7730712890625,284.1034698486328,323.9827575683594,304.5618591308594,303.81443786621094,304.0040588378906,303.8283386230469,309.36351013183594,314.3523406982422,301.2282257080078,284.25181579589844,312.44578552246094,237.81253051757812,264.61656188964844,288.2647399902344,296.754150390625,268.9616394042969,248.49539184570312,213.77627563476562,214.2210693359375,187.81625366210938,116.08029174804688,134.15744018554688,51.952667236328125,-32.74102783203125,-166.841552734375,-54.795166015625,-122.6929931640625,-127.81207275390625,-120.28839111328125,-233.64300537109375,-237.25726318359375,-240.19781494140625,-171.9822998046875,-416.19586181640625,-318.55078125,-229.33428955078125,-471.289306640625,-274.63934326171875,-276.18524169921875,-277.4647216796875,-294.798095703125,-336.35906982421875,-316.3350830078125,-463.86962890625,-261.72052001953125,-267.61956787109375,-276.9796142578125,-364.29803466796875,-332.57373046875,-225.1195068359375,-347.51580810546875,-375.73101806640625,-550.638427734375,-375.26422119140625,-475.599853515625,-388.64971923828125,-368.3236083984375,-417.375244140625,-413.60748291015625,-400.7694091796875,-652.5343017578125,-439.08087158203125,-514.9563598632812,-620.122802734375,-524.8594970703125,-407.60552978515625,-314.1419677734375,-296.3355712890625,-360.8956298828125,-351.5045166015625,-372.78448486328125,-709.3690185546875,-914.6531982421875,-365.27459716796875,-528.063232421875,-299.40521240234375,-254.825439453125,-350.7557373046875,-371.3055419921875,-478.0106201171875,-390.59527587890625,-421.6962890625,-429.70947265625,-303.89202880859375,-424.95654296875,-413.09942626953125,-350.07196044921875,-330.13665771484375,-244.5889892578125,-230.76556396484375,-217.65118408203125,-128.8128662109375,-171.915283203125,-176.67242431640625,-176.51995849609375,-265.760986328125,-237.97454833984375,-173.72412109375,-130.22467041015625,-0.9935302734375,-98.686279296875,-124.235595703125,-47.7747802734375,-231.4046630859375,-44.85137939453125,-61.353271484375,-152.86431884765625,-55.37066650390625,-34.15374755859375,38.887603759765625,-112.12554931640625,-63.66424560546875,79.85165405273438,60.326690673828125,108.21087646484375,71.838134765625,90.97549438476562
"S234",308.36619567871094,312.2557067871094,183.00027465820312,313.0278778076172,320.9037780761719,321.06617736816406,313.0138244628906,352.0435028076172,321.27488708496094,322.57855224609375,363.3434295654297,338.205078125,359.3900451660156,381.29437255859375,342.1477813720703,338.39637756347656,378.0614242553711,351.1522216796875,350.5408020019531,377.30248260498047,362.6712341308594,365.0094909667969,388.2739562988281,356.3866729736328,338.62786865234375,379.2065124511719,364.58251953125,378.7446594238281,385.1440887451172,366.6534881591797,371.5031433105469,378.4867935180664,350.7547302246094,355.30470275878906,372.1698532104492,341.4814910888672,345.5614776611328,367.86769104003906,339.4158477783203,331.8079833984375,339.66900634765625,290.94898986816406,284.49595642089844,269.1150665283203,196.22921752929688,188.63516235351562,178.2288818359375,112.1910400390625,14.749237060546875,53.15789794921875,16.8331298828125,9.1441650390625,12.717559814453125,-64.9769287109375,-91.7877197265625,-130.158203125,-86.944580078125,-137.969482421875,-181.068603515625,-152.90960693359375,-379.28082275390625,-317.76141357421875,-154.944091796875,-176.48486328125,-257.04522705078125,-208.7952880859375,-171.97930908203125,-214.18603515625,-207.12164306640625,-179.0699462890625,-233.99237060546875,-245.5892333984375,-263.2957763671875,-240.038818359375,-234.99444580078125,-254.3138427734375,-347.0457763671875,-279.6378173828125,-385.8465576171875,-352.852294921875,-282.69012451171875,-282.97235107421875,-327.28289794921875,-303.5821533203125,-330.117919921875,-223.56573486328125,-241.4603271484375,-260.714599609375,-264.51190185546875,-396.9390869140625,-201.55218505859375,-202.2022705078125,-307.33709716796875,-214.99615478515625,-231.17120361328125,-302.19989013671875,-328.3953857421875,-301.11236572265625,-269.49017333984375,-226.57525634765625,-141.47857666015625,-202.4429931640625,-216.35418701171875,-216.42022705078125,-190.1756591796875,-260.57244873046875,-139.28314208984375,-142.76385498046875,-219.7406005859375,-178.836669921875,-143.45782470703125,-155.17706298828125,-92.015380859375,-54.42486572265625,-17.83551025390625,-20.47125244140625,-20.9881591796875,25.286651611328125,62.45050048828125,40.671722412109375,33.04254150390625,51.15386962890625,92.97576904296875,142.44265747070312,128.63543701171875,77.53488159179688,131.58468627929688,54.196990966796875,134.36904907226562,178.35784912109375,142.77413940429688,174.8807373046875,183.11965942382812,217.0211181640625,184.6048583984375,205.03192138671875,226.31539916992188,235.82876586914062,226.46011352539062,238.0826416015625,230.37115478515625
"S235",181.52960205078125,213.40811157226562,-217.69476318359375,180.28775024414062,229.42208862304688,186.87612915039062,200.56207275390625,235.20046997070312,201.71917724609375,229.60025024414062,261.8430938720703,232.88186645507812,243.39706420898438,271.6919708251953,217.05795288085938,237.82528686523438,251.2283935546875,250.39425659179688,238.1578369140625,232.71624755859375,264.1244201660156,256.9636993408203,277.1768035888672,259.8705749511719,198.29931640625,262.54368591308594,276.0623474121094,285.0725555419922,299.77166748046875,283.98472595214844,262.48158264160156,271.1846923828125,268.00367736816406,269.4770812988281,279.07728576660156,272.8874053955078,245.60205078125,268.4998474121094,239.15362548828125,243.99334716796875,242.62579345703125,199.1702880859375,161.56436157226562,97.08914184570312,-32.560302734375,13.286224365234375,2.412017822265625,-123.6805419921875,-296.662109375,-158.75311279296875,-291.85809326171875,-195.207763671875,-309.4454345703125,-396.74737548828125,-404.96624755859375,-534.474609375,-470.8521728515625,-559.793212890625,-753.890869140625,-595.5364990234375,-929.685791015625,-969.090087890625,-593.9635009765625,-667.9395751953125,-826.0762939453125,-695.1702880859375,-648.56982421875,-625.8133544921875,-679.6048583984375,-737.9468994140625,-736.0833740234375,-764.3731689453125,-713.8377685546875,-949.4998779296875,-738.0032958984375,-741.706298828125,-902.4539794921875,-814.053466796875,-826.51220703125,-919.0416259765625,-842.7027587890625,-800.4241943359375,-985.6925048828125,-895.039306640625,-716.2633056640625,-727.5765380859375,-722.9898681640625,-685.38134765625,-729.388427734375,-841.232177734375,-724.4581298828125,-709.1749267578125,-897.2618408203125,-724.8304443359375,-737.6839599609375,-797.1925048828125,-693.4521484375,-905.6573486328125,-658.5941162109375,-925.7452392578125,-650.65185546875,-702.857177734375,-705.699462890625,-672.3909912109375,-604.8341064453125,-890.446533203125,-642.140869140625,-664.355224609375,-616.312255859375,-607.5091552734375,-561.82958984375,-559.4132080078125,-577.8128662109375,-534.417724609375,-378.757080078125,-317.50982666015625,-322.7923583984375,-371.33795166015625,-181.912353515625,-219.647705078125,-208.95416259765625,-125.8072509765625,-137.40509033203125,-94.996337890625,-122.16094970703125,-236.08404541015625,-70.15020751953125,-258.3460693359375,-132.6708984375,-30.54052734375,-49.7933349609375,-111.83050537109375,13.430816650390625,-31.28265380859375,6.95098876953125,69.82196044921875,90.19024658203125,64.474853515625,-27.7647705078125,-37.46405029296875,72.385498046875
"S236",187.06610107421875,169.741943359375,71.31692504882812,208.421875,115.94683837890625,133.02444458007812,189.82693481445312,175.423095703125,150.218017578125,141.37164306640625,174.88018798828125,197.51495361328125,246.66432189941406,234.41314697265625,230.02536010742188,227.84658813476562,260.6728210449219,219.3453369140625,248.42868041992188,252.04510498046875,223.74740600585938,241.60159301757812,290.9457244873047,256.4872131347656,275.37939453125,285.2663879394531,251.3032989501953,283.3943634033203,285.036376953125,257.76527404785156,281.62892150878906,268.20729064941406,254.68458557128906,284.67515563964844,290.0303649902344,252.7704620361328,219.109130859375,242.71435546875,234.27859497070312,236.0677490234375,225.122802734375,135.38320922851562,132.79559326171875,111.07318115234375,93.07699584960938,36.77178955078125,-33.54974365234375,-194.27392578125,-157.587646484375,-212.31280517578125,-356.9122314453125,-476.9813232421875,-593.865966796875,-774.3380126953125,-961.0379638671875,-822.21875,-1169.3218994140625,-942.6588134765625,-1083.8155517578125,-931.6939697265625,-1129.0745849609375,-1012.07275390625,-1060.002197265625,-1094.72119140625,-1190.0413818359375,-1065.0020751953125,-1170.994873046875,-1206.2208251953125,-1137.318603515625,-1535.8760986328125,-1184.694091796875,-1240.4481201171875,-1239.9637451171875,-1177.5289306640625,-1332.2020263671875,-1402.021728515625,-1323.6851806640625,-1489.391845703125,-1654.963134765625,-1337.674560546875,-1365.1741943359375,-1773.068603515625,-1715.480712890625,-1365.7723388671875,-1279.852294921875,-1246.7637939453125,-1258.0672607421875,-1308.19580078125,-1235.46533203125,-1197.375244140625,-1051.3392333984375,-1437.063720703125,-1166.7108154296875,-1122.4293212890625,-1149.2967529296875,-1073.9654541015625,-1011.7479248046875,-1288.8258056640625,-1222.629638671875,-1228.5079345703125,-980.764404296875,-1045.4761962890625,-1089.5867919921875,-976.9320068359375,-856.1566162109375,-986.1878662109375,-833.8382568359375,-929.8565673828125,-1002.135986328125,-767.3018798828125,-823.0853271484375,-830.78125,-560.7574462890625,-789.869384765625,-627.53564453125,-474.20562744140625,-596.95751953125,-452.24395751953125,-298.54644775390625,-237.45782470703125,-381.1536865234375,-183.13372802734375,-188.69830322265625,-212.4786376953125,-300.9786376953125,-341.130615234375,-188.3013916015625,-336.11376953125,-208.4686279296875,-296.94207763671875,-235.85992431640625,-175.38446044921875,-60.76776123046875,-15.96002197265625,-69.17071533203125,3.28387451171875,43.5018310546875,21.393402099609375,-42.61480712890625,-6.495452880859375,-73.6072998046875
"S237",166.3074951171875,203.63998413085938,180.74517822265625,163.87112426757812,206.01806640625,150.8294677734375,207.8763427734375,185.47415161132812,212.54104614257812,215.93411254882812,279.97674560546875,216.97317504882812,248.49887084960938,249.29196166992188,251.42604064941406,246.24159240722656,302.1841125488281,275.12400817871094,275.9696350097656,300.4792785644531,286.1795654296875,250.7131805419922,309.05889892578125,290.20286560058594,280.29502868652344,293.74195861816406,294.5072784423828,277.2037811279297,301.81842041015625,269.59442138671875,252.1179962158203,313.00340270996094,277.4394989013672,264.4115447998047,303.18955993652344,267.00559997558594,259.69459533691406,266.9799346923828,271.61151123046875,222.5673828125,226.25424194335938,212.05291748046875,145.12261962890625,179.61923217773438,111.430908203125,54.10546875,29.484100341796875,-159.71844482421875,-188.349853515625,-280.5198974609375,-556.92529296875,-849.79638671875,-1180.116943359375,-1261.3192138671875,-1257.76318359375,-1352.1446533203125,-1376.0364990234375,-1318.97705078125,-1024.869384765625,-1416.7684326171875,-1390.3896484375,-1437.9320068359375,-1493.40966796875,-1804.989013671875,-1877.044921875,-1416.4114990234375,-1483.289306640625,-1526.7421875,-1554.4658203125,-1577.0537109375,-1797.0498046875,-1347.843994140625,-1543.352294921875,-1531.87255859375,-1431.354248046875,-1511.385009765625,-1445.58251953125,-1496.03076171875,-1569.4130859375,-1697.0927734375,-1509.09716796875,-1609.11181640625,-1769.158447265625,-1799.01904296875,-1593.06298828125,-1502.6854248046875,-1471.128173828125,-1332.130615234375,-1259.6456298828125,-1363.608642578125,-1360.5177001953125,-1444.9512939453125,-1329.7838134765625,-1356.156982421875,-1329.2271728515625,-1510.919921875,-1316.009033203125,-1257.9049072265625,-1358.3212890625,-1375.4383544921875,-1309.831298828125,-1429.372802734375,-1592.718994140625,-1221.2572021484375,-1335.1754150390625,-1277.98193359375,-1382.7818603515625,-1673.741943359375,-1802.227783203125,-1444.8944091796875,-1008.62841796875,-956.866455078125,-802.58056640625,-835.718505859375,-717.3414306640625,-507.5672607421875,-471.253173828125,-603.156494140625,-329.43145751953125,-313.3359375,-394.40264892578125,-305.94232177734375,-375.36224365234375,-208.4815673828125,-177.88458251953125,-269.2138671875,-192.027587890625,-464.11932373046875,-238.08905029296875,-174.87823486328125,-212.0997314453125,-117.576416015625,-68.44036865234375,-109.76611328125,-352.03106689453125,-146.69659423828125,-90.5404052734375,-66.342041015625,-77.0257568359375,-75.85479736328125,-20.7430419921875
"S238",261.46922302246094,225.39932250976562,303.6759948730469,294.3715057373047,296.6778869628906,316.6562805175781,300.3874969482422,313.149658203125,318.7384948730469,283.3596954345703,301.0257568359375,285.2299041748047,280.03663635253906,301.59437561035156,312.82701110839844,300.686767578125,312.6245880126953,322.6354064941406,314.9326171875,328.44488525390625,344.04608154296875,330.6314239501953,348.77049255371094,342.2194519042969,338.9640655517578,339.9408416748047,348.7738494873047,344.6311340332031,347.74267578125,328.39830017089844,340.21836853027344,348.23817443847656,338.6264190673828,336.7885437011719,330.1329345703125,346.07859802246094,315.5506896972656,309.1650695800781,334.87672424316406,308.77813720703125,306.0167236328125,323.2347869873047,299.99012756347656,279.8041687011719,257.2160186767578,229.22854614257812,199.88339233398438,63.066375732421875,75.23590087890625,-358.9840087890625,-85.7802734375,-175.6776123046875,-307.02716064453125,-443.22607421875,-539.487060546875,-560.2904052734375,-766.4560546875,-687.8594970703125,-620.0064697265625,-607.3756103515625,-784.1092529296875,-675.8629150390625,-727.989501953125,-767.821533203125,-910.5572509765625,-1027.7293701171875,-1031.9696044921875,-932.6981201171875,-1001.9093017578125,-926.8489990234375,-1007.5728759765625,-905.3004150390625,-1046.5489501953125,-1124.658203125,-1087.5472412109375,-1059.4036865234375,-1111.4822998046875,-1045.6036376953125,-1163.1324462890625,-1396.273193359375,-1033.563720703125,-1054.488037109375,-1140.2520751953125,-1146.0206298828125,-1029.8052978515625,-1083.0880126953125,-1105.35205078125,-1079.4837646484375,-1024.6470947265625,-966.0885009765625,-1014.0625,-1095.5770263671875,-853.7696533203125,-970.30908203125,-947.1572265625,-1155.3350830078125,-990.58154296875,-1029.7159423828125,-809.975830078125,-933.1400146484375,-857.183837890625,-1130.7269287109375,-1007.214111328125,-928.4405517578125,-763.043212890625,-870.1016845703125,-782.571044921875,-738.825927734375,-834.6318359375,-762.47509765625,-601.973388671875,-505.23199462890625,-478.440185546875,-361.829345703125,-350.97503662109375,-370.9735107421875,-226.34796142578125,-247.07464599609375,-167.1224365234375,-143.48187255859375,-344.70269775390625,-259.6231689453125,-163.38189697265625,-149.70660400390625,-3.2021484375,-2.374298095703125,-103.41119384765625,-221.46759033203125,18.6177978515625,89.24969482421875,58.084075927734375,-0.278656005859375,34.2003173828125,12.559326171875,-9.286468505859375,-4.862213134765625,-31.81292724609375,46.38763427734375,92.80184936523438,112.14105224609375,84.9561767578125
"S239",248.0642852783203,156.94046020507812,257.68609619140625,262.0841522216797,266.068603515625,269.86126708984375,273.10565185546875,276.1781921386719,278.65931701660156,280.8232879638672,282.77264404296875,284.4139709472656,285.8575439453125,287.0339660644531,287.6347198486328,288.0863342285156,288.3706970214844,288.4194641113281,288.31121826171875,287.9924774169922,287.6601104736328,287.0845642089844,286.43360900878906,285.5376739501953,284.5360412597656,283.18565368652344,281.66217041015625,279.89683532714844,277.7798767089844,275.348388671875,272.47340393066406,269.24755859375,265.6349639892578,261.62156677246094,257.09246826171875,252.1109619140625,246.6149139404297,240.6759033203125,234.29800415039062,227.54849243164062,220.22515869140625,212.54678344726562,204.57720947265625,196.20602416992188,187.37277221679688,178.30435180664062,169.07974243164062,90.18661499023438,67.97976684570312,-348.28533935546875,-153.77667236328125,-403.909423828125,-464.4351806640625,-624.18701171875,-744.2354736328125,-929.2657470703125,-1105.7100830078125,-1056.5833740234375,-1345.2828369140625,-1228.2158203125,-1327.6341552734375,-1295.3912353515625,-1338.1317138671875,-1286.044921875,-1547.517822265625,-1633.04296875,-1985.8291015625,-1713.31494140625,-1446.133544921875,-1617.1484375,-1795.217041015625,-1590.46728515625,-1542.7117919921875,-1936.5771484375,-1739.388916015625,-1707.6875,-1642.362548828125,-1678.19140625,-1696.160400390625,-1675.732177734375,-1765.736083984375,-1720.09912109375,-1903.854736328125,-1825.910400390625,-1676.256103515625,-1860.00439453125,-1701.721435546875,-1740.3212890625,-1653.777099609375,-1637.575927734375,-1581.210693359375,-1588.752197265625,-1674.482666015625,-1551.63720703125,-1671.062255859375,-1698.11865234375,-1561.154296875,-1544.5850830078125,-1444.6678466796875,-1663.950927734375,-1733.407958984375,-1549.39208984375,-1587.115966796875,-1349.0013427734375,-1366.144287109375,-1289.7510986328125,-1350.6339111328125,-1149.6790771484375,-1228.1080322265625,-1156.5062255859375,-923.091552734375,-853.7451171875,-866.984375,-690.5938720703125,-606.7598876953125,-570.4920654296875,-565.8133544921875,-522.3626098632812,-368.7764892578125,-373.310546875,-519.9595947265625,-458.738525390625,-392.90887451171875,-330.94964599609375,-168.492431640625,-246.5875244140625,-141.40667724609375,-126.41949462890625,2.859649658203125,43.509765625,53.41802978515625,76.68722534179688,70.32070922851562,16.685028076171875,69.98751831054688,145.10995483398438,126.01519775390625,137.75405883789062,174.30206298828125,160.08370971679688,157.2587890625
"S240",244.35104370117188,253.0098419189453,257.68609619140625,262.0841522216797,238.74057006835938,269.86126708984375,273.10565185546875,276.1781921386719,278.65931701660156,280.8232879638672,282.77264404296875,284.4139709472656,285.8575439453125,287.0339660644531,287.6347198486328,288.0863342285156,288.3706970214844,288.4194641113281,288.31121826171875,287.9924774169922,287.6601104736328,287.0845642089844,286.43360900878906,285.5376739501953,284.5360412597656,283.18565368652344,281.66217041015625,279.89683532714844,277.7798767089844,275.348388671875,272.47340393066406,269.24755859375,265.6349639892578,261.62156677246094,257.09246826171875,252.1109619140625,246.6149139404297,240.6759033203125,234.29800415039062,227.54849243164062,220.22515869140625,212.54678344726562,204.57720947265625,196.20602416992188,187.37277221679688,73.90399169921875,-0.948455810546875,-103.1385498046875,-230.885009765625,-475.39337158203125,-570.307861328125,-724.959228515625,-1044.7130126953125,-1305.715576171875,-1384.3304443359375,-1469.998291015625,-1985.749267578125,-1643.2880859375,-1813.46728515625,-2014.222412109375,-2333.698974609375,-1969.919189453125,-2223.998046875,-2085.1005859375,-2324.3701171875,-2681.302734375,-2791.8173828125,-2485.129150390625,-2445.10400390625,-2893.171875,-2880.34716796875,-2638.8740234375,-2439.50146484375,-2630.940673828125,-2569.0458984375,-2746.736328125,-2609.53955078125,-2728.808837890625,-2951.1455078125,-2749.059814453125,-2962.499267578125,-2844.622314453125,-2903.5283203125,-2697.2958984375,-2702.590087890625,-2972.024658203125,-2762.58203125,-2752.430908203125,-3075.949951171875,-2809.65771484375,-3037.661376953125,-2988.446044921875,-3069.215087890625,-2722.6171875,-3012.295654296875,-2846.482177734375,-2725.990966796875,-2851.708740234375,-2762.969970703125,-3218.594482421875,-3203.60693359375,-2908.017822265625,-2796.402099609375,-2758.9501953125,-2906.009033203125,-2563.739990234375,-3010.4765625,-2498.14990234375,-2442.502197265625,-2287.187255859375,-2152.37890625,-1999.206787109375,-1835.43798828125,-1688.020263671875,-1517.1524658203125,-1491.9893798828125,-1378.6273193359375,-1399.1004638671875,-968.5933837890625,-970.466064453125,-896.7745361328125,-880.8909912109375,-811.86962890625,-450.90118408203125,-422.72906494140625,-416.1463623046875,-296.9105224609375,-209.85772705078125,-194.6148681640625,-126.8580322265625,-103.8514404296875,-157.0567626953125,-83.62139892578125,-208.38800048828125,-327.68316650390625,-61.6689453125,-41.8779296875,-60.01605224609375,-88.68951416015625,16.520599365234375,11.283294677734375
"S241",287.81549072265625,292.1853485107422,281.36451721191406,172.5577392578125,304.1632995605469,307.75128173828125,310.8954772949219,313.8429718017578,209.94207763671875,318.6243591308594,320.6667175292969,322.44142150878906,324.076904296875,325.4171905517578,326.2735595703125,326.98512268066406,327.55364990234375,327.8562316894531,328.06727600097656,328.08294677734375,328.0625,327.85401916503906,327.5785217285156,327.15245056152344,326.634765625,325.88011169433594,324.970458984375,323.96461486816406,322.6815643310547,321.1973419189453,319.3809509277344,317.32373046875,315.02210998535156,312.4333801269531,309.42198181152344,306.0500793457031,302.30531311035156,298.22021484375,293.73460388183594,288.9930419921875,283.7622833251953,278.18316650390625,272.3875427246094,266.18333435058594,259.5758514404297,252.787841796875,245.73167419433594,172.45315551757812,210.91256713867188,122.82229614257812,20.374542236328125,8.99615478515625,-218.0611572265625,-233.17791748046875,-265.60205078125,-390.5018310546875,-375.44158935546875,-337.88494873046875,-439.35772705078125,-496.73779296875,-566.1531982421875,-802.625244140625,-698.1329345703125,-521.245849609375,-1120.3997802734375,-866.62451171875,-829.4365234375,-754.353515625,-913.0142822265625,-1010.9957275390625,-1253.778076171875,-1063.3643798828125,-850.6776123046875,-844.5006103515625,-842.74267578125,-972.7972412109375,-811.3096923828125,-896.336181640625,-1108.43115234375,-1124.9820556640625,-983.47705078125,-975.121337890625,-1148.1669921875,-991.9691162109375,-979.0487060546875,-1040.650634765625,-885.676025390625,-1001.5635986328125,-889.8118896484375,-1029.0264892578125,-910.4041748046875,-1024.719482421875,-1026.3143310546875,-1005.60009765625,-1018.824462890625,-991.595947265625,-922.7010498046875,-954.2347412109375,-910.22998046875,-1147.08984375,-910.9180908203125,-899.3287353515625,-858.9996337890625,-905.0286865234375,-1012.1602783203125,-870.4483642578125,-1022.332275390625,-1048.630126953125,-1024.9857177734375,-654.3079833984375,-579.611572265625,-579.2413330078125,-714.2955322265625,-578.9559326171875,-468.83447265625,-439.2164306640625,-525.8353271484375,-381.20654296875,-618.277099609375,-448.2755126953125,-374.75506591796875,-234.19091796875,-120.46893310546875,-209.9730224609375,-264.220458984375,-110.234375,6.797149658203125,-276.03778076171875,-27.37713623046875,41.417022705078125,114.35052490234375,37.1812744140625,37.95556640625,32.94378662109375,189.38668823242188,199.6619873046875,209.47579956054688,171.75442504882812,198.43951416015625,235.019287109375,242.71139526367188
"S242",57.2451171875,110.4083251953125,90.13262939453125,27.722930908203125,195.35528564453125,224.17864990234375,234.710693359375,278.06834411621094,234.20974731445312,132.93960571289062,302.7500305175781,253.0490264892578,226.22845458984375,302.0903778076172,256.14508056640625,255.67538452148438,304.7906494140625,264.7603454589844,265.17144775390625,301.92201232910156,100.47195434570312,-0.38922119140625,320.2453918457031,269.04954528808594,259.00071716308594,307.7259216308594,255.4286346435547,264.1776580810547,302.14097595214844,263.67832946777344,261.1699523925781,308.13568115234375,260.2863311767578,270.4990539550781,322.28025817871094,261.16517639160156,282.2005920410156,287.1171112060547,262.38072204589844,258.2178955078125,254.7752685546875,220.1717529296875,195.92660522460938,282.61077880859375,153.01617431640625,71.38412475585938,16.929046630859375,44.199554443359375,53.50958251953125,-93.330078125,-272.94415283203125,-233.3048095703125,-424.21014404296875,-502.451904296875,-721.4442138671875,-944.8187255859375,-805.0172119140625,-848.908935546875,-967.0557861328125,-854.1688232421875,-1008.33740234375,-1126.4188232421875,-1410.5601806640625,-1340.470458984375,-1380.5479736328125,-1201.48291015625,-1942.30615234375,-2076.244873046875,-1561.23046875,-1719.282470703125,-2096.33740234375,-2391.093017578125,-2565.114013671875,-2238.76806640625,-1953.720703125,-2682.224853515625,-2507.380126953125,-2278.178955078125,-3037.810791015625,-3115.142822265625,-2800.0029296875,-2874.2529296875,-2817.064697265625,-2775.816162109375,-3216.412841796875,-2822.4228515625,-3076.605712890625,-3024.914794921875,-2445.74755859375,-2622.3427734375,-2528.208984375,-2696.363525390625,-2908.4619140625,-3030.34814453125,-2397.31884765625,-2658.0849609375,-2480.708251953125,-2385.18603515625,-2614.498046875,-2533.46923828125,-2578.518310546875,-2547.896728515625,-2786.927001953125,-2537.01513671875,-2479.01513671875,-2631.746337890625,-2398.10400390625,-2748.68408203125,-3230.1103515625,-2605.461181640625,-2547.998046875,-2154.8076171875,-2037.242919921875,-2530.2705078125,-2287.450927734375,-1988.1298828125,-2096.294189453125,-1701.90869140625,-1869.5087890625,-1500.189697265625,-1533.4302978515625,-1133.38037109375,-1242.7862548828125,-969.8525390625,-880.619140625,-854.9027099609375,-555.3233642578125,-587.568115234375,-803.188232421875,-826.627685546875,-318.20703125,-374.1026611328125,-411.43341064453125,-199.560302734375,-132.39898681640625,-126.28729248046875,-74.9117431640625,-84.05853271484375,-311.91778564453125,-17.08880615234375,-0.206390380859375
"S243",273.91119384765625,237.9835205078125,259.6813201904297,322.59564208984375,320.24757385253906,340.2196044921875,330.4534912109375,320.35377502441406,324.19944763183594,317.6861267089844,313.1894226074219,332.854736328125,331.91285705566406,343.23419189453125,340.15765380859375,334.7119140625,317.3451690673828,308.8313446044922,332.7462158203125,341.87359619140625,351.47157287597656,348.7534637451172,343.83082580566406,348.58294677734375,350.83534240722656,348.8240051269531,347.10401916503906,344.2695770263672,348.11927795410156,349.21327209472656,338.2836151123047,332.4847869873047,334.57899475097656,318.2483367919922,299.8777160644531,277.5914306640625,328.1299743652344,324.8048400878906,323.22393798828125,323.25413513183594,300.4135284423828,285.5635528564453,250.76083374023438,240.77792358398438,97.56155395507812,-3.21343994140625,128.23867797851562,106.1807861328125,6.387664794921875,-51.06915283203125,-176.82232666015625,-145.78106689453125,-263.63677978515625,-428.11358642578125,-623.0089111328125,-776.4375,-863.1710205078125,-847.552490234375,-931.330078125,-998.0821533203125,-1264.9381103515625,-1105.258544921875,-1171.3370361328125,-1336.4505615234375,-1282.373291015625,-1207.520263671875,-1427.4462890625,-1244.9525146484375,-1421.141845703125,-1322.478271484375,-1491.0899658203125,-1723.662353515625,-1805.983642578125,-1612.652099609375,-1685.8974609375,-1866.385498046875,-1636.889404296875,-1463.41064453125,-1755.310302734375,-2305.625,-1905.422607421875,-1920.789794921875,-2076.292236328125,-1675.411865234375,-1758.65625,-1883.460693359375,-1896.275634765625,-1808.2841796875,-1536.693603515625,-1627.8583984375,-1604.759765625,-1607.36083984375,-1603.98828125,-1589.6337890625,-1654.838134765625,-1550.207275390625,-1755.46630859375,-1551.6943359375,-1507.22998046875,-2014.3125,-1718.811767578125,-1692.2294921875,-1760.726318359375,-1713.88134765625,-1658.264404296875,-1946.877197265625,-1395.6533203125,-1695.474365234375,-1412.674560546875,-1340.1993408203125,-1139.06689453125,-1283.548095703125,-1271.0360107421875,-1174.9605712890625,-974.3951416015625,-921.8013916015625,-710.0389404296875,-852.7479248046875,-768.5762939453125,-610.816162109375,-561.8341064453125,-519.4996948242188,-423.19378662109375,-560.81884765625,-689.824462890625,-795.36767578125,-541.7681884765625,-492.157958984375,-526.224853515625,-696.7783203125,-465.5748291015625,-451.55755615234375,-446.45111083984375,-344.8424072265625,-253.15966796875,-417.816162109375,-440.8074951171875,-531.8375244140625,-185.4241943359375,-223.6981201171875,66.24993896484375
"S244",136.55520629882812,141.69744873046875,184.02322387695312,206.62338256835938,218.50430297851562,235.63192749023438,215.80743408203125,236.56854248046875,278.30711364746094,251.50399780273438,254.34498596191406,262.8191680908203,244.2318115234375,281.5790252685547,252.59881591796875,250.85101318359375,254.1356964111328,256.42909240722656,245.1094207763672,251.5156707763672,274.7846984863281,257.90771484375,265.2853088378906,281.5989074707031,257.0469970703125,273.3399353027344,280.1240997314453,258.3496398925781,268.0794677734375,285.1263885498047,270.1742858886719,280.8604431152344,294.2194519042969,263.9908447265625,287.3923034667969,285.70623779296875,264.9749298095703,287.31243896484375,266.8264465332031,249.25711059570312,240.126220703125,243.1072998046875,203.23171997070312,189.94454956054688,178.24752807617188,86.01776123046875,80.21578979492188,9.231475830078125,-166.393310546875,-161.08111572265625,-346.20635986328125,-361.96917724609375,-508.77850341796875,-581.389892578125,-765.7218017578125,-1064.904052734375,-964.3912353515625,-1098.1195068359375,-1150.091552734375,-1254.80419921875,-1295.3970947265625,-1228.2677001953125,-1461.179931640625,-1545.6900634765625,-1561.80419921875,-1643.07177734375,-1614.02587890625,-1735.760498046875,-1700.5439453125,-1587.740234375,-1682.79248046875,-1660.685546875,-1878.26708984375,-1839.17041015625,-1788.096435546875,-1932.78173828125,-1687.050048828125,-1690.890625,-1860.20068359375,-1823.14306640625,-1765.24853515625,-1879.819580078125,-2151.1962890625,-2006.205078125,-1797.655517578125,-1940.87109375,-2010.06689453125,-1819.488525390625,-1678.123046875,-1737.872314453125,-1782.700927734375,-1661.388671875,-1688.7607421875,-1718.41650390625,-1794.198486328125,-1760.48388671875,-1976.315673828125,-1834.00830078125,-1665.884033203125,-2019.187744140625,-1882.478759765625,-1677.197509765625,-1707.723388671875,-1589.95166015625,-1656.504638671875,-1483.8341064453125,-1836.204833984375,-1604.602294921875,-1495.9764404296875,-1450.4849853515625,-1450.7620849609375,-1373.581787109375,-1124.8206787109375,-1251.22509765625,-1251.4249267578125,-1248.15283203125,-915.0399169921875,-953.443603515625,-833.925537109375,-650.553955078125,-660.79736328125,-453.385009765625,-556.08544921875,-566.5615234375,-575.1624755859375,-620.5430908203125,-423.3787841796875,-441.83953857421875,-603.970947265625,-424.83526611328125,-426.02728271484375,-548.2109375,-527.445556640625,-370.922607421875,-296.040771484375,-330.12384033203125,-388.0670166015625,-425.558837890625,-166.81646728515625,-80.7469482421875,2.38818359375
"S245",286.53265380859375,281.33436584472656,265.3087615966797,299.1999053955078,308.30992126464844,302.1316375732422,314.04454040527344,346.3078918457031,356.00953674316406,327.7370300292969,351.7232971191406,353.22520446777344,346.64801025390625,362.3135070800781,344.54345703125,356.8971252441406,363.5911102294922,349.4837646484375,346.1800994873047,363.68605041503906,359.99559020996094,361.5548858642578,363.01031494140625,355.7466735839844,348.8238525390625,361.3201446533203,360.49354553222656,353.1421813964844,354.6833801269531,356.3180694580078,355.3731384277344,353.5345916748047,351.4662170410156,342.55877685546875,346.51593017578125,343.5951232910156,340.3515319824219,336.82225036621094,333.01365661621094,328.96083068847656,324.53173828125,319.86326599121094,314.98193359375,309.85540771484375,292.00315856933594,180.9788818359375,237.12591552734375,129.26187133789062,-47.4407958984375,36.755828857421875,-80.9539794921875,-118.90753173828125,-216.3487548828125,-244.55621337890625,-632.28759765625,-879.9947509765625,-415.39044189453125,-540.195556640625,-561.1405029296875,-642.359619140625,-630.6483154296875,-613.836181640625,-640.733642578125,-664.55419921875,-667.449951171875,-946.8897705078125,-750.3304443359375,-976.8082275390625,-693.597900390625,-657.85498046875,-751.7430419921875,-782.450927734375,-941.1141357421875,-933.3662109375,-880.3797607421875,-762.468505859375,-773.296630859375,-670.862060546875,-901.8936767578125,-988.52001953125,-780.1256103515625,-836.4149169921875,-817.9476318359375,-810.737060546875,-907.2493896484375,-1041.7982177734375,-982.148681640625,-945.6483154296875,-729.3232421875,-803.033935546875,-737.1407470703125,-714.990478515625,-845.9610595703125,-1033.6697998046875,-862.4051513671875,-785.0400390625,-975.9940185546875,-749.601318359375,-607.212158203125,-880.0888671875,-632.434814453125,-583.860107421875,-611.10498046875,-556.3316650390625,-585.36279296875,-450.90411376953125,-387.66748046875,-378.18133544921875,-817.5018310546875,-570.0599365234375,-1067.3280029296875,-887.6275634765625,-370.41754150390625,-744.65966796875,-455.50103759765625,-360.9295654296875,-291.0718994140625,-304.6903076171875,-207.63800048828125,-60.02239990234375,-73.90484619140625,40.745849609375,-153.39434814453125,-14.9005126953125,43.125762939453125,28.096893310546875,117.29763793945312,124.56414794921875,80.16452026367188,132.6112060546875,117.04388427734375,99.78289794921875,59.183746337890625,95.060302734375,131.29730224609375,158.42819213867188,154.34695434570312,158.65322875976562,100.79583740234375,7.897369384765625,165.92205810546875
"S246",334.7445831298828,338.09381103515625,341.29383850097656,344.3173370361328,347.07537841796875,349.7271423339844,352.02427673339844,354.2043914794922,356.00953674316406,357.6004638671875,359.0450897216797,360.28448486328125,361.3928680419922,362.3135070800781,362.8476867675781,363.2753601074219,363.5911102294922,363.73704528808594,363.78443908691406,363.68605041503906,363.58042907714844,363.31756591796875,363.01031494140625,362.55714416503906,362.04364013671875,361.3201446533203,360.49354553222656,359.53160095214844,358.3585510253906,357.00355529785156,355.3731384277344,353.5345916748047,351.4662170410156,349.15293884277344,346.51593017578125,343.5951232910156,340.3515319824219,336.82225036621094,333.01365661621094,328.96083068847656,324.53173828125,319.86326599121094,314.99493408203125,309.85540771484375,304.40489196777344,298.78399658203125,293.0421600341797,287.0525817871094,281.15480041503906,274.9488830566406,268.5127868652344,261.9858856201172,255.19557189941406,248.0838165283203,171.43075561523438,160.36962890625,215.37606811523438,213.88442993164062,197.62887573242188,162.27297973632812,164.02755737304688,145.0433349609375,173.76016235351562,150.15969848632812,153.81283569335938,100.47979736328125,112.5389404296875,85.1513671875,110.42825317382812,99.24969482421875,61.298736572265625,76.20407104492188,64.85391235351562,53.92169189453125,43.3087158203125,32.613250732421875,22.078521728515625,11.88677978515625,2.2083740234375,-7.217681884765625,-16.25616455078125,-24.87347412109375,-33.17449951171875,-41.0982666015625,-48.052490234375,-54.57061767578125,-60.9443359375,-66.53094482421875,-71.7100830078125,-76.091552734375,-80.13885498046875,-83.337890625,-85.78466796875,-87.521484375,-88.42620849609375,-88.5157470703125,-87.657958984375,-86.11712646484375,-83.340576171875,-79.62335205078125,-75.30877685546875,-70.34832763671875,-64.37255859375,-57.801513671875,-50.30792236328125,-42.48504638671875,-34.361572265625,-25.80401611328125,-16.97296142578125,-7.540069580078125,2.449188232421875,12.590179443359375,23.01177978515625,33.719940185546875,44.373138427734375,55.661773681640625,66.97918701171875,78.4317626953125,90.01260375976562,101.83438110351562,113.84649658203125,125.9522705078125,138.15032958984375,150.0343017578125,161.51171875,173.32723999023438,184.86245727539062,195.81085205078125,206.42904663085938,216.82125854492188,226.4881591796875,235.977294921875,245.01577758789062,253.55421447753906,261.6302490234375,269.3666534423828,276.75697326660156,283.6120147705078,289.9921569824219,295.9728240966797,301.7718048095703
"S247",334.7445831298828,338.09381103515625,341.29383850097656,344.3173370361328,347.07537841796875,349.7271423339844,352.02427673339844,354.2043914794922,356.00953674316406,357.6004638671875,359.0450897216797,360.28448486328125,361.3928680419922,362.3135070800781,362.8476867675781,363.2753601074219,363.5911102294922,363.73704528808594,363.78443908691406,363.68605041503906,363.58042907714844,363.31756591796875,363.01031494140625,362.55714416503906,362.04364013671875,361.3201446533203,360.49354553222656,359.53160095214844,358.3585510253906,357.00355529785156,355.3731384277344,353.5345916748047,351.4662170410156,349.15293884277344,346.51593017578125,343.5951232910156,340.3515319824219,336.82225036621094,333.01365661621094,328.96083068847656,324.53173828125,319.86326599121094,314.99493408203125,309.85540771484375,304.40489196777344,298.78399658203125,293.0421600341797,287.0525817871094,281.15480041503906,274.9488830566406,268.5127868652344,261.9858856201172,255.19557189941406,248.09861755371094,241.00662231445312,233.7257080078125,225.92953491210938,217.69259643554688,209.0322265625,200.51815795898438,192.25277709960938,183.21731567382812,173.76016235351562,163.8968505859375,153.86181640625,143.44268798828125,132.70602416992188,121.74188232421875,110.42825317382812,99.24969482421875,87.73236083984375,76.20407104492188,64.85391235351562,53.92169189453125,43.3087158203125,32.613250732421875,22.078521728515625,11.88677978515625,2.2083740234375,-7.217681884765625,-16.25616455078125,-24.87347412109375,-33.17449951171875,-41.0982666015625,-48.052490234375,-54.57061767578125,-60.9443359375,-66.53094482421875,-71.7100830078125,-76.091552734375,-80.13885498046875,-83.337890625,-85.78466796875,-87.521484375,-88.42620849609375,-88.5157470703125,-87.657958984375,-86.11712646484375,-83.340576171875,-79.62335205078125,-75.30877685546875,-70.34832763671875,-64.37255859375,-57.801513671875,-50.30792236328125,-42.48504638671875,-34.361572265625,-25.80401611328125,-16.97296142578125,-7.540069580078125,2.449188232421875,12.590179443359375,23.01177978515625,33.719940185546875,44.373138427734375,55.661773681640625,66.97918701171875,78.4317626953125,90.01260375976562,101.83438110351562,113.84649658203125,125.9522705078125,138.15032958984375,150.0343017578125,161.51171875,173.32723999023438,184.86245727539062,195.81085205078125,206.42904663085938,216.82125854492188,226.4881591796875,235.977294921875,245.01577758789062,253.55421447753906,261.6302490234375,269.3666534423828,276.75697326660156,283.6120147705078,289.9921569824219,295.9728240966797,301.7718048095703
"S248",410.79368591308594,407.00281524658203,434.30248260498047,436.23402404785156,421.9156188964844,431.0895080566406,441.5687675476074,435.1164245605469,444.1170959472656,444.26076889038086,434.49010467529297,442.2798309326172,442.1802558898926,436.9339485168457,443.5171203613281,445.88260650634766,442.9271545410156,443.171443939209,446.1824417114258,443.18768310546875,447.7931900024414,440.01466369628906,443.2646789550781,447.53880310058594,444.00161361694336,429.1545181274414,437.97140884399414,446.04389572143555,446.22122955322266,445.7802543640137,445.2357063293457,444.6188163757324,437.5052299499512,442.150203704834,440.27571868896484,440.34672927856445,438.723388671875,437.2075424194336,432.42958068847656,433.9796600341797,425.7507095336914,419.79972076416016,396.2204284667969,393.81085205078125,390.56868743896484,377.7184066772461,366.3323974609375,363.00733947753906,346.39207458496094,327.6546173095703,333.84617614746094,305.79563903808594,322.8401794433594,297.3035430908203,298.9861755371094,310.70399475097656,250.55868530273438,291.900634765625,300.36155700683594,282.8198547363281,268.2813415527344,277.7195281982422,308.1170959472656,301.69737243652344,290.13751220703125,313.8383026123047,289.8146057128906,304.0614013671875,294.65504455566406,288.8096618652344,272.6526794433594,284.9847717285156,287.8079376220703,295.16839599609375,287.1291046142578,285.32366943359375,292.48541259765625,304.56797790527344,289.29502868652344,303.86309814453125,286.8728332519531,290.5556182861328,297.1077575683594,289.34483337402344,294.7096252441406,279.4741516113281,289.5602264404297,287.3093566894531,285.2010192871094,246.09510803222656,281.6608581542969,280.2355499267578,279.0885772705078,237.21322631835938,277.62318420410156,277.32200622558594,268.2097473144531,143.00045776367188,247.09628295898438,276.53016662597656,245.55906677246094,231.78131103515625,213.072509765625,247.26905822753906,231.966796875,271.5552978515625,281.4729766845703,263.4562530517578,248.39227294921875,211.31625366210938,227.25711059570312,260.2273254394531,286.1031036376953,260.2272644042969,253.54159545898438,281.61842346191406,301.553466796875,324.85704040527344,303.41758728027344,327.31239318847656,340.54432678222656,326.4337921142578,358.2882843017578,339.2235412597656,341.10667419433594,358.4584197998047,353.05458068847656,337.82887268066406,338.6718444824219,362.8506774902344,331.25331115722656,367.3158721923828,378.0667266845703,367.20526123046875,359.84906005859375,346.34642028808594,360.6571960449219,388.834716796875,380.33909606933594,342.3399353027344,388.88685607910156
"S249",63.06695556640625,-32.54156494140625,136.62774658203125,141.55389404296875,164.64080810546875,182.32537841796875,183.88851928710938,169.7225341796875,162.79855346679688,163.49203491210938,190.40951538085938,172.31057739257812,190.34429931640625,220.08807373046875,211.17205810546875,230.86309814453125,243.64471435546875,241.51666259765625,251.4143524169922,245.04437255859375,233.69082641601562,250.9078369140625,271.17332458496094,266.79627990722656,279.4130859375,280.90557861328125,273.2281799316406,282.59437561035156,304.5426025390625,295.0010223388672,287.9205017089844,299.1695098876953,285.34242248535156,287.47491455078125,294.67604064941406,279.00950622558594,262.93011474609375,257.00286865234375,257.71116638183594,227.89010620117188,225.722900390625,218.76947021484375,133.87210083007812,89.20501708984375,-5.240570068359375,-35.86102294921875,-56.37139892578125,-65.75787353515625,-47.01934814453125,-62.2034912109375,-40.7515869140625,-70.42578125,-108.83624267578125,-167.2183837890625,-144.71337890625,-139.2158203125,-246.0494384765625,-161.28314208984375,-175.6666259765625,-131.56341552734375,-186.1551513671875,-212.80377197265625,-132.24407958984375,-111.6566162109375,-101.444091796875,-89.96722412109375,-497.86810302734375,-105.07415771484375,-119.40679931640625,-266.1849365234375,-123.16729736328125,-102.47833251953125,-176.12261962890625,-61.77606201171875,-147.6409912109375,-261.905517578125,-97.57879638671875,-175.27532958984375,-179.36328125,-123.07415771484375,-147.0052490234375,-220.577880859375,-212.3310546875,-386.7275390625,-195.52001953125,-249.5045166015625,-139.939697265625,-70.2933349609375,-46.0899658203125,-186.9642333984375,-337.9923095703125,-156.183349609375,-241.7459716796875,-155.63726806640625,-108.11676025390625,-92.53167724609375,-158.27166748046875,-168.1563720703125,-109.25946044921875,-117.7215576171875,-189.99285888671875,-152.451416015625,-175.98797607421875,-102.5960693359375,-99.08026123046875,-184.71990966796875,-209.47039794921875,-101.7574462890625,-172.88275146484375,-226.7227783203125,-136.333740234375,-346.4295654296875,-119.514892578125,-110.3883056640625,-190.1092529296875,-157.01953125,-65.8084716796875,-138.6927490234375,-103.18475341796875,-89.92388916015625,-57.5394287109375,-84.9381103515625,-48.53076171875,-165.09490966796875,-98.841552734375,-170.84228515625,-185.40716552734375,-380.6756591796875,-212.92333984375,-269.76654052734375,-90.7095947265625,-199.49700927734375,-108.3065185546875,-153.1724853515625,-238.64007568359375,-183.499755859375,-214.9237060546875,-111.378173828125,-146.17083740234375,-124.2213134765625,-24.2894287109375
"S250",Infinity,Infinity,Infinity,Infinity,Infinity,Infinity,Infinity,Infinity,Infinity,Infinity,Infinity,Infinity,Infinity,Infinity,Infinity,Infinity,Infinity,Infinity,Infinity,Infinity,Infinity,Infinity,Infinity,Infinity,Infinity,Infinity,Infinity,Infinity,Infinity,Infinity,Infinity,Infinity,Infinity,Infinity,Infinity,Infinity,Infinity,Infinity,Infinity,Infinity,Infinity,Infinity,Infinity,Infinity,Infinity,Infinity,Infinity,Infinity,Infinity,Infinity,Infinity,Infinity,Infinity,Infinity,Infinity,Infinity,Infinity,Infinity,Infinity,Infinity,Infinity,Infinity,Infinity,Infinity,Infinity,Infinity,Infinity,Infinity,Infinity,Infinity,Infinity,Infinity,Infinity,Infinity,Infinity,Infinity,Infinity,Infinity,Infinity,Infinity,Infinity,Infinity,Infinity,Infinity,Infinity,Infinity,Infinity,Infinity,Infinity,Infinity,Infinity,Infinity,Infinity,Infinity,Infinity,Infinity,Infinity,Infinity,Infinity,Infinity,Infinity,Infinity,Infinity,Infinity,Infinity,Infinity,Infinity,Infinity,Infinity,Infinity,Infinity,Infinity,Infinity,Infinity,Infinity,Infinity,Infinity,Infinity,Infinity,Infinity,Infinity,Infinity,Infinity,Infinity,Infinity,Infinity,Infinity,Infinity,Infinity,Infinity,Infinity,Infinity,Infinity,Infinity,Infinity,Infinity,Infinity,Infinity,Infinity,Infinity,Infinity
"S251",24.96087646484375,86.45657348632812,109.8868408203125,122.54058837890625,63.70166015625,132.54879760742188,160.63677978515625,189.99417114257812,190.22793579101562,126.9478759765625,193.92529296875,192.96145629882812,170.13192749023438,174.06707763671875,159.39334106445312,172.38272094726562,199.36026000976562,155.47195434570312,172.64266967773438,182.99209594726562,164.42864990234375,183.22219848632812,185.40255737304688,167.46142578125,189.39328002929688,174.03466796875,245.97958374023438,220.67840576171875,237.52310180664062,241.651123046875,233.93692016601562,230.31491088867188,248.97607421875,241.38623046875,225.36770629882812,210.59701538085938,201.220458984375,216.81948852539062,217.97967529296875,175.13613891601562,164.57144165039062,148.2919921875,136.691162109375,64.354248046875,100.241943359375,91.95321655273438,47.58770751953125,-24.54473876953125,-35.707763671875,-98.1793212890625,-174.7962646484375,-266.29730224609375,-139.51959228515625,-252.62103271484375,-239.40496826171875,-145.76409912109375,-150.7962646484375,-123.08209228515625,-192.22613525390625,-177.95281982421875,-258.451416015625,-229.849853515625,-158.4935302734375,-354.9140625,-292.30352783203125,-244.19757080078125,-308.92718505859375,-284.77618408203125,-319.1025390625,-267.7265625,-236.86578369140625,-240.78955078125,-160.31195068359375,-267.877685546875,-235.735107421875,-226.5665283203125,-252.24407958984375,-282.4326171875,-305.51580810546875,-304.19427490234375,-223.2923583984375,-388.86920166015625,-404.7567138671875,-296.3387451171875,-191.4033203125,-271.63482666015625,-253.64874267578125,-197.1258544921875,-252.6322021484375,-146.352783203125,-181.8533935546875,-254.108154296875,-255.69287109375,-328.067138671875,-412.55426025390625,-290.53240966796875,-196.92724609375,-94.38751220703125,-147.6256103515625,-181.59527587890625,-182.84649658203125,-244.81427001953125,-186.71551513671875,-116.72991943359375,-108.4949951171875,-77.26312255859375,-128.10467529296875,-124.13177490234375,-145.785400390625,-138.3265380859375,-113.9857177734375,-116.494140625,-177.44195556640625,-100.0975341796875,-137.67144775390625,-172.5950927734375,-134.68621826171875,-207.78619384765625,-191.677001953125,-112.71826171875,-168.29913330078125,-232.680908203125,-112.300048828125,-88.567138671875,-125.58880615234375,-41.26751708984375,-137.05438232421875,-127.73187255859375,-180.54931640625,-242.505615234375,-128.71868896484375,-199.21337890625,-277.91510009765625,-99.74237060546875,-56.2601318359375,-92.25762939453125,-4.458587646484375,-52.3486328125,-113.392578125,6.2236328125,-7.28955078125
"S252",242.87442016601562,275.17823791503906,286.30596923828125,297.6201934814453,326.5011749267578,296.18885803222656,310.74134826660156,325.16844177246094,340.03428649902344,328.07640075683594,344.8739471435547,344.90760803222656,343.3482666015625,339.5047149658203,348.42320251464844,361.0819091796875,363.436767578125,352.8006134033203,362.69970703125,360.11041259765625,364.55845642089844,356.6244201660156,374.3435592651367,362.6723937988281,374.6529006958008,377.7186584472656,366.63734436035156,376.13826751708984,363.95794677734375,362.3745422363281,372.46885681152344,370.8466796875,351.66136169433594,356.71112060546875,343.50816345214844,326.8690490722656,358.63514709472656,325.20372009277344,341.00160217285156,334.56394958496094,341.7359619140625,324.73829650878906,324.04185485839844,274.1877746582031,248.49981689453125,267.2071228027344,249.1485595703125,193.36691284179688,211.68240356445312,228.6158447265625,181.11788940429688,188.90911865234375,230.31118774414062,179.86456298828125,165.47512817382812,132.23739624023438,183.50924682617188,165.89556884765625,143.3055419921875,137.52993774414062,112.31903076171875,89.376953125,162.95675659179688,81.85079956054688,119.04696655273438,62.42706298828125,90.03366088867188,75.8653564453125,98.12045288085938,117.40408325195312,81.48861694335938,51.02301025390625,9.891693115234375,91.22830200195312,9.6925048828125,31.01214599609375,78.99282836914062,70.02645874023438,60.44403076171875,41.18408203125,4.446197509765625,37.70550537109375,30.427154541015625,23.419097900390625,17.295135498046875,11.57379150390625,5.948272705078125,1.064453125,-3.461700439453125,-7.307586669921875,-10.848785400390625,-13.66339111328125,-15.82098388671875,-17.321533203125,-18.0860595703125,-18.16241455078125,-219.6497802734375,-16.02716064453125,-13.5711669921875,-10.2735595703125,-6.490081787109375,-2.123565673828125,3.162872314453125,4.493988037109375,-28.20318603515625,-38.73333740234375,6.6705322265625,-14.2801513671875,27.936676025390625,-19.4488525390625,32.40838623046875,-5.21417236328125,24.8409423828125,27.309051513671875,0.53955078125,83.60400390625,70.88787841796875,94.818115234375,68.82586669921875,131.8428955078125,154.23086547851562,146.68417358398438,66.55010986328125,171.888916015625,125.42874145507812,134.91229248046875,209.53933715820312,182.29989624023438,207.89132690429688,171.01870727539062,56.80633544921875,189.27017211914062,182.11529541015625,180.88458251953125,176.00286865234375,192.82882690429688,154.61016845703125,206.68621826171875,225.96148681640625,181.15420532226562,178.49908447265625
"S253",20.101654052734375,96.04129028320312,82.57427978515625,149.1182861328125,161.191650390625,101.39520263671875,157.48501586914062,161.72604370117188,223.55520629882812,183.5877685546875,208.23651123046875,182.73434448242188,169.87374877929688,202.812744140625,219.28369140625,220.65731811523438,203.94866943359375,223.8199462890625,215.89321899414062,211.41265869140625,228.0777587890625,223.67352294921875,219.46942138671875,257.0738220214844,237.60498046875,254.3148956298828,258.82325744628906,265.03515625,253.70082092285156,267.1502227783203,270.77894592285156,250.36883544921875,271.9888000488281,277.8591003417969,254.28858947753906,32.425262451171875,162.05841064453125,240.90988159179688,274.96229553222656,253.5716094970703,228.34222412109375,212.98526000976562,207.49728393554688,102.76296997070312,-13.53497314453125,79.13406372070312,5.944793701171875,-53.6265869140625,-25.0379638671875,3.795684814453125,-78.384033203125,-102.58428955078125,-54.9769287109375,-131.17718505859375,-163.52386474609375,-270.82281494140625,-127.001708984375,-171.95404052734375,-313.4052734375,-257.015380859375,-221.8389892578125,-256.05841064453125,-290.13848876953125,-266.35174560546875,-358.5426025390625,-476.556396484375,-260.475830078125,-361.18865966796875,-259.408447265625,-297.5313720703125,-313.3961181640625,-340.16644287109375,-358.0013427734375,-249.20477294921875,-291.8997802734375,-366.01446533203125,-247.12939453125,-298.78839111328125,-354.424560546875,-331.05072021484375,-327.9359130859375,-359.65032958984375,-463.538818359375,-335.94482421875,-383.71240234375,-305.6558837890625,-734.8756103515625,-569.2701416015625,-651.8319091796875,-299.8203125,-458.12335205078125,-343.4559326171875,-394.460693359375,-340.4085693359375,-360.057373046875,-534.598876953125,-343.572998046875,-459.80859375,-335.7542724609375,-285.32196044921875,-340.7501220703125,-391.17333984375,-316.8251953125,-338.09210205078125,-445.47613525390625,-423.47503662109375,-592.85009765625,-419.424560546875,-413.42584228515625,-435.788330078125,-270.45025634765625,-356.30694580078125,-310.95733642578125,-471.0140380859375,-574.1605224609375,-215.14373779296875,-183.780029296875,-173.2218017578125,-228.18524169921875,-267.9683837890625,-167.56622314453125,-111.07080078125,-107.31939697265625,-281.26702880859375,-230.96087646484375,-113.5443115234375,-134.3541259765625,-309.88873291015625,-173.1380615234375,-78.1641845703125,-93.35345458984375,-61.02337646484375,-308.77496337890625,-176.88690185546875,-13.09423828125,-91.26263427734375,-37.19964599609375,-62.96868896484375,-12.6522216796875,-267.84088134765625,-119.528564453125
"S254",-241.16705322265625,-47.20513916015625,-22.9832763671875,48.435333251953125,76.86077880859375,59.89471435546875,-194.5,40.9632568359375,75.41482543945312,59.541534423828125,145.60977172851562,87.80792236328125,41.01788330078125,102.31466674804688,80.29208374023438,116.36181640625,142.08648681640625,124.74551391601562,141.8182373046875,149.19036865234375,157.62149047851562,149.34136962890625,173.41094970703125,153.11105346679688,169.79153442382812,160.69729614257812,189.51937866210938,161.54693603515625,213.78988647460938,201.06524658203125,196.37841796875,207.60568237304688,186.3104248046875,195.52838134765625,199.40768432617188,73.45306396484375,116.59201049804688,185.13784790039062,175.59249877929688,88.37481689453125,142.79568481445312,78.4246826171875,83.21429443359375,57.9090576171875,-205.6707763671875,-47.3375244140625,-82.18511962890625,-188.81536865234375,-322.3603515625,-126.9892578125,-190.45477294921875,-269.39739990234375,-194.4178466796875,-348.3267822265625,-355.34417724609375,-351.367919921875,-325.860595703125,-316.27557373046875,-453.40106201171875,-347.68084716796875,-633.460693359375,-379.917236328125,-487.93792724609375,-437.55377197265625,-453.5284423828125,-514.290283203125,-369.6712646484375,-427.019287109375,-404.51434326171875,-423.75616455078125,-464.58935546875,-551.5064697265625,-421.29339599609375,-334.4224853515625,-400.6732177734375,-427.9295654296875,-385.85797119140625,-388.64959716796875,-458.8104248046875,-393.95916748046875,-416.520263671875,-473.3916015625,-462.55426025390625,-456.6922607421875,-527.2802734375,-424.4615478515625,-882.96044921875,-675.75537109375,-799.7060546875,-455.205078125,-531.9908447265625,-429.88641357421875,-466.6358642578125,-503.21282958984375,-459.177734375,-709.626953125,-675.1611328125,-485.80706787109375,-451.7120361328125,-364.5142822265625,-722.7103271484375,-452.3131103515625,-437.75714111328125,-517.3713989257812,-566.0440673828125,-540.7064208984375,-655.196044921875,-745.28857421875,-750.2454833984375,-577.71337890625,-477.96441650390625,-673.1094970703125,-505.90191650390625,-556.8702392578125,-575.865234375,-372.91595458984375,-274.6744384765625,-261.93218994140625,-302.9183349609375,-317.40191650390625,-345.44915771484375,-460.59588623046875,-162.07733154296875,-389.06182861328125,-348.16400146484375,-351.49053955078125,-167.23028564453125,-292.35931396484375,-190.52276611328125,-173.94415283203125,-177.859130859375,-126.841796875,-264.0169677734375,-178.29071044921875,-104.1033935546875,-143.983154296875,-33.29437255859375,-135.478271484375,-79.080078125,-231.56561279296875,-96.09844970703125
"S255",184.94964599609375,242.412109375,230.56976318359375,267.6035461425781,292.4202117919922,296.6894836425781,194.2923583984375,290.1494903564453,289.9588928222656,295.3271484375,327.8949279785156,290.99085998535156,290.5872039794922,303.48248291015625,297.2274169921875,320.86158752441406,326.748779296875,321.6605529785156,333.5747985839844,331.39576721191406,332.0664520263672,337.947509765625,333.94639587402344,306.9895782470703,334.31446838378906,328.47625732421875,343.3217010498047,324.21095275878906,353.060791015625,341.46087646484375,339.4453125,354.154541015625,330.9096221923828,338.7679748535156,346.7900390625,347.79676818847656,310.4127655029297,329.9632568359375,303.52842712402344,290.7622528076172,312.3685607910156,264.1884307861328,275.32366943359375,273.2624816894531,162.63623046875,193.90512084960938,207.4581298828125,125.816650390625,72.6314697265625,157.71969604492188,99.1148681640625,63.038482666015625,59.621551513671875,18.981292724609375,-13.37701416015625,59.31787109375,27.10870361328125,57.527069091796875,-14.5472412109375,7.652862548828125,-136.44415283203125,-20.22320556640625,-68.37750244140625,-28.0184326171875,13.03948974609375,-17.3228759765625,2.01507568359375,30.9913330078125,-9.6746826171875,12.461822509765625,-50.96209716796875,-43.287353515625,-139.82489013671875,19.179901123046875,-29.88482666015625,-8.2230224609375,-11.84161376953125,-16.57318115234375,-28.68505859375,4.551361083984375,-37.408203125,-44.12237548828125,14.403594970703125,-57.4495849609375,-56.90875244140625,-9.254669189453125,-131.9483642578125,-78.725830078125,-54.95050048828125,-76.10809326171875,-33.44927978515625,-22.6571044921875,-59.2760009765625,-76.24981689453125,-83.051513671875,-74.4134521484375,-130.62298583984375,-32.56988525390625,-42.966064453125,-2.46014404296875,-147.12591552734375,-30.2413330078125,-39.3409423828125,-75.67730712890625,-86.2774658203125,-70.3018798828125,-70.73583984375,-146.48321533203125,-148.3829345703125,-45.177001953125,-27.13604736328125,-89.66748046875,-12.5965576171875,40.975128173828125,47.90130615234375,69.78564453125,111.78900146484375,85.58401489257812,75.46694946289062,123.015380859375,80.64205932617188,38.96893310546875,173.76873779296875,82.576904296875,113.16119384765625,65.22540283203125,153.8699951171875,95.64389038085938,128.20303344726562,142.80477905273438,84.6689453125,177.849365234375,148.70346069335938,165.64822387695312,94.34478759765625,102.9415283203125,144.0489501953125,124.48394775390625,126.99261474609375,147.53302001953125,197.68170166015625
"S256",101.5260009765625,153.146728515625,48.366058349609375,135.00924682617188,208.359130859375,167.64669799804688,146.97772216796875,227.286376953125,190.70327758789062,212.9482421875,241.99298095703125,212.69146728515625,218.57806396484375,204.83782958984375,149.47848510742188,235.260498046875,196.51663208007812,186.47384643554688,224.25759887695312,232.49508666992188,244.49058532714844,255.63076782226562,239.24237060546875,243.12948608398438,273.2640075683594,254.04922485351562,255.8996124267578,275.1156921386719,265.5823974609375,251.76097106933594,272.00909423828125,246.61195373535156,243.09756469726562,282.9317626953125,267.91969299316406,240.42898559570312,252.1802978515625,232.21038818359375,204.13742065429688,244.80242919921875,185.71157836914062,183.81369018554688,169.296630859375,129.546630859375,106.74200439453125,33.078948974609375,-2.885406494140625,-160.29931640625,-310.249755859375,-89.42626953125,-172.507568359375,-176.5372314453125,-223.43975830078125,-544.6256103515625,-421.35357666015625,-439.86968994140625,-339.84515380859375,-558.1763916015625,-626.8359375,-578.5997314453125,-658.254150390625,-692.17919921875,-515.3126831054688,-671.267578125,-673.3621826171875,-685.62158203125,-541.6846923828125,-431.447509765625,-463.7236328125,-624.3941650390625,-674.49755859375,-696.4429931640625,-590.762451171875,-574.0802001953125,-621.2847900390625,-668.8194580078125,-813.46630859375,-702.0010986328125,-649.415283203125,-869.54345703125,-684.1292724609375,-633.9368896484375,-757.0526123046875,-749.621826171875,-702.997802734375,-697.527099609375,-672.21435546875,-553.1097412109375,-632.98046875,-606.67431640625,-585.8203125,-589.9620361328125,-720.509033203125,-615.83251953125,-681.359619140625,-582.5845947265625,-538.1763916015625,-634.58203125,-536.3406982421875,-745.6966552734375,-610.2841796875,-691.1278076171875,-713.12646484375,-600.083740234375,-564.749267578125,-629.5316162109375,-668.5,-774.64599609375,-595.3502197265625,-492.81146240234375,-626.45849609375,-515.824462890625,-535.31103515625,-574.755615234375,-658.178955078125,-411.21630859375,-499.93585205078125,-800.21240234375,-351.3367919921875,-279.2779541015625,-245.609130859375,-239.84722900390625,-205.1737060546875,-348.77215576171875,-219.62255859375,-365.4749755859375,-212.98236083984375,-315.06298828125,-240.4681396484375,-220.71343994140625,-142.52752685546875,-462.26129150390625,-167.47418212890625,-133.04266357421875,-43.87939453125,-55.9774169921875,14.441131591796875,-86.9661865234375,-159.67901611328125,-43.22698974609375,-90.789306640625
"S257",49.753936767578125,98.10687255859375,17.592041015625,40.773651123046875,98.60845947265625,74.458740234375,100.4190673828125,175.38421630859375,129.6392822265625,157.18798828125,196.94931030273438,159.3519287109375,188.18646240234375,190.45846557617188,125.47439575195312,195.12945556640625,190.43701171875,165.00946044921875,184.06341552734375,209.41262817382812,191.70928955078125,212.87722778320312,221.20782470703125,195.31448364257812,241.91195678710938,221.24853515625,206.72616577148438,240.08950805664062,245.07608032226562,204.72708129882812,233.80990600585938,220.69967651367188,206.21722412109375,240.56393432617188,243.08096313476562,198.36697387695312,199.9031982421875,194.1474609375,167.75143432617188,195.02862548828125,141.10797119140625,116.32754516601562,99.67333984375,71.0084228515625,-16.59466552734375,-141.05657958984375,-137.36181640625,-338.68109130859375,-459.39569091796875,-473.2076416015625,-592.3814697265625,-682.972412109375,-709.767822265625,-956.63720703125,-968.1829833984375,-956.0682373046875,-998.0146484375,-1115.6297607421875,-1121.1192626953125,-1088.497314453125,-1271.258056640625,-1163.4365234375,-1014.5792236328125,-1418.808349609375,-1309.426025390625,-1260.5826416015625,-1091.8089599609375,-1167.1981201171875,-1171.308349609375,-1220.3851318359375,-1265.4139404296875,-1179.9737548828125,-1061.61181640625,-1094.67333984375,-1243.6055908203125,-1308.3389892578125,-1336.1048583984375,-1318.6763916015625,-1320.577880859375,-1502.751708984375,-1287.25146484375,-1290.2481689453125,-1333.0289306640625,-1322.8382568359375,-1329.9737548828125,-1340.06396484375,-1338.0439453125,-1192.376708984375,-1224.885498046875,-1191.0498046875,-1234.2740478515625,-1217.37451171875,-1339.681396484375,-1196.6397705078125,-1254.703125,-1121.1212158203125,-1101.45263671875,-1157.205810546875,-1221.6409912109375,-1390.009765625,-1252.3446044921875,-1195.9874267578125,-1259.699462890625,-1147.070556640625,-1288.747802734375,-1209.958740234375,-1314.67724609375,-1368.571044921875,-1257.0787353515625,-1235.9375,-1207.961181640625,-1160.791015625,-1024.8677978515625,-1077.31396484375,-1046.6865234375,-899.6007080078125,-935.697021484375,-1045.106689453125,-642.5384521484375,-509.09649658203125,-558.655517578125,-498.5386962890625,-442.35870361328125,-498.3055419921875,-420.28515625,-547.4720458984375,-479.04351806640625,-429.34930419921875,-403.0343017578125,-282.275634765625,-278.44842529296875,-530.480712890625,-319.16107177734375,-264.33929443359375,-192.0665283203125,-145.322509765625,-102.70648193359375,-217.7906494140625,-285.11297607421875,-219.7657470703125,-260.4195556640625
"S258",65.76730346679688,137.2662353515625,77.11508178710938,7.53704833984375,43.540802001953125,50.753082275390625,139.78506469726562,192.5721435546875,157.54498291015625,163.4559326171875,208.23825073242188,164.02252197265625,216.12075805664062,241.559814453125,186.3880615234375,214.2872314453125,252.0172119140625,212.33981323242188,201.32785034179688,246.0686798095703,201.92822265625,237.00738525390625,257.4740905761719,197.50924682617188,246.65701293945312,230.83526611328125,211.14743041992188,253.07533264160156,266.35308837890625,205.790283203125,239.87384033203125,258.16033935546875,238.20916748046875,194.14981079101562,248.4295196533203,226.70394897460938,207.96804809570312,216.93984985351562,201.72232055664062,184.12173461914062,155.469482421875,128.74920654296875,93.83322143554688,103.98101806640625,-101.54364013671875,-220.53271484375,-134.59429931640625,-331.590576171875,-415.40728759765625,-763.2235107421875,-930.541015625,-1140.277587890625,-1179.1683349609375,-1152.4569091796875,-1319.501220703125,-1386.7635498046875,-1483.8692626953125,-1571.413818359375,-1436.0584716796875,-1481.8616943359375,-1816.347412109375,-1509.598388671875,-1370.05078125,-2110.66015625,-1865.671142578125,-1746.98583984375,-1542.822021484375,-1954.421142578125,-1816.47119140625,-1716.347412109375,-1751.667236328125,-1490.577880859375,-1500.7999267578125,-1566.837646484375,-1746.734375,-1883.4375,-1710.607177734375,-1827.23974609375,-1907.21337890625,-1930.17822265625,-1717.29052734375,-1780.44677734375,-1727.020263671875,-1641.04150390625,-1644.52734375,-1801.572021484375,-1842.677001953125,-1780.687744140625,-1662.440185546875,-1652.452880859375,-1814.706298828125,-1766.882080078125,-1786.12060546875,-1690.379638671875,-1684.88427734375,-1606.986572265625,-1586.59765625,-1558.55859375,-1726.023681640625,-1890.318359375,-1792.11767578125,-1519.7479248046875,-1668.76611328125,-1507.1343994140625,-1944.984130859375,-1672.185791015625,-1788.56298828125,-1808.34375,-1872.71533203125,-1958.30126953125,-1672.567138671875,-1729.87353515625,-1298.60986328125,-1357.8455810546875,-1148.50634765625,-1236.9515380859375,-1237.0528564453125,-962.0042724609375,-762.2554931640625,-597.47509765625,-672.2109375,-624.387939453125,-535.6351318359375,-400.87945556640625,-477.5894775390625,-511.10369873046875,-571.12060546875,-370.26849365234375,-374.36016845703125,-147.03131103515625,-246.06317138671875,-304.6763916015625,-305.975341796875,-261.7430419921875,-264.62225341796875,-124.1109619140625,-180.863525390625,-240.092041015625,-317.05810546875,-340.956787109375,-294.843505859375
"S259",233.32955932617188,176.47735595703125,254.56825256347656,247.93783569335938,221.55807495117188,252.16860961914062,293.6710510253906,277.51976013183594,290.3806610107422,284.1260223388672,271.88282775878906,289.3346252441406,300.7666320800781,275.7517852783203,286.8473663330078,301.3574523925781,296.5706481933594,301.7705383300781,308.68873596191406,296.628173828125,321.7752227783203,317.42173767089844,315.7559814453125,296.41151428222656,289.4767150878906,268.9745178222656,309.2486267089844,326.996826171875,305.3329162597656,275.4842224121094,323.93524169921875,302.63658142089844,313.4384765625,145.380126953125,262.41998291015625,302.8002166748047,289.97242736816406,274.24122619628906,285.1565704345703,266.1504211425781,246.72952270507812,274.77854919433594,256.98658752441406,235.60568237304688,195.87759399414062,197.50790405273438,117.5201416015625,72.42129516601562,-13.81390380859375,-98.30914306640625,-270.12298583984375,-292.2081298828125,-491.49224853515625,-513.322265625,-695.2806396484375,-747.843017578125,-850.6356201171875,-1056.4586181640625,-853.0577392578125,-842.1497802734375,-763.4520263671875,-809.8988037109375,-885.3095703125,-857.960693359375,-984.0662841796875,-939.8768310546875,-895.18603515625,-984.15087890625,-994.64404296875,-1068.8330078125,-953.127685546875,-923.31884765625,-1043.4407958984375,-1119.1884765625,-999.123046875,-1153.56201171875,-1113.8349609375,-1211.7003173828125,-1272.7581787109375,-1342.339599609375,-1071.8153076171875,-1371.6688232421875,-1369.28955078125,-1239.4208984375,-1211.955810546875,-1241.2481689453125,-1263.400634765625,-1113.9332275390625,-1195.3443603515625,-1075.6068115234375,-1031.7333984375,-1164.0140380859375,-1001.772705078125,-1012.8765869140625,-1056.29296875,-1019.341064453125,-1167.3245849609375,-989.01123046875,-911.47998046875,-983.9996337890625,-1028.4547119140625,-972.366455078125,-1107.2003173828125,-1015.3424072265625,-831.5570068359375,-912.407958984375,-885.5836181640625,-888.12060546875,-873.3409423828125,-881.861572265625,-970.6690673828125,-812.5233154296875,-647.0,-697.06591796875,-512.6292724609375,-511.14495849609375,-414.0174560546875,-319.7349853515625,-312.513916015625,-248.561279296875,-246.07208251953125,-226.59820556640625,-172.09210205078125,-165.413330078125,-39.98046875,-41.42510986328125,-34.595458984375,-148.40289306640625,-8.830322265625,52.938018798828125,62.29449462890625,17.144287109375,21.035980224609375,58.953155517578125,-145.63916015625,19.079833984375,57.72027587890625,55.10162353515625,90.57638549804688,83.50277709960938,85.86788940429688
"S260",173.07205200195312,-9.754302978515625,173.26223754882812,189.16293334960938,186.34268188476562,177.53680419921875,162.3660888671875,210.67013549804688,168.09469604492188,103.5684814453125,204.11639404296875,207.96810913085938,197.69552612304688,208.57876586914062,178.08355712890625,202.02197265625,193.17977905273438,235.23211669921875,253.30038452148438,224.6710205078125,249.87062072753906,239.06417846679688,243.84396362304688,245.78443908691406,245.44956970214844,267.1552734375,240.85626220703125,220.48123168945312,249.7679901123047,275.348388671875,245.74038696289062,245.7084197998047,253.69166564941406,237.63546752929688,251.9740753173828,241.10333251953125,246.6149139404297,229.95379638671875,227.88656616210938,206.2178955078125,195.33538818359375,212.54678344726562,163.25067138671875,140.0517578125,66.621337890625,83.15036010742188,-41.83990478515625,-36.8270263671875,-184.6907958984375,-371.62664794921875,-618.3824462890625,-738.605712890625,-916.8160400390625,-1037.9423828125,-1254.5386962890625,-1630.12353515625,-1656.25537109375,-2035.997802734375,-2051.505126953125,-1836.572265625,-1812.453857421875,-1911.601806640625,-1810.4794921875,-1913.635986328125,-2027.709228515625,-2195.96923828125,-2218.495849609375,-2297.10888671875,-2197.968994140625,-2190.619140625,-2125.90185546875,-2218.0029296875,-2145.490966796875,-2517.601806640625,-2326.08154296875,-2543.069580078125,-2462.3037109375,-2437.3466796875,-2549.5400390625,-2364.143310546875,-2565.3173828125,-2679.098876953125,-2713.1884765625,-2569.82275390625,-2809.07763671875,-2714.1142578125,-2515.0986328125,-2753.407470703125,-2972.731201171875,-2315.766845703125,-2256.03955078125,-2465.671630859375,-2527.907958984375,-2329.873046875,-2789.87109375,-2512.028564453125,-2582.016845703125,-2467.130615234375,-2330.894287109375,-2264.429443359375,-2390.388427734375,-2230.585205078125,-2588.302001953125,-2193.621826171875,-2317.23583984375,-2118.3076171875,-2273.262451171875,-2260.47509765625,-2178.10693359375,-1919.666748046875,-1965.309326171875,-1685.2705078125,-1761.30810546875,-1607.538330078125,-1382.994384765625,-1408.4674072265625,-1352.5523681640625,-1226.42578125,-1143.368408203125,-1069.7491455078125,-1274.024169921875,-1062.9801025390625,-1157.71240234375,-1103.2689208984375,-854.4339599609375,-593.36181640625,-751.4044189453125,-1019.10986328125,-977.0718994140625,-771.325927734375,-1597.916015625,-1082.1630859375,-503.6011962890625,-492.4970703125,-599.11474609375,-528.6201171875,-366.35894775390625,-430.58953857421875,-299.31982421875,-229.69989013671875,-117.31634521484375
"S261",163.76608276367188,242.306884765625,213.98208618164062,176.04379272460938,228.7611083984375,137.31790161132812,215.64645385742188,182.82098388671875,213.80877685546875,212.09967041015625,282.77264404296875,284.4139709472656,236.42086791992188,239.91403198242188,250.42617797851562,276.03126525878906,288.3706970214844,288.4194641113281,283.2753448486328,287.9924774169922,287.6601104736328,287.0845642089844,286.43360900878906,285.5376739501953,284.5360412597656,283.18565368652344,281.66217041015625,279.89683532714844,277.7798767089844,275.348388671875,272.47340393066406,269.24755859375,265.6349639892578,261.62156677246094,257.09246826171875,252.1109619140625,246.6149139404297,240.6759033203125,234.29800415039062,227.54849243164062,220.22515869140625,212.54678344726562,166.20565795898438,196.20602416992188,147.80929565429688,47.821563720703125,-75.70391845703125,-90.56243896484375,-368.1368408203125,-383.5023193359375,-586.384765625,-823.4808349609375,-1241.032958984375,-1907.191650390625,-2077.47265625,-2085.6435546875,-2487.91796875,-2289.385009765625,-2455.37744140625,-2484.848876953125,-3175.904296875,-2511.439453125,-2859.2646484375,-2898.532958984375,-3156.087158203125,-2807.985107421875,-3091.94189453125,-3072.186767578125,-3340.500732421875,-3244.825927734375,-3281.641357421875,-3032.28759765625,-3248.567138671875,-3569.10986328125,-3372.685791015625,-3202.79541015625,-3582.15869140625,-3879.27001953125,-4074.8388671875,-3928.15966796875,-3889.37744140625,-3872.52880859375,-3879.6865234375,-3616.45751953125,-3455.52783203125,-3493.607177734375,-3616.443359375,-3616.4736328125,-3568.674560546875,-3462.337158203125,-3381.787109375,-3427.46337890625,-3312.88818359375,-3457.750732421875,-3391.790771484375,-3466.50537109375,-3834.91748046875,-3620.30908203125,-3113.224365234375,-3307.45751953125,-3282.525146484375,-3562.314208984375,-3042.831298828125,-3292.34130859375,-2916.9892578125,-2865.60791015625,-3171.16455078125,-2646.65869140625,-2795.066650390625,-2655.1298828125,-2547.631103515625,-2392.80615234375,-2199.046142578125,-1959.650390625,-2435.88330078125,-2096.4453125,-1647.222412109375,-1836.48876953125,-1454.470703125,-1499.9136962890625,-1231.46240234375,-1252.5264892578125,-1108.2130126953125,-846.28955078125,-1015.9722900390625,-772.3896484375,-657.4178466796875,-478.23016357421875,-575.8983154296875,-449.609619140625,-518.5993041992188,-509.306884765625,-449.74420166015625,-627.474853515625,-367.77642822265625,-358.5311279296875,-349.36944580078125,-245.01953125,-293.856201171875,-246.2943115234375,-492.82537841796875
"S262",287.81549072265625,292.1853485107422,296.4513244628906,260.75201416015625,304.1632995605469,307.75128173828125,310.8954772949219,313.8429718017578,316.373779296875,318.6243591308594,320.6667175292969,322.44142150878906,324.076904296875,325.4171905517578,326.2735595703125,326.98512268066406,327.55364990234375,327.8562316894531,328.06727600097656,328.08294677734375,328.0625,327.85401916503906,327.5785217285156,327.15245056152344,326.634765625,325.88011169433594,324.970458984375,323.96461486816406,322.6815643310547,321.1973419189453,319.3809509277344,317.32373046875,315.02210998535156,312.4333801269531,309.42198181152344,306.0500793457031,302.30531311035156,298.22021484375,293.73460388183594,288.9930419921875,283.7622833251953,278.18316650390625,272.3875427246094,266.18333435058594,259.5758514404297,203.53665161132812,245.73167419433594,204.81036376953125,105.19863891601562,18.226043701171875,-89.2864990234375,-244.50579833984375,-287.04107666015625,-446.51971435546875,-708.5050048828125,-826.0303955078125,-711.990234375,-760.4764404296875,-776.658447265625,-903.1727294921875,-848.3670654296875,-1002.3992919921875,-1117.751708984375,-961.9462890625,-1268.197509765625,-1060.3756103515625,-1114.760498046875,-1178.7357177734375,-1185.1123046875,-1132.8062744140625,-1475.05322265625,-1356.621337890625,-1095.697021484375,-1216.22802734375,-1111.180908203125,-1082.430908203125,-1152.1695556640625,-1200.2412109375,-1120.6304931640625,-1213.5693359375,-1173.951416015625,-1058.818115234375,-1235.451904296875,-1196.8695068359375,-1164.2548828125,-1182.0430908203125,-1123.57275390625,-1133.031494140625,-1071.8363037109375,-1301.3895263671875,-1055.7236328125,-1294.636474609375,-1113.2685546875,-1180.62109375,-1142.699951171875,-1232.293212890625,-1251.3529052734375,-1193.63525390625,-1195.2989501953125,-1211.060791015625,-1281.9002685546875,-1143.8448486328125,-1019.682861328125,-1172.66748046875,-1053.2491455078125,-1019.9044189453125,-1144.51025390625,-1122.3134765625,-1190.114013671875,-924.5654296875,-879.90576171875,-704.5380859375,-608.26513671875,-714.9490966796875,-604.8140869140625,-457.74835205078125,-518.8018798828125,-375.0625,-521.6504516601562,-451.00860595703125,-357.12567138671875,-195.14776611328125,-196.2969970703125,-190.3245849609375,-364.9215087890625,-281.76593017578125,-7.375579833984375,-111.99615478515625,-88.33709716796875,-19.61029052734375,13.769866943359375,-101.2366943359375,-51.62481689453125,61.002349853515625,126.84194946289062,153.87640380859375,182.968505859375,184.71426391601562,220.59072875976562,211.23825073242188,242.71139526367188
"S263",242.3017578125,325.6116180419922,319.71922302246094,278.75352478027344,327.4401092529297,355.2946472167969,180.12838745117188,315.8631591796875,290.5992431640625,367.3730926513672,357.22865295410156,369.5583953857422,363.8232727050781,331.5804138183594,157.73468017578125,304.16932678222656,356.47003173828125,372.0356903076172,371.9877014160156,367.0376434326172,371.6097717285156,371.2685546875,368.89085388183594,370.3504333496094,369.7498474121094,361.6970977783203,368.0129852294922,366.95770263671875,365.6793212890625,364.2176208496094,362.4815368652344,355.2457580566406,358.3639221191406,355.9527282714844,353.2149200439453,350.1997528076172,346.88404846191406,338.97581481933594,339.4398651123047,335.3727264404297,315.6492004394531,326.3159637451172,321.51893615722656,296.7234649658203,298.35260009765625,275.3087463378906,179.009033203125,140.41427612304688,27.47406005859375,-132.18951416015625,-281.9285888671875,-322.90216064453125,-599.1661376953125,-575.69091796875,-640.5623779296875,-720.3397216796875,-793.024658203125,-1005.119140625,-1043.9364013671875,-1140.3658447265625,-1415.3017578125,-1325.292724609375,-1322.4873046875,-1444.2193603515625,-1630.919677734375,-1898.825927734375,-1692.234130859375,-1910.889404296875,-1718.6484375,-1625.84423828125,-1804.0458984375,-2102.845947265625,-1663.384521484375,-1891.86962890625,-1548.862060546875,-1863.500732421875,-1929.286376953125,-1772.115478515625,-1998.583251953125,-1672.439697265625,-1919.90771484375,-1956.51904296875,-1962.09765625,-1862.89501953125,-1939.826171875,-2068.209716796875,-2368.89599609375,-1840.966796875,-1977.5712890625,-2489.41357421875,-2072.087890625,-2025.566162109375,-2059.0712890625,-1913.0908203125,-1732.8154296875,-2187.756103515625,-1997.379638671875,-2166.69287109375,-1867.897216796875,-2245.5634765625,-1979.630126953125,-2149.81884765625,-2039.4072265625,-1959.3603515625,-1822.61865234375,-1833.907958984375,-1755.6240234375,-1505.574462890625,-1571.683837890625,-1337.0294189453125,-1200.06201171875,-1575.27294921875,-1194.6807861328125,-1174.721923828125,-1220.176025390625,-1503.282958984375,-1566.0751953125,-1046.75146484375,-1128.4869384765625,-978.4569091796875,-1021.0460205078125,-943.43505859375,-601.9910888671875,-319.93646240234375,-341.31854248046875,-301.72174072265625,-353.16650390625,-470.11614990234375,-662.326171875,-115.3792724609375,-170.44903564453125,-102.85980224609375,-29.485595703125,-28.42852783203125,108.49075317382812,85.54464721679688,114.23410034179688,92.46835327148438,139.74496459960938,193.56155395507812,195.9505615234375
"S264",265.9207458496094,246.0273895263672,304.28741455078125,320.9159393310547,313.4914093017578,321.443603515625,336.87030029296875,316.7527618408203,318.98973083496094,325.2094421386719,333.0376739501953,350.6867218017578,326.05970764160156,334.88414001464844,350.01625061035156,346.0525817871094,343.6855926513672,355.8999481201172,355.9104766845703,344.22947692871094,368.60882568359375,353.6206359863281,339.19195556640625,370.3504333496094,363.6648254394531,357.75006103515625,368.0129852294922,348.3486022949219,354.0259246826172,335.1903839111328,355.9164733886719,322.0692596435547,336.96824645996094,354.9185791015625,343.13392639160156,325.37428283691406,333.37831115722656,343.2998046875,210.822509765625,302.6153106689453,283.2572479248047,268.12611389160156,248.17031860351562,200.87527465820312,183.02874755859375,-493.38885498046875,39.6649169921875,64.64950561523438,-161.45867919921875,-56.5594482421875,-246.33453369140625,-371.66845703125,-562.51318359375,-686.819580078125,-820.8074951171875,-820.3167724609375,-943.4482421875,-924.9560546875,-1078.8387451171875,-1233.6944580078125,-1332.8604736328125,-1253.391845703125,-1273.3863525390625,-1393.759033203125,-1407.977783203125,-1669.1923828125,-1441.03515625,-1390.880615234375,-1550.708984375,-1493.28662109375,-1663.38671875,-1764.50048828125,-1746.461669921875,-1755.566162109375,-1617.135986328125,-1837.208984375,-1883.24755859375,-1760.00390625,-2077.596435546875,-1963.42041015625,-2060.47705078125,-2121.093994140625,-2016.2060546875,-1869.146240234375,-2046.213134765625,-2256.263671875,-2112.106201171875,-2282.397216796875,-2029.547607421875,-2492.306884765625,-2398.6591796875,-1900.447509765625,-2003.3232421875,-2157.626953125,-1941.236083984375,-1972.62109375,-2307.973876953125,-1931.923828125,-1796.475830078125,-2071.097412109375,-1903.546142578125,-2078.339111328125,-2219.76220703125,-2052.064697265625,-1795.458984375,-1724.19091796875,-1949.5048828125,-2036.166015625,-1761.96533203125,-1726.786865234375,-1451.7486572265625,-2111.4833984375,-1361.3707275390625,-1508.8670654296875,-1668.3857421875,-1692.51416015625,-1126.590087890625,-1084.2335205078125,-1019.1826171875,-893.0111083984375,-817.5203857421875,-844.2401123046875,-1018.38720703125,-920.8887939453125,-658.7867431640625,-617.032958984375,-598.0306396484375,-468.2796630859375,-418.12469482421875,-346.3414306640625,-498.3604736328125,-500.59173583984375,-416.57110595703125,-359.42303466796875,-246.48248291015625,-347.956298828125,-337.31610107421875,-564.6815185546875,-184.6473388671875,-30.76641845703125,41.870269775390625
"S265",150.21176147460938,114.47671508789062,177.6048583984375,197.22015380859375,167.70050048828125,184.20932006835938,200.87814331054688,169.54519653320312,211.3363037109375,210.72515869140625,205.16339111328125,208.93414306640625,219.45938110351562,228.84591674804688,230.33346557617188,227.21047973632812,228.647216796875,239.7684326171875,264.9425048828125,245.3975372314453,259.4225158691406,256.60009765625,255.20916748046875,281.35105895996094,272.3222961425781,269.4414367675781,292.44940185546875,268.2143096923828,270.7564392089844,284.64476013183594,276.35081481933594,264.326416015625,284.05116271972656,282.6296844482422,273.2118377685547,279.9060363769531,265.44671630859375,269.3064880371094,242.4334716796875,234.26641845703125,210.3709716796875,243.33340454101562,201.66397094726562,175.62875366210938,104.03271484375,66.62899780273438,74.95498657226562,-63.3056640625,-192.06488037109375,-173.5042724609375,-333.3487548828125,-420.28448486328125,-585.204345703125,-510.516357421875,-701.071044921875,-851.0765380859375,-941.2933349609375,-954.343505859375,-1001.757080078125,-1181.02099609375,-1126.87353515625,-1205.5426025390625,-1291.6361083984375,-1315.762451171875,-1326.0233154296875,-1438.9730224609375,-1333.640869140625,-1516.407958984375,-1443.0181884765625,-1364.155029296875,-1432.1376953125,-1505.0789794921875,-1759.339599609375,-1649.406005859375,-1519.102783203125,-1454.26708984375,-1692.726806640625,-1635.134521484375,-1733.39453125,-1506.748291015625,-1710.456298828125,-1728.901123046875,-1794.076904296875,-1841.9130859375,-1649.658447265625,-1744.770751953125,-1891.531005859375,-1641.349609375,-1523.931884765625,-1692.640625,-1687.768798828125,-1549.940673828125,-1504.0980224609375,-1496.987548828125,-1615.277587890625,-1531.1029052734375,-1718.457275390625,-1589.93408203125,-1518.2965087890625,-1550.836181640625,-1629.664794921875,-1536.545166015625,-1586.669189453125,-1474.611328125,-1590.30224609375,-1381.7891845703125,-1967.00244140625,-1470.804931640625,-1303.2894287109375,-1306.3948974609375,-1133.9757080078125,-1079.59326171875,-1008.841552734375,-1183.630615234375,-1244.76220703125,-1412.4686279296875,-861.4678955078125,-1031.3592529296875,-948.6905517578125,-691.265869140625,-749.5567626953125,-585.93798828125,-646.8433837890625,-524.3660888671875,-539.521484375,-508.9246826171875,-364.218017578125,-360.03692626953125,-534.9002685546875,-347.627197265625,-443.236328125,-548.5670166015625,-427.98687744140625,-290.1298828125,-229.93804931640625,-247.03936767578125,-249.64630126953125,-347.83905029296875,-131.900634765625,-13.3201904296875,-95.950927734375
"S266",275.74737548828125,298.2714538574219,317.1162567138672,295.6541290283203,308.32301330566406,333.3494873046875,298.9454650878906,325.4582824707031,355.2027587890625,351.03334045410156,355.09620666503906,353.84625244140625,347.3225555419922,362.3135070800781,362.8476867675781,363.2753601074219,363.5911102294922,363.49542236328125,363.78443908691406,363.68605041503906,351.81968688964844,356.13279724121094,363.01031494140625,362.55714416503906,343.7402648925781,361.3201446533203,360.49354553222656,351.6319274902344,358.3585510253906,357.00355529785156,355.3731384277344,353.5345916748047,351.4662170410156,349.15293884277344,346.51593017578125,343.5951232910156,340.3515319824219,336.82225036621094,333.01365661621094,328.96083068847656,324.53173828125,319.86326599121094,314.99493408203125,309.85540771484375,295.8276824951172,233.20947265625,261.08148193359375,205.8118896484375,101.09439086914062,61.1424560546875,-58.27264404296875,-78.66534423828125,-172.54290771484375,-72.716796875,-197.22637939453125,-349.42498779296875,-315.51690673828125,-452.55572509765625,-423.63818359375,-578.7490234375,-470.6956787109375,-470.28936767578125,-647.9197998046875,-574.469482421875,-636.2864990234375,-590.968017578125,-581.0521240234375,-796.5257568359375,-715.3739013671875,-516.7742919921875,-591.8223876953125,-610.52734375,-871.4241943359375,-650.1708984375,-620.9412841796875,-654.904052734375,-531.0145263671875,-607.3214111328125,-649.844970703125,-596.852294921875,-603.8765869140625,-641.052978515625,-748.602783203125,-838.0228271484375,-639.5076904296875,-645.577392578125,-558.9774169921875,-632.770263671875,-623.3199462890625,-593.689697265625,-657.0040283203125,-596.185302734375,-586.73486328125,-546.050048828125,-608.2684326171875,-670.203369140625,-661.4334716796875,-648.8641357421875,-603.4072265625,-582.7572021484375,-620.51953125,-514.8268432617188,-493.92205810546875,-487.6712646484375,-452.392578125,-416.82037353515625,-383.637451171875,-352.80841064453125,-392.4481201171875,-327.904296875,-296.3408203125,-244.77911376953125,-274.111083984375,-312.3646240234375,-446.61968994140625,-643.25341796875,-325.9129638671875,-310.437255859375,-163.6253662109375,-102.73236083984375,-198.81396484375,27.462249755859375,44.76715087890625,83.01663208007812,28.607269287109375,-0.9432373046875,116.50656127929688,134.2921142578125,85.39096069335938,26.8388671875,31.86944580078125,36.87200927734375,-68.07318115234375,100.80755615234375,110.47994995117188,125.80633544921875,159.37179565429688,87.36935424804688,85.278564453125,179.56109619140625,170.40106201171875
"S267",332.630126953125,336.09523010253906,339.4492645263672,342.63055419921875,345.5449981689453,348.3762664794922,350.857177734375,353.2066345214844,355.2027587890625,356.9800720214844,358.6010284423828,360.01161193847656,361.2958984375,362.3135070800781,362.8476867675781,363.2753601074219,363.5911102294922,363.73704528808594,363.78443908691406,363.68605041503906,363.58042907714844,363.31756591796875,363.01031494140625,362.55714416503906,362.04364013671875,361.3201446533203,360.49354553222656,359.53160095214844,358.3585510253906,357.00355529785156,355.3731384277344,353.5345916748047,351.4662170410156,349.15293884277344,346.51593017578125,343.5951232910156,340.3515319824219,336.82225036621094,333.01365661621094,328.96083068847656,324.53173828125,319.86326599121094,314.99493408203125,309.85540771484375,304.40489196777344,298.78399658203125,293.0421600341797,287.0525817871094,281.15480041503906,274.9488830566406,268.5127868652344,261.9858856201172,255.19557189941406,248.09861755371094,241.00662231445312,233.7257080078125,173.98831176757812,217.69259643554688,209.0322265625,198.82675170898438,185.26303100585938,183.21731567382812,173.76016235351562,121.01602172851562,139.99807739257812,143.44268798828125,132.70602416992188,121.74188232421875,98.07568359375,99.24969482421875,87.73236083984375,76.20407104492188,64.85391235351562,53.92169189453125,43.3087158203125,32.613250732421875,22.078521728515625,11.88677978515625,2.2083740234375,-7.217681884765625,-16.25616455078125,-24.87347412109375,-33.17449951171875,-41.0982666015625,-48.052490234375,-54.57061767578125,-60.9443359375,-66.53094482421875,-71.7100830078125,-76.091552734375,-80.13885498046875,-83.337890625,-85.78466796875,-87.521484375,-88.42620849609375,-88.5157470703125,-87.657958984375,-86.11712646484375,-83.340576171875,-79.62335205078125,-75.30877685546875,-70.9635009765625,-65.69830322265625,-59.82452392578125,-52.9613037109375,-45.71014404296875,-38.0765380859375,-30.01251220703125,-21.62890625,-12.61962890625,-3.00787353515625,6.77838134765625,16.8795166015625,27.25579833984375,37.600311279296875,48.59539794921875,59.622955322265625,70.82269287109375,82.16366577148438,93.77780151367188,105.6500244140625,117.67855834960938,129.81964111328125,141.71981811523438,153.2467041015625,165.18548583984375,176.90066528320312,188.05136108398438,198.94927978515625,209.63677978515625,219.650634765625,229.4835205078125,238.8946533203125,247.79580688476562,256.23143005371094,264.3065643310547,272.0233917236328,279.1872863769531,285.85679626464844,292.0958251953125,298.13328552246094
"S268",235.91311645507812,241.04345703125,246.15618896484375,251.18446350097656,255.75869750976562,260.2270202636719,264.1419372558594,267.80023193359375,270.949951171875,273.75123596191406,276.2885437011719,278.49107360839844,280.5279083251953,282.1859588623047,283.2465362548828,284.1277160644531,284.8308868408203,285.1958312988281,285.45457458496094,285.4722137451172,285.4366149902344,285.1713409423828,284.81883239746094,284.28443908691406,283.62974548339844,282.6826171875,281.53355407714844,280.2788391113281,278.669677734375,276.8096466064453,274.4248046875,271.5462341308594,268.31590270996094,264.7049865722656,260.58119201660156,256.0087127685547,250.9394073486328,245.4350128173828,239.46963500976562,233.14654541015625,226.23348999023438,218.93142700195312,211.33782958984375,203.29937744140625,194.77606201171875,186.01107788085938,177.0223388671875,167.64508056640625,158.4222412109375,148.7269287109375,138.65081787109375,128.43280029296875,117.8162841796875,106.70135498046875,95.59930419921875,84.195068359375,71.98333740234375,59.090118408203125,45.511444091796875,32.17315673828125,19.24609375,5.09881591796875,-9.718658447265625,-25.16387939453125,-40.89532470703125,-57.214111328125,-74.02734375,-91.20025634765625,-108.976318359375,-126.46551513671875,-144.5283203125,-162.60638427734375,-180.41094970703125,-197.578369140625,-214.2132568359375,-230.99346923828125,-247.5238037109375,-263.5113525390625,-278.70281982421875,-293.494140625,-307.7049560546875,-321.22540283203125,-334.2532958984375,-346.76690673828125,-357.73583984375,-367.992431640625,-378.075927734375,-386.86114501953125,-395.0115966796875,-402.71490478515625,-410.060546875,-416.25408935546875,-421.40313720703125,-425.3134765625,-427.95721435546875,-429.51055908203125,-429.68133544921875,-428.54443359375,-425.57489013671875,-421.022216796875,-415.6182861328125,-409.107421875,-400.73858642578125,-391.515869140625,-380.7220458984375,-369.26580810546875,-357.1080322265625,-344.38092041015625,-331.085693359375,-316.87677001953125,-301.66204833984375,-285.10626220703125,-267.55242919921875,-249.71563720703125,-231.86883544921875,-213.03436279296875,-194.26727294921875,-175.2430419921875,-156.1165771484375,-136.72003173828125,-116.936767578125,-97.06695556640625,-77.3248291015625,-58.0447998046875,-39.55120849609375,-20.5557861328125,-2.12542724609375,15.18902587890625,32.0767822265625,48.405853271484375,63.713287353515625,78.5706787109375,92.76727294921875,106.088134765625,118.69863891601562,130.75741577148438,142.26126098632812,152.93283081054688,162.91006469726562,172.27987670898438,181.40567016601562
"S269",33.1956787109375,104.47061157226562,140.49325561523438,140.96762084960938,64.28729248046875,136.53033447265625,215.45941162109375,230.2982177734375,203.70193481445312,218.33929443359375,259.50457763671875,230.81887817382812,248.49928283691406,264.59771728515625,251.86595153808594,254.0064697265625,272.8778076171875,244.1106719970703,265.98866271972656,287.2339630126953,263.8714599609375,270.24244689941406,297.0622253417969,273.6110382080078,278.0442199707031,288.3606414794922,261.0065460205078,266.35011291503906,307.91734313964844,261.1013946533203,278.85557556152344,302.06214904785156,257.63780212402344,287.6705017089844,274.96527099609375,257.98399353027344,276.2122497558594,248.35186767578125,237.37380981445312,240.7720947265625,235.26693725585938,117.54013061523438,174.615478515625,218.02447509765625,117.6663818359375,145.74737548828125,-55.33740234375,-87.98980712890625,-69.2509765625,-61.6871337890625,-228.55535888671875,-161.58001708984375,-178.794677734375,-1071.5218505859375,-370.00244140625,-264.55047607421875,-318.44970703125,-213.4320068359375,-178.4986572265625,-267.79144287109375,-1199.1673583984375,-656.0179443359375,-578.895263671875,-235.335693359375,-312.305908203125,-219.002685546875,-194.795166015625,-190.13128662109375,-205.356201171875,-309.4102783203125,-205.61419677734375,-377.86614990234375,-181.871337890625,-215.9427490234375,-280.85797119140625,-224.275390625,-266.7110595703125,-277.452392578125,-214.6004638671875,-167.54345703125,-309.0625,-214.5743408203125,-110.10400390625,-199.83795166015625,-233.39404296875,-358.17840576171875,-172.8447265625,-232.90435791015625,-255.10443115234375,-291.4666748046875,-267.98284912109375,-310.58807373046875,-235.1826171875,-172.55816650390625,-182.809326171875,-181.69830322265625,-240.3935546875,-371.93707275390625,-265.10546875,-314.461669921875,-519.6109008789062,-484.77294921875,-351.6763916015625,-335.8175048828125,-331.9730224609375,-409.38201904296875,-259.02911376953125,-544.3836669921875,-407.13677978515625,-1128.0316162109375,-423.13055419921875,-395.48919677734375,-315.8150634765625,-300.2750244140625,-321.83447265625,-307.8839111328125,-196.60443115234375,-304.08502197265625,-624.839111328125,-235.6209716796875,-269.9820556640625,-141.5654296875,-86.4376220703125,-139.69525146484375,-152.9764404296875,-235.86859130859375,-482.6561279296875,-144.5223388671875,-246.85491943359375,-143.79193115234375,-197.96392822265625,-235.5361328125,-516.9625854492188,-385.74273681640625,-252.15618896484375,-268.32305908203125,-209.87713623046875,-121.17437744140625,-112.3604736328125,-60.72528076171875,-49.261474609375
"S270",25.7430419921875,20.9332275390625,93.14297485351562,121.3060302734375,88.46527099609375,123.448974609375,188.3916015625,185.03240966796875,177.2451171875,193.40985107421875,200.86749267578125,198.71560668945312,214.212890625,218.49111938476562,209.9244384765625,220.29217529296875,227.79278564453125,213.119384765625,245.20541381835938,239.74468994140625,228.289794921875,251.41143798828125,259.07447814941406,247.221435546875,252.3310089111328,256.4464874267578,248.36029052734375,262.06178283691406,273.64520263671875,254.6919708251953,269.9071960449219,274.2309875488281,255.99412536621094,269.65394592285156,256.5602111816406,260.2066650390625,268.03704833984375,225.93154907226562,230.76913452148438,210.29959106445312,213.61502075195312,168.73114013671875,156.99246215820312,146.0296630859375,85.60882568359375,103.8809814453125,-35.6510009765625,-56.6507568359375,-107.47247314453125,-125.8970947265625,-210.67767333984375,-221.08477783203125,-243.01519775390625,-626.4691162109375,-420.966064453125,-310.26318359375,-304.713623046875,-341.706298828125,-438.5140380859375,-313.6173095703125,-630.7911376953125,-560.3074951171875,-366.3271484375,-262.4100341796875,-243.56341552734375,-265.32305908203125,-427.1051025390625,-168.8037109375,-211.66015625,-291.923095703125,-250.28594970703125,-361.49359130859375,-256.694091796875,-185.786865234375,-285.880859375,-279.462890625,-253.86114501953125,-312.81451416015625,-268.478515625,-252.27801513671875,-340.67950439453125,-298.00885009765625,-301.93695068359375,-430.89202880859375,-414.19970703125,-376.45562744140625,-228.02264404296875,-261.554443359375,-228.7188720703125,-254.706298828125,-362.782470703125,-266.38507080078125,-294.107666015625,-241.08441162109375,-312.14178466796875,-209.3087158203125,-337.89453125,-302.806396484375,-310.48187255859375,-223.1751708984375,-361.31475830078125,-312.020263671875,-312.3250732421875,-253.366943359375,-241.0809326171875,-326.669921875,-207.74810791015625,-330.7197265625,-316.8577880859375,-656.6763916015625,-291.7281494140625,-489.54443359375,-358.0533447265625,-428.08563232421875,-442.4840087890625,-342.63946533203125,-261.0269775390625,-311.96923828125,-446.0594482421875,-227.60357666015625,-270.8331298828125,-170.07940673828125,-170.9224853515625,-165.425048828125,-217.6143798828125,-286.18408203125,-417.4268798828125,-447.3983154296875,-306.78009033203125,-287.216064453125,-325.28350830078125,-232.26202392578125,-301.424072265625,-206.52862548828125,-184.4705810546875,-234.474609375,-182.36578369140625,-215.934326171875,-170.8623046875,-228.255126953125,-98.08343505859375
"S271",100.00482177734375,62.26043701171875,100.55056762695312,147.69491577148438,59.065826416015625,120.8056640625,200.32904052734375,215.30780029296875,227.62075805664062,198.37765502929688,222.05615234375,214.18515014648438,233.9715576171875,228.38156127929688,226.12368774414062,224.97152709960938,235.38961791992188,227.86080932617188,249.3202667236328,234.51553344726562,228.86294555664062,256.9058837890625,262.20050048828125,252.119384765625,246.37803649902344,245.94476318359375,261.27667236328125,261.9767608642578,267.44004821777344,253.8974151611328,270.71763610839844,272.5103759765625,274.96295166015625,266.6863098144531,247.79481506347656,243.54244995117188,258.25531005859375,232.54788208007812,236.3431396484375,196.99447631835938,214.64260864257812,194.85992431640625,159.06008911132812,98.49884033203125,91.83529663085938,76.6998291015625,19.40673828125,-54.556396484375,-126.81268310546875,-143.81488037109375,-189.82501220703125,-335.17816162109375,-294.755859375,-364.88482666015625,-499.36639404296875,-349.523681640625,-353.80120849609375,-431.5191650390625,-569.1187744140625,-371.82281494140625,-303.34173583984375,-482.6326904296875,-280.57244873046875,-379.68328857421875,-235.516845703125,-352.5079345703125,-375.802978515625,-238.381103515625,-281.52569580078125,-325.6138916015625,-340.06134033203125,-367.6875,-303.3394775390625,-280.18408203125,-303.90289306640625,-229.56280517578125,-338.08929443359375,-320.07965087890625,-322.01348876953125,-311.55279541015625,-320.237060546875,-316.52197265625,-398.43212890625,-413.7540283203125,-542.398681640625,-481.6072998046875,-385.2706298828125,-322.8917236328125,-331.69537353515625,-261.537841796875,-303.48907470703125,-271.38043212890625,-330.7860107421875,-310.71832275390625,-405.52490234375,-275.6171875,-467.948974609375,-267.402587890625,-372.33172607421875,-199.96319580078125,-230.4200439453125,-244.73651123046875,-286.13104248046875,-231.099853515625,-216.40289306640625,-228.7286376953125,-218.5185546875,-226.66326904296875,-294.53448486328125,-439.350830078125,-262.2938232421875,-497.9415283203125,-409.07830810546875,-494.47308349609375,-474.43487548828125,-360.59307861328125,-328.4652099609375,-316.01837158203125,-387.3482666015625,-201.74591064453125,-264.16241455078125,-215.7332763671875,-272.04058837890625,-111.7657470703125,-239.1005859375,-234.75726318359375,-320.52850341796875,-427.8800048828125,-252.09906005859375,-298.2723388671875,-427.95123291015625,-277.794189453125,-332.387939453125,-118.53936767578125,-123.318603515625,-230.912841796875,-82.0299072265625,-204.07757568359375,-189.3115234375,-306.17657470703125,-114.3331298828125
"S272",116.44046020507812,155.05764770507812,144.5836181640625,190.45098876953125,-61.5728759765625,132.826171875,201.66641235351562,219.41094970703125,244.56776428222656,156.03793334960938,229.273681640625,208.0062255859375,252.39344787597656,230.88623046875,227.28466796875,268.80873107910156,239.57562255859375,230.97384643554688,264.5699462890625,230.77044677734375,243.19857788085938,251.46978759765625,253.77113342285156,256.5232849121094,249.68548583984375,217.4925537109375,267.8625183105469,276.0777893066406,255.91864013671875,255.59779357910156,249.0538787841797,264.8881072998047,281.30125427246094,258.23187255859375,248.9542236328125,195.24716186523438,224.44174194335938,226.08746337890625,246.07374572753906,184.53521728515625,202.953369140625,168.34051513671875,155.38397216796875,2.095794677734375,99.3348388671875,92.41360473632812,51.054962158203125,-87.70391845703125,-49.51397705078125,-95.70587158203125,-98.43719482421875,-368.63226318359375,-103.75592041015625,-247.43798828125,-170.47015380859375,-124.5357666015625,-214.87811279296875,-152.02142333984375,-124.66986083984375,-207.687744140625,-114.09796142578125,-149.14752197265625,-139.5382080078125,-356.45196533203125,-199.70916748046875,-164.48797607421875,-172.77130126953125,-177.56414794921875,-135.8636474609375,-245.98052978515625,-164.3427734375,-155.33746337890625,-118.062744140625,-173.16705322265625,-179.74664306640625,-120.4061279296875,-213.5115966796875,-141.06280517578125,-229.58160400390625,-153.024658203125,-107.0421142578125,-167.27264404296875,-259.9659423828125,-248.80474853515625,-172.59906005859375,-367.5963134765625,-436.2215576171875,-217.38885498046875,-347.61102294921875,-109.93505859375,-135.272216796875,-183.47601318359375,-141.0128173828125,-158.32196044921875,-184.57470703125,-146.0511474609375,-309.0804443359375,-147.90899658203125,-124.15728759765625,-115.67803955078125,-247.42108154296875,-223.85687255859375,-201.15240478515625,-170.16497802734375,-167.98541259765625,-190.454833984375,-229.96563720703125,-206.769775390625,-213.47760009765625,-279.66278076171875,-191.6943359375,-233.878173828125,-209.57220458984375,-81.859619140625,-160.142822265625,-221.1446533203125,-147.87176513671875,-197.5762939453125,-133.77667236328125,-141.81439208984375,-91.8232421875,-190.749755859375,-178.87005615234375,-74.7362060546875,-125.00518798828125,-59.4505615234375,-85.600341796875,-96.69024658203125,-100.07904052734375,-211.10614013671875,-179.22412109375,-339.283203125,-566.88232421875,-169.6644287109375,-103.90631103515625,-193.15264892578125,-4.1275634765625,-68.76104736328125,-63.28729248046875,-87.90234375,-55.0018310546875
"S273",3.76019287109375,13.784881591796875,23.23944091796875,32.234710693359375,40.4986572265625,48.36865234375,55.16937255859375,61.71356201171875,67.02011108398438,71.7288818359375,76.01959228515625,79.68572998046875,82.89315795898438,85.61868286132812,87.16815185546875,88.39892578125,89.24337768554688,89.67098999023438,89.7093505859375,89.36532592773438,88.98312377929688,88.14324951171875,87.17852783203125,85.7344970703125,84.14096069335938,81.89910888671875,79.42349243164062,76.46173095703125,72.90087890625,68.755615234375,63.817108154296875,58.243011474609375,51.936004638671875,44.883636474609375,36.91796875,28.1072998046875,18.28082275390625,7.611236572265625,-3.884521484375,-16.170166015625,-29.57623291015625,-43.69317626953125,-58.47320556640625,-74.0360107421875,-90.57244873046875,-107.69390869140625,-125.0953369140625,-143.3253173828125,-161.26580810546875,-180.166748046875,-199.69793701171875,-219.576904296875,-240.31854248046875,-261.86761474609375,-283.56402587890625,-305.723388671875,-329.455322265625,-354.6162109375,-381.01995849609375,-406.95965576171875,-432.15521240234375,-459.739013671875,-488.60003662109375,-518.7486572265625,-549.359130859375,-581.2381591796875,-613.95068359375,-647.5029296875,-681.963134765625,-716.16650390625,-751.423095703125,-786.639404296875,-821.2559814453125,-854.6466064453125,-887.1875,-919.933837890625,-952.2603759765625,-983.4915771484375,-1013.2119140625,-1042.1707763671875,-1069.9144287109375,-1096.4737548828125,-1122.146240234375,-1146.396728515625,-1167.861083984375,-1188.056640625,-1207.7244873046875,-1225.1888427734375,-1241.4129638671875,-1255.157470703125,-1267.9051513671875,-1277.945068359375,-1285.77685546875,-1291.5548095703125,-1294.8306884765625,-1295.4464111328125,-1293.17529296875,-1288.91064453125,-1280.8599853515625,-1270.0242919921875,-1257.0142822265625,-1242.2130126953125,-1224.3480224609375,-1204.4794921875,-1181.9447021484375,-1158.3909912109375,-1134.0118408203125,-1108.099853515625,-1081.4459228515625,-1052.911376953125,-1022.7056884765625,-992.0135498046875,-960.440185546875,-927.903564453125,-895.561279296875,-861.29248046875,-826.8353271484375,-792.030029296875,-756.7442626953125,-720.67333984375,-684.0765380859375,-647.2625732421875,-610.0301513671875,-573.770751953125,-538.7181396484375,-502.60113525390625,-467.3892822265625,-433.8133544921875,-401.360107421875,-369.52215576171875,-340.01568603515625,-310.94970703125,-283.35784912109375,-257.24346923828125,-232.4493408203125,-208.691650390625,-186.00732421875,-165.06488037109375,-145.529296875,-127.20465087890625,-109.45306396484375
"S274",214.0738525390625,191.59234619140625,135.27072143554688,213.01589965820312,242.08941650390625,228.97659301757812,271.74049377441406,263.5976257324219,273.8448791503906,281.9246520996094,279.7176818847656,273.0438995361328,267.79649353027344,277.38963317871094,255.37733459472656,286.844482421875,279.8962097167969,276.3229675292969,261.9450378417969,270.0323791503906,282.9600067138672,279.93699645996094,290.12962341308594,293.8203887939453,301.63243103027344,309.93565368652344,320.3660888671875,315.3453674316406,331.1217956542969,324.6142272949219,333.1072235107422,338.2404479980469,314.0487976074219,320.8731384277344,338.84417724609375,321.6471710205078,337.34547424316406,330.49761962890625,313.4128112792969,329.4307403564453,301.1993713378906,298.5036926269531,285.6622772216797,260.3138427734375,151.6239013671875,53.8251953125,150.1390380859375,162.94415283203125,112.49102783203125,111.65310668945312,20.183807373046875,-8.44110107421875,39.484649658203125,54.691253662109375,0.171600341796875,-122.5543212890625,-17.16632080078125,-1.862762451171875,-18.2305908203125,-103.224853515625,-34.81842041015625,-157.03729248046875,-57.96929931640625,-76.07550048828125,-113.61798095703125,-11.453857421875,-64.72076416015625,-55.8367919921875,-73.4725341796875,-68.625244140625,-95.185546875,-158.33892822265625,-165.2596435546875,-76.32037353515625,-137.333251953125,-108.267333984375,-46.74761962890625,-79.365478515625,-102.790771484375,-123.3084716796875,-150.05645751953125,-150.30291748046875,-131.0279541015625,-103.43896484375,-80.145751953125,-103.24749755859375,-54.83575439453125,-142.616455078125,-114.609375,-81.86236572265625,-109.64739990234375,-100.1871337890625,-154.498046875,-83.0540771484375,-176.46722412109375,-211.332275390625,-126.59906005859375,-89.3062744140625,-141.5260009765625,-183.50732421875,-117.8426513671875,-101.17974853515625,-87.5653076171875,-46.79376220703125,-45.65191650390625,-87.051513671875,-74.4818115234375,-106.4964599609375,-149.247314453125,-223.5111083984375,-110.50244140625,-271.15655517578125,-103.60333251953125,-15.37530517578125,-150.97454833984375,-59.2781982421875,-26.09979248046875,-66.032470703125,13.948577880859375,51.065673828125,91.42529296875,122.64419555664062,131.638427734375,-158.38494873046875,13.19366455078125,28.72705078125,62.094146728515625,79.78506469726562,54.77008056640625,71.88275146484375,102.69271850585938,71.64752197265625,91.14398193359375,49.05072021484375,-1.317626953125,95.30331420898438,83.87429809570312,134.56039428710938,135.46481323242188,173.29547119140625,170.35556030273438
"S275",123.81146240234375,140.94342041015625,41.57647705078125,80.1817626953125,161.39535522460938,202.404541015625,227.51785278320312,214.16488647460938,223.09414672851562,231.71224975585938,237.31591796875,224.52896118164062,212.48333740234375,217.55703735351562,222.21530151367188,245.66043090820312,236.18399047851562,228.03854370117188,228.73678588867188,239.87322998046875,246.6634063720703,247.07785034179688,264.3351745605469,259.8770446777344,265.1620178222656,279.5815734863281,278.2766418457031,276.5586853027344,296.39378356933594,289.1573944091797,297.2436828613281,309.90997314453125,284.7419891357422,284.3248596191406,300.5945281982422,281.9450988769531,287.28587341308594,285.07318115234375,272.72406005859375,277.3347473144531,271.7090606689453,259.8328094482422,240.2952880859375,211.930419921875,176.56881713867188,120.9794921875,122.27255249023438,32.41943359375,49.3172607421875,59.91839599609375,-17.58489990234375,-22.7164306640625,-62.2568359375,3.292755126953125,-76.57757568359375,-72.94219970703125,-47.71527099609375,-35.015380859375,-55.1417236328125,-110.077880859375,-104.502685546875,-218.94140625,-118.73150634765625,-97.7735595703125,-108.212890625,-79.858642578125,-105.9400634765625,-69.753173828125,-103.53765869140625,-82.52178955078125,-148.90008544921875,-124.0299072265625,-174.1817626953125,-98.9696044921875,-139.364013671875,-111.3587646484375,-86.65777587890625,-76.90185546875,-145.5380859375,-158.5758056640625,-381.55450439453125,-188.1611328125,-116.61138916015625,-94.25140380859375,-143.70672607421875,-130.7418212890625,-64.6790771484375,-271.49798583984375,-122.36566162109375,-216.58538818359375,-141.5367431640625,-152.17608642578125,-218.09527587890625,-220.5570068359375,-225.09576416015625,-205.0281982421875,-184.31793212890625,-114.0308837890625,-168.77069091796875,-162.16009521484375,-140.23406982421875,-128.71234130859375,-154.66961669921875,-100.88031005859375,-92.14520263671875,-116.5335693359375,-163.52734375,-108.4654541015625,-116.8214111328125,-158.9703369140625,-107.99700927734375,-274.8289794921875,-114.970947265625,1.71478271484375,-71.16558837890625,-12.71844482421875,-24.91937255859375,-14.16424560546875,-79.90838623046875,15.1453857421875,72.28033447265625,137.11639404296875,123.45645141601562,-139.7032470703125,15.282745361328125,8.967498779296875,16.755340576171875,75.80450439453125,-42.17327880859375,59.544891357421875,-140.5069580078125,17.297821044921875,49.913604736328125,63.288299560546875,14.51318359375,49.31707763671875,44.24566650390625,120.43167114257812,87.4881591796875,37.21942138671875,81.00347900390625
"S276",115.76528930664062,171.1990966796875,88.48968505859375,48.24920654296875,162.22567749023438,206.01852416992188,243.71588134765625,235.2947998046875,226.25198364257812,251.5633544921875,260.39060974121094,231.73690795898438,230.44287109375,233.07391357421875,255.872314453125,268.69212341308594,262.50128173828125,249.09974670410156,270.70960998535156,289.2193908691406,270.6461181640625,278.74415588378906,300.2194519042969,276.1794738769531,292.4482421875,303.02317810058594,274.9099578857422,284.5094299316406,307.17933654785156,286.8995666503906,297.3564453125,312.84141540527344,294.6268768310547,290.6986541748047,304.7549743652344,277.65545654296875,266.1092071533203,278.16627502441406,264.4705810546875,259.3677978515625,278.84869384765625,248.83717346191406,237.08242797851562,199.00656127929688,193.22625732421875,162.15579223632812,158.65548706054688,-39.46807861328125,55.97821044921875,99.711181640625,27.606781005859375,46.131317138671875,-82.45050048828125,39.93359375,-75.636474609375,48.0582275390625,18.407196044921875,29.392181396484375,20.870269775390625,16.907257080078125,-80.462158203125,-180.16748046875,-62.88262939453125,-22.80010986328125,43.2998046875,-76.43023681640625,-16.91741943359375,25.188507080078125,-32.50860595703125,23.4927978515625,-76.800537109375,2.219329833984375,-26.8653564453125,-9.091278076171875,-30.5677490234375,14.5714111328125,-33.058349609375,45.087127685546875,-31.087158203125,-37.6534423828125,-431.6871337890625,-82.0584716796875,-40.396240234375,-15.32037353515625,-83.87664794921875,-93.61083984375,-3.365692138671875,-251.31549072265625,-10.4449462890625,-225.967041015625,-39.76080322265625,-48.38079833984375,-115.52886962890625,-244.75946044921875,-90.648193359375,-17.26434326171875,-108.826904296875,-14.43560791015625,-45.32867431640625,-17.62799072265625,-82.06744384765625,-47.3724365234375,-125.03082275390625,-122.32769775390625,-79.170166015625,-66.0057373046875,-166.63726806640625,-25.54205322265625,52.853851318359375,69.97744750976562,-19.1611328125,-9.650299072265625,-1.0340576171875,58.37054443359375,129.08383178710938,88.50469970703125,90.74685668945312,78.92535400390625,-122.5467529296875,70.2777099609375,121.34463500976562,185.92202758789062,125.18896484375,141.97396850585938,100.56097412109375,79.80926513671875,90.83868408203125,146.90017700195312,-3.589935302734375,131.16290283203125,-281.6044921875,67.64251708984375,143.7403564453125,101.9322509765625,-21.06939697265625,93.23391723632812,117.11642456054688,171.51776123046875,143.56112670898438,-42.666259765625,61.9298095703125
"S277",276.55430603027344,292.10963439941406,265.69590759277344,293.19969177246094,323.7106475830078,319.21128845214844,311.5142059326172,343.6711883544922,315.9264678955078,319.6661071777344,344.1634063720703,330.6961212158203,340.48687744140625,338.4824981689453,314.0745849609375,352.8000030517578,336.8825378417969,334.49827575683594,341.96673583984375,349.09210205078125,352.1572570800781,356.0340118408203,349.8729553222656,348.1735534667969,361.7715148925781,356.6758575439453,360.61082458496094,365.41419982910156,367.0382385253906,361.04937744140625,365.10296630859375,360.6129150390625,359.342529296875,369.8362579345703,366.18324279785156,356.71527099609375,347.2824249267578,346.8898620605469,333.58250427246094,339.7429504394531,321.51515197753906,308.0661315917969,301.7649841308594,291.8091583251953,251.9555206298828,201.765869140625,200.055908203125,98.494384765625,52.372222900390625,140.85122680664062,43.39288330078125,61.749786376953125,33.894134521484375,-72.42132568359375,-68.19061279296875,-46.73248291015625,-39.57733154296875,-96.4708251953125,-84.2391357421875,-78.74542236328125,-122.02203369140625,-161.4671630859375,-126.22833251953125,-148.10205078125,-110.00738525390625,-149.40069580078125,-79.16156005859375,-44.23101806640625,-130.1624755859375,-107.63397216796875,-140.77740478515625,-140.82806396484375,-158.53228759765625,-106.82464599609375,-147.27386474609375,-156.54400634765625,-185.42254638671875,-131.77899169921875,-128.65826416015625,-194.09429931640625,-173.68426513671875,-166.485107421875,-188.801025390625,-221.94329833984375,-173.69744873046875,-163.93804931640625,-144.249755859375,-138.6986083984375,-136.07513427734375,-158.07391357421875,-137.87054443359375,-119.08245849609375,-172.54815673828125,-147.04071044921875,-173.678955078125,-144.980224609375,-146.147216796875,-150.901123046875,-108.96783447265625,-201.68939208984375,-192.30609130859375,-187.74517822265625,-206.666259765625,-181.216552734375,-172.937744140625,-239.23486328125,-225.86541748046875,-234.09033203125,-224.86016845703125,-188.878173828125,-183.98095703125,-175.607177734375,-164.7332763671875,-129.855224609375,-163.1270751953125,-7.366485595703125,-59.3699951171875,-157.9652099609375,9.622711181640625,53.65771484375,48.88922119140625,69.1534423828125,90.30538940429688,60.63397216796875,114.41567993164062,57.284332275390625,108.68585205078125,84.30230712890625,111.38287353515625,141.968505859375,122.92333984375,47.744659423828125,160.05825805664062,163.76153564453125,170.54696655273438,174.2430419921875,206.65371704101562,179.52157592773438,153.35629272460938,190.34597778320312,185.11798095703125
"S278",371.40272521972656,368.34124755859375,376.6662063598633,379.1308135986328,381.3459777832031,383.5381317138672,385.46256256103516,387.2199478149414,376.7366256713867,362.50621032714844,391.3876037597656,392.4614715576172,393.48377990722656,394.2846221923828,392.0845184326172,395.24329376220703,395.6082992553711,395.77339935302734,395.9241256713867,395.9443817138672,395.9336395263672,395.81278228759766,395.6426086425781,395.4032211303711,395.08866119384766,394.6408462524414,394.0621032714844,393.4726791381836,392.6900634765625,391.7965087890625,390.69358825683594,389.4464645385742,388.07263946533203,386.5288848876953,384.6987609863281,382.6399917602539,380.37754821777344,377.9144058227539,375.1752014160156,372.3251953125,369.1707000732422,365.7842559814453,362.30970764160156,358.5517120361328,321.3107147216797,269.8134460449219,282.71412658691406,211.11627197265625,195.17755126953125,226.1529541015625,89.87640380859375,146.60360717773438,142.80862426757812,98.97994995117188,61.927459716796875,72.41787719726562,33.95123291015625,46.631134033203125,138.68057250976562,121.9989013671875,106.20928955078125,40.373565673828125,1.257965087890625,35.554290771484375,94.019775390625,55.2216796875,101.53695678710938,79.75961303710938,-75.61395263671875,72.20477294921875,69.62289428710938,53.343597412109375,39.069000244140625,50.38037109375,14.49273681640625,15.4134521484375,58.650146484375,90.57211303710938,69.80438232421875,65.58575439453125,50.112030029296875,-21.03076171875,-7.73760986328125,-66.49505615234375,17.528411865234375,25.905670166015625,64.0902099609375,20.16943359375,17.711700439453125,10.395904541015625,5.594940185546875,51.819427490234375,54.346710205078125,51.05328369140625,26.995330810546875,-32.75469970703125,-20.69403076171875,6.09466552734375,43.91778564453125,-37.8701171875,-88.39642333984375,-25.89111328125,-40.4129638671875,-46.4390869140625,-64.56512451171875,-184.49383544921875,-107.90692138671875,-75.936279296875,-195.66015625,-199.607666015625,-84.678955078125,-153.4833984375,-120.1162109375,-35.521240234375,-57.7266845703125,120.03558349609375,59.393218994140625,66.54531860351562,174.83184814453125,174.66802978515625,135.13943481445312,158.27825927734375,183.58285522460938,226.03350830078125,234.83889770507812,243.98837280273438,252.96463012695312,261.42420959472656,269.80747985839844,277.9413299560547,285.6767120361328,280.6468048095703,300.4245147705078,307.23048400878906,313.6769256591797,319.83018493652344,325.7041320800781,331.17356872558594,336.2762756347656,341.04432678222656,344.82171630859375
"S279",340.6273193359375,363.18516540527344,331.951171875,351.3286895751953,360.7979431152344,373.24232482910156,375.04061126708984,376.7511215209961,378.12986755371094,376.40856170654297,380.4170150756836,381.33487701416016,382.13873291015625,382.80250549316406,383.1437683105469,383.40167236328125,383.5693130493164,383.60972595214844,383.55970001220703,383.3885269165039,383.21898651123047,382.90997314453125,382.5626907348633,382.0764389038086,381.53673553466797,380.802490234375,379.97855377197266,379.0103302001953,377.85577392578125,376.52974700927734,374.9568328857422,373.19188690185547,371.21031188964844,369.0076141357422,366.5262145996094,363.8002014160156,360.78746032714844,357.5237579345703,354.0361633300781,350.3290100097656,346.30845642089844,342.1034393310547,337.7251739501953,333.1408996582031,300.7886657714844,268.05279541015625,274.8595733642578,215.47177124023438,197.45550537109375,135.24200439453125,5.868072509765625,18.484619140625,6.540863037109375,-3.0556640625,-79.03466796875,-87.523193359375,-143.92279052734375,-122.09765625,-81.85662841796875,-100.16656494140625,-152.94427490234375,-129.2681884765625,-189.4415283203125,-290.281005859375,-157.8564453125,-215.32464599609375,-223.74127197265625,-266.56292724609375,-272.23809814453125,-192.73321533203125,-170.36224365234375,-161.70220947265625,-210.48870849609375,-171.38616943359375,-206.465087890625,-250.78692626953125,-169.06219482421875,-179.96533203125,-240.69036865234375,-202.5924072265625,-177.3106689453125,-261.47613525390625,-231.3282470703125,-240.54022216796875,-226.22003173828125,-252.52105712890625,-249.8834228515625,-298.460693359375,-262.8992919921875,-205.24761962890625,-296.20977783203125,-229.8536376953125,-222.8101806640625,-235.93572998046875,-179.01629638671875,-234.09930419921875,-231.89373779296875,-201.19232177734375,-221.99090576171875,-299.4638671875,-336.9229736328125,-181.02655029296875,-188.8046875,-176.39642333984375,-256.34521484375,-259.3131103515625,-234.37725830078125,-228.69561767578125,-322.79290771484375,-325.43328857421875,-294.1722412109375,-233.3629150390625,-148.6185302734375,-96.43316650390625,-117.88427734375,-92.53057861328125,-86.61871337890625,-33.0933837890625,35.884979248046875,63.282867431640625,59.67120361328125,97.98095703125,126.16387939453125,169.64569091796875,149.4755859375,122.91671752929688,155.84158325195312,224.99807739257812,220.71533203125,265.87013244628906,253.75582885742188,249.0088653564453,252.32662963867188,260.9395751953125,270.6833801269531,286.19764709472656,274.2760925292969,280.6984100341797,243.42523193359375,208.05291748046875,276.2811584472656
"S280",180.19076538085938,186.41702270507812,192.39743041992188,197.99160766601562,203.00857543945312,207.82681274414062,211.98919677734375,216.46588134765625,220.29425048828125,223.70504760742188,226.8001708984375,229.4857177734375,231.95211791992188,233.97772216796875,235.267333984375,236.33740234375,237.1807861328125,237.63235473632812,237.93228149414062,237.94638061523438,237.8975830078125,237.56805419921875,237.13583374023438,236.47052001953125,235.6678466796875,234.50302124023438,233.11083984375,231.56643676757812,229.60104370117188,227.32260131835938,224.54519653320312,221.39889526367188,217.8760986328125,213.91494750976562,209.31625366210938,204.16714477539062,198.44528198242188,192.21139526367188,185.35952758789062,178.11782836914062,170.13116455078125,161.60894775390625,152.75482177734375,143.274658203125,133.17385864257812,122.7958984375,112.0087890625,100.734375,89.62307739257812,77.95489501953125,65.76565551757812,53.429473876953125,40.67242431640625,27.26422119140625,13.943634033203125,0.25384521484375,-14.356689453125,-29.7020263671875,-45.900146484375,-61.7900390625,-77.1553955078125,-93.97808837890625,-111.6451416015625,-130.07476806640625,-148.955810546875,-168.53814697265625,-188.8365478515625,-209.6201171875,-231.38775634765625,-252.73388671875,-274.94854736328125,-297.3094482421875,-319.48870849609375,-341.0198974609375,-361.88995361328125,-383.05914306640625,-403.954833984375,-424.24591064453125,-443.63641357421875,-462.5362548828125,-480.81048583984375,-498.16143798828125,-514.9097290039062,-531.281982421875,-545.7044677734375,-559.1949462890625,-572.6258544921875,-584.3341064453125,-595.326904296875,-605.007568359375,-614.0565185546875,-621.6636962890625,-627.994140625,-632.8502197265625,-636.1619873046875,-638.0941162109375,-638.324462890625,-636.9986572265625,-633.408935546875,-627.9019775390625,-621.28173828125,-613.3360595703125,-603.145751953125,-591.8585205078125,-578.6705322265625,-564.677978515625,-549.85888671875,-532.2659912109375,-514.052001953125,-494.8509521484375,-474.5400390625,-453.88824462890625,-432.6275634765625,-410.95953369140625,-389.31561279296875,-366.4716796875,-343.66815185546875,-320.588134765625,-297.351318359375,-273.76507568359375,-249.765625,-225.68310546875,-201.67706298828125,-178.27459716796875,-155.80413818359375,-132.73773193359375,-110.36029052734375,-89.28021240234375,-68.79083251953125,-48.92633056640625,-30.37530517578125,-12.312744140625,4.905914306640625,21.090545654296875,36.421112060546875,51.091339111328125,65.08895874023438,78.05740356445312,90.1795654296875,101.56753540039062,112.65069580078125
"S281",171.08148193359375,164.05392456054688,170.6756591796875,166.78067016601562,207.205810546875,210.63079833984375,232.87405395507812,235.15560913085938,239.4383544921875,258.707763671875,200.45245361328125,247.13363647460938,273.51043701171875,265.1099548339844,272.9268493652344,284.7017364501953,262.36265563964844,275.20765686035156,304.50579833984375,278.54747009277344,295.9813995361328,312.4044647216797,293.2734069824219,300.45977783203125,296.3683319091797,309.06910705566406,298.3005676269531,305.5633239746094,298.33946228027344,307.5892333984375,318.8268127441406,309.50584411621094,304.00965881347656,316.33665466308594,303.2324523925781,300.2530517578125,324.4093780517578,271.5579833984375,266.9571075439453,262.9293670654297,240.69039916992188,233.6092529296875,233.6871337890625,190.30001831054688,157.97100830078125,-34.67138671875,-52.01959228515625,-88.72076416015625,-327.26806640625,-165.59271240234375,-243.7412109375,-217.65380859375,-361.99017333984375,-347.84478759765625,-447.060302734375,-533.6812744140625,-537.315185546875,-666.037109375,-759.8544921875,-612.8411865234375,-574.2640380859375,-611.709716796875,-928.7738037109375,-701.2257080078125,-683.6585693359375,-737.689208984375,-690.141845703125,-828.1602783203125,-798.9736328125,-791.5191650390625,-796.511474609375,-709.2139892578125,-808.8056640625,-902.8013916015625,-779.2696533203125,-813.81591796875,-840.290283203125,-912.4912109375,-978.4810791015625,-1016.85546875,-955.285400390625,-1246.678955078125,-1123.0321044921875,-994.324951171875,-1286.3143310546875,-1186.39404296875,-1151.7908935546875,-984.9283447265625,-997.0068359375,-867.633056640625,-878.2391357421875,-923.438232421875,-783.3709716796875,-870.4837646484375,-841.6456298828125,-815.5079345703125,-881.47216796875,-764.60107421875,-904.1448974609375,-816.560302734375,-810.5965576171875,-729.942138671875,-872.7349853515625,-789.3643798828125,-677.777099609375,-720.543701171875,-946.5849609375,-705.2564697265625,-711.0845947265625,-792.1971435546875,-867.8525390625,-611.55517578125,-719.6268310546875,-570.8748779296875,-721.1842041015625,-672.1849365234375,-621.1265869140625,-563.733642578125,-551.3121337890625,-411.40716552734375,-400.798828125,-458.87249755859375,-331.64617919921875,-369.724365234375,-261.55029296875,-381.39361572265625,-325.1246337890625,-216.47796630859375,-409.0963134765625,-462.6329345703125,-365.501708984375,-336.37139892578125,-203.7911376953125,-191.08612060546875,-161.116943359375,-187.75628662109375,-138.45196533203125,-187.13922119140625,-188.073486328125,-78.82257080078125,18.71624755859375
"S282",223.726806640625,230.28070068359375,231.07839965820312,234.36468505859375,256.59056091308594,261.84922790527344,264.60089111328125,241.64263916015625,260.8698272705078,290.8974609375,252.39662170410156,279.547607421875,286.3825225830078,305.1919250488281,301.81903076171875,295.90443420410156,291.9352722167969,285.3353576660156,310.9092559814453,310.42633056640625,318.6307067871094,335.05519104003906,322.290771484375,319.69068908691406,319.72686767578125,334.5120391845703,304.44139099121094,327.0247497558594,326.5181427001953,320.7889404296875,332.1007080078125,347.3235626220703,302.0263977050781,333.37335205078125,341.19073486328125,337.5164337158203,335.3831329345703,331.9304656982422,294.4006042480469,296.8502655029297,170.23223876953125,165.54177856445312,242.3836669921875,246.08802795410156,199.442138671875,175.19314575195312,112.02294921875,89.4813232421875,-151.328857421875,32.277374267578125,-128.80914306640625,-170.8818359375,-304.75579833984375,-392.25421142578125,-416.5880126953125,-452.3177490234375,-504.3885498046875,-649.3770751953125,-744.1158447265625,-622.3299560546875,-543.93408203125,-658.54150390625,-809.6396484375,-643.9639892578125,-745.9600830078125,-753.1068115234375,-757.04052734375,-915.533447265625,-929.146240234375,-822.303955078125,-924.00537109375,-757.4622802734375,-856.609130859375,-1040.9990234375,-911.5791015625,-1005.136962890625,-1112.5068359375,-1007.5196533203125,-1133.97314453125,-1195.043212890625,-1259.701904296875,-1280.22412109375,-1220.223876953125,-1065.955078125,-1289.9735107421875,-1326.29248046875,-1072.2493896484375,-1052.869140625,-1043.07666015625,-1137.8602294921875,-1046.8123779296875,-1079.829833984375,-859.80810546875,-958.14306640625,-781.8162841796875,-977.782470703125,-984.130615234375,-893.214599609375,-932.921142578125,-750.58251953125,-799.498291015625,-772.1976318359375,-750.403076171875,-808.384033203125,-662.172119140625,-714.4500732421875,-891.564697265625,-546.133056640625,-697.322998046875,-673.30615234375,-635.686279296875,-640.040283203125,-665.4373779296875,-548.0623779296875,-647.2427978515625,-533.6668701171875,-582.0614013671875,-528.255615234375,-536.226806640625,-578.2601318359375,-426.95611572265625,-579.32763671875,-364.294189453125,-378.061279296875,-472.59747314453125,-356.19537353515625,-284.71978759765625,-153.23681640625,-264.01715087890625,-248.6492919921875,-295.9957275390625,-346.26751708984375,-421.3643798828125,-471.1337890625,-79.54449462890625,-147.06671142578125,-104.724365234375,-173.427978515625,-241.69927978515625,-78.553955078125,11.14202880859375
"S283",291.8478240966797,281.1160430908203,255.18711853027344,235.32052612304688,239.24069213867188,218.79855346679688,246.3909912109375,227.86489868164062,211.329345703125,285.4299011230469,291.43247985839844,276.62937927246094,268.5617980957031,289.01170349121094,264.7772979736328,264.453369140625,288.2939147949219,227.46697998046875,278.6618194580078,285.73155212402344,282.45713806152344,291.0505828857422,292.138916015625,278.12294006347656,318.9414367675781,303.7278289794922,295.9678192138672,325.1651306152344,312.57481384277344,308.73095703125,309.2127990722656,292.382568359375,294.743408203125,308.84767150878906,324.76904296875,293.06141662597656,310.3135223388672,309.38832092285156,304.85662841796875,303.36607360839844,118.57720947265625,119.1497802734375,233.55291748046875,261.8124542236328,242.13702392578125,230.67984008789062,253.8687286376953,102.48074340820312,48.057525634765625,-56.86688232421875,-105.11602783203125,-214.830810546875,-262.62896728515625,-475.54364013671875,-774.6456298828125,-531.670166015625,-637.556884765625,-856.9727783203125,-847.759521484375,-877.2635498046875,-822.78271484375,-838.958984375,-906.5047607421875,-936.3365478515625,-1062.6007080078125,-932.303466796875,-1031.430419921875,-966.06005859375,-1008.31787109375,-924.283447265625,-1020.8970947265625,-1019.4365234375,-941.8944091796875,-941.580810546875,-1038.425537109375,-1008.4940185546875,-995.5706787109375,-1121.9755859375,-1205.0577392578125,-1305.9073486328125,-1103.962158203125,-1153.8663330078125,-1139.9459228515625,-1126.785400390625,-1135.9058837890625,-1129.2081298828125,-1133.2098388671875,-1068.4990234375,-1344.78076171875,-1096.33984375,-943.6737060546875,-1075.0367431640625,-1276.6019287109375,-1299.0299072265625,-1115.3157958984375,-1106.77001953125,-1343.087890625,-1179.1009521484375,-1143.22998046875,-1199.4864501953125,-1006.3507080078125,-984.7926025390625,-906.2281494140625,-883.865234375,-867.0975341796875,-873.1785888671875,-860.3541259765625,-803.235107421875,-853.57373046875,-694.4393310546875,-685.3206787109375,-718.680908203125,-525.6451416015625,-1070.3682861328125,-586.6103515625,-418.88238525390625,-489.02618408203125,-234.35760498046875,-334.76617431640625,-398.95587158203125,-220.98699951171875,-185.45068359375,-167.140625,-192.51666259765625,-199.3455810546875,-269.35089111328125,-32.97845458984375,-49.83026123046875,-148.05694580078125,-3.3056640625,15.662078857421875,92.1920166015625,-198.4013671875,-165.90545654296875,-39.1158447265625,71.54452514648438,125.92373657226562,144.19107055664062,129.92709350585938,135.74880981445312,120.24209594726562
"S284",265.32081604003906,254.54779052734375,231.8563232421875,202.70431518554688,265.715087890625,223.49664306640625,270.4728546142578,286.3143005371094,263.0113220214844,248.5485382080078,273.81982421875,286.3935546875,272.1147918701172,287.20555114746094,282.8520050048828,266.6117248535156,281.59730529785156,259.0442352294922,283.0346984863281,298.10166931152344,301.32244873046875,296.08172607421875,304.4447326660156,277.98876953125,307.92724609375,318.386962890625,289.97190856933594,324.0882873535156,312.6277313232422,315.139892578125,314.74224853515625,303.7306213378906,318.6466522216797,311.5850830078125,315.8358917236328,285.4534606933594,315.19349670410156,278.599365234375,259.5525665283203,306.7906036376953,269.375244140625,269.7429504394531,262.4423370361328,219.52218627929688,157.22817993164062,175.37344360351562,102.31329345703125,49.026275634765625,-41.38848876953125,-149.4453125,-227.3489990234375,-270.25347900390625,-356.641357421875,-661.687744140625,-1000.467529296875,-1106.2454833984375,-1036.633056640625,-1174.0648193359375,-1157.66943359375,-1235.2982177734375,-1303.4796142578125,-1207.5191650390625,-1239.3831787109375,-1230.0228271484375,-1349.7113037109375,-1294.710693359375,-1357.56884765625,-1265.55810546875,-1422.8746337890625,-1366.3717041015625,-1292.4434814453125,-1409.9202880859375,-1494.6500244140625,-1431.432861328125,-1459.8590087890625,-1534.2208251953125,-1628.47509765625,-1580.4404296875,-1624.9189453125,-1681.8017578125,-1440.158447265625,-1599.1484375,-1651.00390625,-1603.70458984375,-1735.69384765625,-1665.271240234375,-1617.413330078125,-1413.6280517578125,-1900.874267578125,-1441.6868896484375,-1285.7130126953125,-1870.21875,-1664.818359375,-1442.3026123046875,-1547.3603515625,-1424.83349609375,-1614.302978515625,-1552.200439453125,-1482.4156494140625,-1645.28759765625,-1619.128662109375,-1408.3670654296875,-1558.268310546875,-1553.145263671875,-1313.470703125,-1382.064208984375,-1281.67041015625,-1389.2369384765625,-1548.451171875,-1510.5782470703125,-1434.0076904296875,-1245.4664306640625,-1653.833984375,-1321.405029296875,-1223.23974609375,-894.6629638671875,-929.6136474609375,-598.3472900390625,-456.3336181640625,-482.7822265625,-328.5595703125,-332.00042724609375,-340.28363037109375,-234.96636962890625,-210.4188232421875,-330.534912109375,-110.32244873046875,-163.5914306640625,-179.0289306640625,-49.7099609375,-51.4222412109375,-3.514617919921875,-88.0650634765625,-12.18243408203125,-24.960205078125,29.314300537109375,27.29833984375,67.40472412109375,85.30392456054688,40.233489990234375,94.85150146484375
"S285",310.43141174316406,296.66871643066406,276.69520568847656,270.40406799316406,312.30474853515625,279.28550720214844,343.5390930175781,318.28607177734375,311.90814208984375,284.47801208496094,312.13075256347656,324.1073303222656,339.80287170410156,333.208984375,340.09576416015625,358.92942810058594,348.7207946777344,338.90611267089844,366.2871856689453,362.7890167236328,366.0667419433594,366.2357940673828,365.8309783935547,365.28025817871094,364.65638732910156,363.8167724609375,362.853759765625,361.7552185058594,360.42755126953125,358.9082336425781,357.1046905517578,355.08197021484375,352.82432556152344,350.31642150878906,347.47242736816406,344.3413848876953,340.8956756591797,337.17030334472656,324.97410583496094,328.9339599609375,324.34228515625,319.52305603027344,314.5348815917969,309.28465270996094,246.2411651611328,265.54808044433594,177.3360595703125,154.13827514648438,169.10409545898438,133.37319946289062,88.97341918945312,22.998870849609375,-51.48443603515625,-88.154052734375,-215.650146484375,-179.9627685546875,-247.91357421875,-288.08001708984375,-338.111328125,-444.4501953125,-571.099609375,-506.80010986328125,-374.5074462890625,-403.27349853515625,-426.98504638671875,-504.4188232421875,-468.886474609375,-490.03839111328125,-640.820556640625,-596.7479248046875,-521.9310913085938,-573.3427734375,-590.2498779296875,-560.3858642578125,-547.576171875,-633.5849609375,-798.4393310546875,-690.2203369140625,-647.6273193359375,-604.435302734375,-587.6365966796875,-642.31884765625,-654.6806640625,-573.5009765625,-653.3597412109375,-824.924560546875,-584.9241943359375,-658.666259765625,-700.27734375,-612.20849609375,-532.082275390625,-753.008056640625,-658.8956298828125,-525.778564453125,-574.600830078125,-557.88427734375,-597.2757568359375,-612.302978515625,-584.04736328125,-610.2666015625,-602.701904296875,-627.3524169921875,-624.8399658203125,-623.0948486328125,-581.72412109375,-537.3480224609375,-595.310302734375,-510.82000732421875,-653.718994140625,-548.03759765625,-468.69622802734375,-589.1998291015625,-639.0009765625,-487.88116455078125,-494.90325927734375,-428.65191650390625,-372.114501953125,-361.314453125,-262.3076171875,-160.0181884765625,-104.4073486328125,-96.5633544921875,-84.0146484375,9.9437255859375,2.822662353515625,-23.00067138671875,34.96826171875,2.2274169921875,39.577392578125,118.92156982421875,72.02877807617188,96.4273681640625,109.90472412109375,100.52587890625,184.6920166015625,147.75778198242188,143.15167236328125,134.43280029296875,189.68441772460938,183.668212890625,147.08819580078125
"S286",226.16574096679688,231.80731201171875,237.28433227539062,242.47802734375,247.22596740722656,251.84237670898438,255.88522338867188,259.69862365722656,262.94715881347656,265.8418731689453,268.4744110107422,270.76048278808594,272.8504333496094,274.5806427001953,275.6800537109375,276.5920104980469,277.3100128173828,277.70558166503906,277.9613800048828,277.97393798828125,277.9414367675781,277.66624450683594,277.3082580566406,276.7449645996094,276.07276916503906,275.08985900878906,273.925537109375,272.61448669433594,270.9571533203125,269.03338623046875,266.68638610839844,264.0271911621094,261.0418701171875,257.68382263183594,253.79530334472656,249.44557189941406,244.60317993164062,239.32107543945312,233.53424072265625,227.39749145507812,220.63287353515625,213.42636108398438,205.92074584960938,197.90243530273438,189.35614013671875,180.55355834960938,171.43417358398438,76.72720336914062,108.3017578125,88.37762451171875,32.9100341796875,-11.846710205078125,-87.5369873046875,-31.88653564453125,-163.04400634765625,-65.5911865234375,-248.41094970703125,-142.44744873046875,-169.55548095703125,-339.07525634765625,-285.16815185546875,-389.10784912109375,-237.73773193359375,-265.02166748046875,-305.75189208984375,-353.55133056640625,-241.739990234375,-439.47344970703125,-361.28009033203125,-353.38555908203125,-365.21954345703125,-420.987060546875,-537.7559814453125,-358.8795166015625,-399.8663330078125,-392.48797607421875,-680.9320068359375,-565.730224609375,-454.76141357421875,-399.12255859375,-535.999755859375,-520.288330078125,-370.01806640625,-444.49072265625,-552.0682373046875,-574.1650390625,-488.1453857421875,-470.56304931640625,-426.55194091796875,-508.121337890625,-442.34521484375,-526.0133056640625,-454.0401611328125,-458.13189697265625,-460.918701171875,-462.50921630859375,-462.64447021484375,-461.5152587890625,-458.4407958984375,-453.75732421875,-448.1085205078125,-463.60235595703125,-432.7154541015625,-461.51324462890625,-411.92938232421875,-400.06549072265625,-460.4632568359375,-374.32757568359375,-360.57550048828125,-345.8302001953125,-330.07080078125,-314.000244140625,-297.37591552734375,-358.13232421875,-364.26495361328125,-245.2342529296875,-227.10638427734375,-223.96295166015625,-246.73419189453125,-170.92047119140625,-151.3497314453125,-131.5205078125,-111.5462646484375,-91.9254150390625,-72.9337158203125,-53.23529052734375,-33.9207763671875,-15.54595947265625,2.454742431640625,20.073699951171875,36.623870849609375,52.845703125,68.384521484375,83.06655883789062,97.00509643554688,110.33871459960938,123.07345581054688,134.87823486328125,145.88772583007812,156.18658447265625,166.15631103515625
"S287",150.115966796875,156.90280151367188,163.46893310546875,169.59561157226562,175.06454467773438,180.33877563476562,184.85372924804688,189.0037841796875,192.46481323242188,195.46890258789062,198.134033203125,200.36871337890625,202.41671752929688,203.9776611328125,204.78829956054688,205.39950561523438,205.80673217773438,205.79266357421875,205.664306640625,205.23248291015625,204.7330322265625,203.92166137695312,202.97552490234375,201.75167846679688,200.32177734375,198.43820190429688,196.21322631835938,193.79476928710938,190.807373046875,187.40249633789062,183.3714599609375,178.85302734375,173.85787963867188,168.31683349609375,161.972900390625,154.96231079101562,147.29928588867188,139.05523681640625,130.06768798828125,120.71438598632812,110.53662109375,99.7816162109375,88.7640380859375,77.05615234375,64.7332763671875,52.253173828125,39.32330322265625,25.9156494140625,12.794158935546875,-0.9442138671875,-15.34796142578125,-29.92816162109375,-45.0150146484375,-60.97760009765625,-76.8389892578125,-93.2635498046875,-110.8929443359375,-129.45501708984375,-149.125732421875,-168.41912841796875,-187.01324462890625,-207.38323974609375,-228.7127685546875,-250.8143310546875,-273.34344482421875,-296.52606201171875,-320.35980224609375,-344.52740478515625,-369.71832275390625,-394.0013427734375,-419.13153076171875,-444.1966552734375,-468.79388427734375,-492.4283447265625,-515.0413818359375,-537.86279296875,-560.259765625,-581.850830078125,-602.2550048828125,-622.0665283203125,-641.15869140625,-659.1005859375,-676.292724609375,-693.1610107421875,-707.6220703125,-720.9102783203125,-734.15478515625,-745.1588134765625,-755.2061767578125,-763.6517333984375,-771.1558837890625,-776.846923828125,-780.954345703125,-783.1273193359375,-783.4171142578125,-782.0933837890625,-778.783935546875,-773.639404296875,-766.0633544921875,-756.4176025390625,-745.7490234375,-733.7432861328125,-719.34375,-704.0328369140625,-686.8671875,-668.9791259765625,-650.331787109375,-631.0714111328125,-611.1234130859375,-590.1514892578125,-567.930419921875,-545.3135986328125,-521.9930419921875,-498.29376220703125,-474.57745361328125,-449.549560546875,-424.601318359375,-399.31500244140625,-373.88262939453125,-348.0865478515625,-321.77252197265625,-295.3516845703125,-269.09320068359375,-243.44158935546875,-218.83538818359375,-193.55157470703125,-169.0291748046875,-145.974853515625,-123.49285888671875,-101.753173828125,-81.37786865234375,-61.59564208984375,-42.70208740234375,-24.97137451171875,-8.169281005859375,7.896453857421875,23.219879150390625,37.4185791015625,50.703277587890625,63.180694580078125,75.33197021484375
"S288",235.91311645507812,241.04345703125,246.0159149169922,250.6501007080078,254.78317260742188,258.77565002441406,262.1955261230469,265.3334655761719,267.95973205566406,270.23609924316406,272.2557373046875,273.9516906738281,275.5111541748047,276.6977081298828,277.3177490234375,277.7868194580078,278.10711669921875,278.1016845703125,278.0173645019531,277.6973114013672,277.33055114746094,276.72535705566406,276.01869201660156,275.10498046875,274.0343322753906,272.6221923828125,270.9471435546875,269.1300354003906,266.88258361816406,264.32415771484375,261.2892150878906,257.88783264160156,254.12950134277344,249.9600067138672,245.18077087402344,239.89910888671875,234.12835693359375,227.91555786132812,221.14593505859375,214.1009521484375,206.43362426757812,198.33331298828125,190.03671264648438,181.2208251953125,171.94476318359375,162.55209350585938,152.81939697265625,142.73492431640625,132.86257934570312,122.52645874023438,111.68704223632812,100.72195434570312,89.37890625,77.36849975585938,65.44918823242188,53.09649658203125,39.83807373046875,25.885040283203125,11.09820556640625,-3.408966064453125,-17.3934326171875,-32.70611572265625,-48.73907470703125,-65.3492431640625,-82.28338623046875,-99.70196533203125,-117.6239013671875,-135.78167724609375,-154.712890625,-172.96142578125,-191.83612060546875,-210.66943359375,-229.15533447265625,-246.90911865234375,-263.88946533203125,-281.02764892578125,-297.83953857421875,-314.05157470703125,-329.36431884765625,-344.23187255859375,-358.55633544921875,-372.01275634765625,-384.89739990234375,-397.5494384765625,-408.38043212890625,-418.329833984375,-428.2440185546875,-436.46820068359375,-443.97222900390625,-450.2684326171875,-455.858642578125,-460.09375,-463.1229248046875,-464.69671630859375,-464.8511962890625,-463.80450439453125,-461.26007080078125,-457.3408203125,-451.58709716796875,-444.27154541015625,-436.2203369140625,-427.14410400390625,-416.27667236328125,-404.735107421875,-391.78192138671875,-378.29168701171875,-364.228759765625,-349.7183837890625,-334.68597412109375,-318.881591796875,-302.13958740234375,-285.10626220703125,-267.55242919921875,-249.71563720703125,-231.86883544921875,-213.03436279296875,-194.26727294921875,-175.2430419921875,-156.1165771484375,-136.72003173828125,-116.936767578125,-97.06695556640625,-77.3248291015625,-58.0447998046875,-39.55120849609375,-20.5557861328125,-2.12542724609375,15.18902587890625,32.0767822265625,48.405853271484375,63.713287353515625,78.5706787109375,92.76727294921875,106.088134765625,118.69863891601562,130.75741577148438,142.26126098632812,152.93283081054688,162.91006469726562,172.27987670898438,181.40567016601562
"S289",235.91311645507812,241.04345703125,246.15618896484375,251.18446350097656,255.75869750976562,260.2270202636719,264.1419372558594,267.80023193359375,270.949951171875,273.75123596191406,276.2885437011719,278.49107360839844,280.5279083251953,282.1859588623047,283.2465362548828,284.1277160644531,284.8308868408203,285.1958312988281,285.45457458496094,285.4722137451172,285.4366149902344,285.1713409423828,284.81883239746094,284.28443908691406,283.62974548339844,282.6826171875,281.53355407714844,280.2788391113281,278.669677734375,276.8096466064453,274.4248046875,271.5462341308594,268.31590270996094,264.7049865722656,260.58119201660156,256.0087127685547,250.9394073486328,245.4350128173828,239.46963500976562,233.14654541015625,226.23348999023438,218.93142700195312,211.33782958984375,203.29937744140625,194.77606201171875,186.01107788085938,177.0223388671875,167.64508056640625,158.4222412109375,147.53097534179688,138.65081787109375,98.85165405273438,117.8162841796875,73.56182861328125,-6.7127685546875,81.53671264648438,71.98333740234375,27.900726318359375,3.5531005859375,16.781890869140625,-34.8577880859375,5.09881591796875,-9.718658447265625,-25.16387939453125,-40.89532470703125,-57.214111328125,-74.02734375,-91.20025634765625,-108.976318359375,-126.46551513671875,-144.5283203125,-162.60638427734375,-180.41094970703125,-197.578369140625,-214.2132568359375,-230.99346923828125,-247.5238037109375,-263.5113525390625,-278.70281982421875,-293.494140625,-307.7049560546875,-321.22540283203125,-334.2532958984375,-346.76690673828125,-357.73583984375,-367.992431640625,-378.075927734375,-386.86114501953125,-395.0115966796875,-402.71490478515625,-410.060546875,-416.25408935546875,-421.40313720703125,-425.3134765625,-427.95721435546875,-429.51055908203125,-429.68133544921875,-428.54443359375,-425.57489013671875,-421.022216796875,-415.6182861328125,-409.107421875,-400.73858642578125,-391.515869140625,-380.7220458984375,-369.26580810546875,-357.1080322265625,-344.38092041015625,-331.085693359375,-316.87677001953125,-301.66204833984375,-285.10626220703125,-267.55242919921875,-249.71563720703125,-231.86883544921875,-213.03436279296875,-194.26727294921875,-175.2430419921875,-156.1165771484375,-136.72003173828125,-116.936767578125,-97.06695556640625,-77.3248291015625,-58.0447998046875,-39.55120849609375,-20.5557861328125,-2.12542724609375,15.18902587890625,32.0767822265625,48.405853271484375,63.713287353515625,78.5706787109375,92.76727294921875,106.088134765625,118.69863891601562,130.75741577148438,142.26126098632812,152.93283081054688,162.91006469726562,172.27987670898438,181.40567016601562
"S290",-145.69189453125,-337.1624755859375,-105.0028076171875,-72.8431396484375,-125.7635498046875,-76.15087890625,-73.312255859375,-51.92559814453125,-7.50537109375,-28.632568359375,-112.13604736328125,14.953857421875,39.16864013671875,76.57833862304688,56.55657958984375,47.51593017578125,65.21221923828125,45.841461181640625,73.84332275390625,122.25103759765625,112.09539794921875,114.64389038085938,144.86880493164062,132.8262939453125,142.49874877929688,128.03170776367188,130.95480346679688,125.21630859375,130.01400756835938,163.4942626953125,138.6099853515625,135.82196044921875,178.15475463867188,155.1676025390625,149.45278930664062,175.67926025390625,89.10491943359375,133.6357421875,134.57882690429688,119.07855224609375,109.0394287109375,56.66595458984375,46.202789306640625,62.682281494140625,37.897003173828125,-28.0654296875,-101.342529296875,-255.76123046875,-318.300537109375,-532.359619140625,-407.86334228515625,-608.947021484375,-433.69854736328125,-543.8175048828125,-766.009765625,-541.6246337890625,-534.373779296875,-601.317138671875,-642.0196533203125,-603.3634033203125,-753.1741943359375,-571.6907958984375,-541.4080810546875,-640.299072265625,-530.4476318359375,-491.09613037109375,-596.9842529296875,-615.856689453125,-616.9990234375,-561.0120849609375,-553.1512451171875,-600.3006591796875,-585.7984619140625,-952.3388671875,-798.723876953125,-701.8260498046875,-813.4647216796875,-687.4534912109375,-628.8775634765625,-556.400390625,-582.32177734375,-477.98565673828125,-559.4427490234375,-485.13201904296875,-428.64697265625,-446.93865966796875,-387.7923583984375,-485.742919921875,-402.932373046875,-562.056396484375,-526.944091796875,-477.5565185546875,-372.7213134765625,-394.275634765625,-394.32177734375,-429.36553955078125,-373.57647705078125,-402.67437744140625,-489.40887451171875,-604.7657470703125,-433.7008056640625,-455.10028076171875,-476.787109375,-595.4691162109375,-402.07086181640625,-459.3656005859375,-438.5863037109375,-560.40283203125,-673.405517578125,-1031.853759765625,-492.00604248046875,-490.3636474609375,-393.11962890625,-449.8544921875,-563.4200439453125,-560.362548828125,-520.8903198242188,-513.3261108398438,-1100.77490234375,-597.3365478515625,-476.97296142578125,-479.0469970703125,-544.8802490234375,-504.828125,-597.5721435546875,-682.0369873046875,-555.4029541015625,-496.9644775390625,-415.03857421875,-389.40234375,-497.42913818359375,-477.51605224609375,-368.655517578125,-468.57568359375,-587.3353271484375,-688.133056640625,-446.2838134765625,-384.4527587890625,-418.20379638671875,-346.1322021484375,-383.20355224609375
"S291",-179.90435791015625,-202.8680419921875,-45.54876708984375,-27.16473388671875,-74.0048828125,31.099853515625,-72.6868896484375,4.006683349609375,51.5054931640625,0.27630615234375,-107.686279296875,49.170379638671875,71.26083374023438,90.93521118164062,45.82611083984375,58.25054931640625,62.584503173828125,63.24169921875,109.41131591796875,136.60501098632812,145.20904541015625,141.30731201171875,183.2965087890625,124.03070068359375,163.91156005859375,130.3802490234375,145.29168701171875,148.9415283203125,128.39132690429688,171.75985717773438,139.62722778320312,143.7342529296875,180.795166015625,157.551025390625,158.6004638671875,210.878173828125,130.28805541992188,160.96469116210938,169.7691650390625,138.75222778320312,159.888671875,111.330322265625,109.38088989257812,90.87139892578125,40.307586669921875,73.04217529296875,-109.89471435546875,-187.2314453125,-50.76904296875,-102.80401611328125,-214.87774658203125,-212.21954345703125,-76.16790771484375,-133.07403564453125,-155.8834228515625,-51.40167236328125,-199.96630859375,-163.40576171875,-140.737060546875,-141.01165771484375,-95.25579833984375,-109.67071533203125,-59.5345458984375,-142.66802978515625,-78.62384033203125,-63.808837890625,-101.729248046875,-71.54327392578125,-135.3447265625,-209.15936279296875,-189.6348876953125,-224.4322509765625,-140.60748291015625,-106.98162841796875,-182.11602783203125,-291.39141845703125,-188.10205078125,-253.0032958984375,-218.83837890625,-129.63763427734375,-139.5806884765625,-163.39654541015625,-184.2930908203125,-220.77398681640625,-94.60491943359375,-111.0010986328125,-108.49139404296875,-160.46392822265625,-242.21038818359375,-119.21697998046875,-99.2513427734375,-199.63055419921875,-166.3486328125,-137.00738525390625,-173.59686279296875,-125.9110107421875,-140.0146484375,-154.832763671875,-208.28607177734375,-191.82568359375,-175.51763916015625,-161.54718017578125,-153.1409912109375,-161.47369384765625,-133.81793212890625,-203.28076171875,-241.849365234375,-374.81689453125,-250.29620361328125,-291.42840576171875,-183.3905029296875,-295.07244873046875,-154.20086669921875,-407.56561279296875,-595.38232421875,-504.80352783203125,-343.32879638671875,-368.37139892578125,-331.79913330078125,-411.82293701171875,-298.1583251953125,-313.88116455078125,-407.55609130859375,-443.7440185546875,-518.1859741210938,-472.119140625,-512.6614379882812,-465.97625732421875,-365.70904541015625,-486.9921875,-417.5855712890625,-437.22869873046875,-258.162353515625,-387.2786865234375,-573.65966796875,-615.504638671875,-348.484375,-430.00836181640625,-346.03131103515625,-328.88134765625,-301.37493896484375
"S292",163.20822143554688,184.29827880859375,196.13302612304688,223.93145751953125,243.0587158203125,279.40504455566406,217.78610229492188,194.84115600585938,196.617431640625,282.17523193359375,296.8290557861328,283.58160400390625,277.8418884277344,300.89210510253906,272.64019775390625,279.1765899658203,288.1551513671875,287.9075622558594,293.2770690917969,313.9971923828125,293.6516418457031,304.52227783203125,334.0175018310547,295.8111114501953,306.56187438964844,322.25958251953125,302.89930725097656,319.3762664794922,325.92315673828125,313.331298828125,313.2789611816406,329.6028594970703,307.8114318847656,307.7101745605469,317.27130126953125,322.6598205566406,312.3284454345703,293.40553283691406,285.59288024902344,272.20216369628906,251.21864318847656,266.7960510253906,259.4595489501953,218.052001953125,78.57516479492188,199.8154296875,14.795257568359375,47.803070068359375,91.77658081054688,66.96343994140625,-59.25592041015625,-18.74859619140625,-3.760650634765625,-27.47894287109375,-75.13665771484375,19.5107421875,-21.3037109375,-34.17352294921875,-123.86468505859375,-97.76837158203125,-17.232421875,-47.51617431640625,-13.57000732421875,-22.5926513671875,4.579376220703125,-7.368682861328125,-99.2716064453125,20.949554443359375,-6.197113037109375,-23.71112060546875,-69.9244384765625,-12.095458984375,-7.6383056640625,-18.35772705078125,-10.25537109375,-52.02667236328125,-24.90814208984375,-19.0963134765625,-46.24200439453125,-12.27288818359375,-20.59454345703125,-19.49151611328125,-19.78076171875,-69.0042724609375,-70.95733642578125,-83.33624267578125,-45.4781494140625,-42.688232421875,-21.1937255859375,1.833770751953125,-6.759124755859375,20.667633056640625,-17.0889892578125,11.1661376953125,24.52813720703125,17.910980224609375,-28.40411376953125,-3.46636962890625,-54.6239013671875,0.7589111328125,12.022064208984375,45.4395751953125,27.8885498046875,38.969024658203125,26.250244140625,38.639801025390625,40.528045654296875,29.878662109375,9.002960205078125,13.904937744140625,24.23663330078125,-69.87493896484375,-7.806365966796875,-84.86907958984375,-159.5819091796875,-83.85357666015625,2.7491455078125,-59.66375732421875,-45.923095703125,-6.9439697265625,26.0467529296875,35.246246337890625,-28.1514892578125,19.682647705078125,-40.53369140625,-7.887847900390625,-8.06622314453125,-74.91339111328125,-50.20025634765625,-88.54498291015625,-16.506591796875,46.28424072265625,87.8470458984375,49.670745849609375,51.4110107421875,23.62420654296875,60.57366943359375,-27.998046875,101.75759887695312,-2.186767578125,26.6370849609375
"S293",147.84994506835938,215.74777221679688,205.92401123046875,245.00762939453125,236.5465087890625,237.8150634765625,242.87997436523438,161.68756103515625,186.519775390625,282.8744354248047,294.8986053466797,271.2858428955078,282.85089111328125,290.21234130859375,268.6448974609375,287.1947479248047,291.2261962890625,290.0948181152344,296.7088317871094,301.7834167480469,292.1488952636719,304.51182556152344,309.0542907714844,307.6261749267578,324.7356872558594,316.64247131347656,298.7803039550781,330.70477294921875,322.4476776123047,317.76622009277344,326.8815002441406,323.3578186035156,313.9827880859375,321.84974670410156,321.4253234863281,302.47337341308594,301.5674743652344,259.07713317871094,273.9440155029297,266.8748321533203,194.85659790039062,232.79364013671875,199.90939331054688,68.26055908203125,44.991912841796875,143.24887084960938,45.9385986328125,91.57162475585938,50.21099853515625,-104.957763671875,-128.1895751953125,-147.09552001953125,-28.9686279296875,-114.5169677734375,-58.5294189453125,-46.22210693359375,-98.22650146484375,-79.14117431640625,-113.80596923828125,-116.47161865234375,-72.364501953125,-79.91009521484375,-71.34881591796875,-91.1204833984375,-93.40576171875,-57.24761962890625,-203.79766845703125,-94.5267333984375,-36.97723388671875,-63.1407470703125,-102.67974853515625,5.590179443359375,-29.64044189453125,-77.2412109375,-60.1009521484375,-46.0054931640625,-33.1346435546875,-59.43701171875,-100.908935546875,-58.90643310546875,-117.9622802734375,-64.66595458984375,-130.69036865234375,-278.92742919921875,-47.74371337890625,-134.03875732421875,-145.56756591796875,-88.35693359375,-103.7578125,-71.58209228515625,-83.828369140625,-33.48089599609375,-43.150634765625,-21.10418701171875,-1.440460205078125,-15.78778076171875,-120.10137939453125,-46.6102294921875,-10.44573974609375,-67.7784423828125,-179.323974609375,-150.58477783203125,-32.67156982421875,-24.263671875,-46.6512451171875,-57.263671875,-11.827972412109375,23.383575439453125,-73.04058837890625,-66.25506591796875,-52.69439697265625,-133.3839111328125,-46.16925048828125,-6.054107666015625,-100.86322021484375,-72.33544921875,-46.8046875,-35.669921875,-72.81036376953125,-173.153076171875,50.4129638671875,-33.34564208984375,-86.1702880859375,12.967620849609375,25.32122802734375,-17.0184326171875,60.9306640625,-29.6746826171875,-36.22186279296875,26.686431884765625,-15.00921630859375,27.008087158203125,44.41058349609375,42.68853759765625,53.421234130859375,20.578460693359375,90.61337280273438,24.48553466796875,103.46206665039062,-50.7835693359375,56.1976318359375
"S294",3.76019287109375,13.784881591796875,23.23944091796875,32.234710693359375,40.4986572265625,48.36865234375,55.16937255859375,61.71356201171875,67.02011108398438,71.7288818359375,76.01959228515625,79.68572998046875,82.89315795898438,85.61868286132812,87.16815185546875,88.39892578125,89.24337768554688,89.67098999023438,89.7093505859375,89.36532592773438,88.98312377929688,88.14324951171875,87.17852783203125,85.7344970703125,84.14096069335938,81.89910888671875,79.42349243164062,76.46173095703125,72.90087890625,68.755615234375,63.817108154296875,58.243011474609375,51.936004638671875,44.883636474609375,36.91796875,28.1072998046875,18.28082275390625,7.611236572265625,-3.884521484375,-16.170166015625,-29.57623291015625,-43.69317626953125,-58.47320556640625,-74.0360107421875,-90.57244873046875,-107.69390869140625,-125.0953369140625,-143.3253173828125,-161.26580810546875,-180.166748046875,-199.69793701171875,-219.576904296875,-240.31854248046875,-261.86761474609375,-283.56402587890625,-305.723388671875,-329.455322265625,-354.6162109375,-381.01995849609375,-406.95965576171875,-432.15521240234375,-459.739013671875,-488.60003662109375,-518.7486572265625,-549.359130859375,-581.2381591796875,-613.95068359375,-647.5029296875,-681.963134765625,-716.16650390625,-751.423095703125,-786.639404296875,-821.2559814453125,-854.6466064453125,-887.1875,-919.933837890625,-952.2603759765625,-983.4915771484375,-1013.2119140625,-1042.1707763671875,-1069.9144287109375,-1096.4737548828125,-1122.146240234375,-1146.396728515625,-1167.861083984375,-1188.056640625,-1207.7244873046875,-1225.1888427734375,-1241.4129638671875,-1255.157470703125,-1267.9051513671875,-1277.945068359375,-1285.77685546875,-1291.5548095703125,-1294.8306884765625,-1295.4464111328125,-1293.17529296875,-1288.91064453125,-1280.8599853515625,-1270.0242919921875,-1257.0142822265625,-1242.2130126953125,-1224.3480224609375,-1204.4794921875,-1181.9447021484375,-1158.3909912109375,-1134.0118408203125,-1108.099853515625,-1081.4459228515625,-1052.911376953125,-1022.7056884765625,-992.0135498046875,-960.440185546875,-927.903564453125,-895.561279296875,-861.29248046875,-826.8353271484375,-792.030029296875,-756.7442626953125,-720.67333984375,-684.0765380859375,-647.2625732421875,-610.0301513671875,-573.770751953125,-538.7181396484375,-502.60113525390625,-467.3892822265625,-433.8133544921875,-401.360107421875,-369.52215576171875,-340.01568603515625,-310.94970703125,-283.35784912109375,-257.24346923828125,-232.4493408203125,-208.691650390625,-186.00732421875,-165.06488037109375,-145.529296875,-127.20465087890625,-109.45306396484375
"S295",26.035980224609375,35.7489013671875,45.2059326171875,54.17315673828125,62.353179931640625,70.3123779296875,77.27825927734375,83.82180786132812,89.409912109375,94.39462280273438,98.91397094726562,102.82940673828125,106.42324829101562,109.36962890625,111.24179077148438,112.7935791015625,114.00457763671875,114.64730834960938,115.06277465820312,115.0723876953125,114.97509765625,114.4752197265625,113.8211669921875,112.82595825195312,111.62625122070312,109.89682006835938,107.83413696289062,105.55471801757812,102.65155029296875,99.28256225585938,95.18869018554688,90.55084228515625,85.36090087890625,79.5272216796875,72.75714111328125,65.1741943359375,56.750030517578125,47.585601806640625,37.491729736328125,26.83953857421875,15.09149169921875,2.5435791015625,-10.481231689453125,-24.44158935546875,-39.3182373046875,-54.5894775390625,-70.48358154296875,-87.10595703125,-103.47674560546875,-120.66259765625,-138.62591552734375,-239.7734375,-175.61981201171875,-195.38543701171875,-215.037841796875,-235.2266845703125,-256.774169921875,-279.40850830078125,-303.3145751953125,-326.75360107421875,-349.4007568359375,-374.21624755859375,-400.28411865234375,-427.47564697265625,-455.34051513671875,-484.23956298828125,-514.1747436523438,-544.8468017578125,-577.0006103515625,-608.484619140625,-641.291015625,-674.3013916015625,-707.042236328125,-738.848388671875,-769.66552734375,-800.933349609375,-831.808349609375,-861.7801513671875,-890.4378662109375,-918.3690185546875,-945.3973388671875,-971.048828125,-995.824462890625,-1020.0787353515625,-1041.45703125,-1061.442138671875,-1081.3758544921875,-1098.73486328125,-1115.042236328125,-1129.4443359375,-1142.901611328125,-1154.2335205078125,-1163.72607421875,-1171.015625,-1176.0338134765625,-1179.0162353515625,-1179.511474609375,-1177.66259765625,-1172.5098876953125,-1164.5313720703125,-1154.8656005859375,-1143.2816162109375,-1128.338623046875,-1111.78369140625,-1092.4609375,-1071.927490234375,-1050.155517578125,-1027.2762451171875,-1003.4052734375,-977.8741455078125,-950.5325927734375,-922.603759765625,-893.641845703125,-864.0284423828125,-834.3953857421875,-802.908203125,-771.3648681640625,-739.265869140625,-706.7740478515625,-673.5218505859375,-639.3642578125,-604.75634765625,-569.968994140625,-535.7156982421875,-502.58599853515625,-468.16998291015625,-434.4534912109375,-402.3916015625,-370.90509033203125,-340.14898681640625,-311.18231201171875,-282.8427734375,-255.67486572265625,-230.03155517578125,-205.6387939453125,-182.3223876953125,-160.06658935546875,-139.47113037109375,-120.22576904296875,-102.22235107421875,-84.7880859375
"S296",86.387939453125,104.94802856445312,112.96646118164062,84.17660522460938,78.84884643554688,53.872283935546875,140.2811279296875,117.85406494140625,30.19830322265625,119.34127807617188,123.85748291015625,114.96725463867188,98.76187133789062,125.02999877929688,135.399658203125,170.63262939453125,133.97348022460938,138.23922729492188,172.58914184570312,158.22116088867188,158.51654052734375,158.5579833984375,171.57171630859375,156.38482666015625,167.94735717773438,168.2470703125,166.53927612304688,164.58609008789062,162.1363525390625,159.28231811523438,155.81527709960938,151.88534545898438,147.46017456054688,142.48284912109375,136.74478149414062,130.33102416992188,123.17575073242188,115.37551879882812,106.84100341796875,97.76876831054688,87.77548217773438,77.1368408203125,66.033935546875,54.190093994140625,41.555999755859375,28.5167236328125,15.043853759765625,0.931365966796875,-12.98590087890625,-27.62176513671875,-42.85577392578125,-58.30340576171875,-74.3199462890625,-91.07763671875,-107.79840087890625,-124.927734375,-143.2103271484375,-212.4434814453125,-182.72869873046875,-202.61871337890625,-221.884033203125,-245.06719970703125,-265.10626220703125,-288.22393798828125,-311.8602294921875,-336.4324951171875,-361.8499755859375,-387.93035888671875,-415.110107421875,-441.91827392578125,-469.76971435546875,-497.77587890625,-525.5250244140625,-552.4600830078125,-578.6580810546875,-605.1922607421875,-631.4105224609375,-656.8580322265625,-681.1900634765625,-704.9176025390625,-727.814697265625,-749.6351318359375,-770.7294921875,-791.143798828125,-809.2200927734375,-826.19140625,-842.9844970703125,-857.7845458984375,-871.6851806640625,-883.87060546875,-895.298583984375,-904.8489990234375,-912.788818359375,-918.9893798828125,-923.2685546875,-925.7159423828125,-926.0037841796875,-924.4613037109375,-920.0244140625,-913.234130859375,-904.899658203125,-894.9617919921875,-882.2979736328125,-868.138916015625,-851.639892578125,-834.1551513671875,-815.7161865234375,-796.20703125,-775.9215087890625,-754.144287109375,-730.876953125,-707.1453857421875,-682.59130859375,-657.3873291015625,-632.229736328125,-605.493896484375,-578.6600341796875,-551.4049072265625,-523.7808837890625,-495.48309326171875,-466.51397705078125,-437.18499755859375,-407.5888671875,-378.52813720703125,-350.38568115234375,-321.18988037109375,-292.57635498046875,-265.30157470703125,-238.62628173828125,-212.4854736328125,-187.97406005859375,-163.90966796875,-140.8919677734375,-119.12432861328125,-98.43194580078125,-78.6339111328125,-59.72723388671875,-42.23095703125,-25.902099609375,-10.623199462890625,4.161346435546875
"S297",28.58306884765625,127.080322265625,125.17498779296875,-4.18939208984375,-29.32794189453125,-43.75714111328125,95.57138061523438,54.7027587890625,-122.78033447265625,43.369232177734375,36.85870361328125,37.498443603515625,20.25408935546875,49.911712646484375,56.22418212890625,117.43740844726562,53.696136474609375,64.22479248046875,177.70703125,94.88189697265625,77.17587280273438,89.69439697265625,116.1339111328125,75.20523071289062,109.41357421875,101.68801879882812,179.34002685546875,219.33770751953125,230.68911743164062,198.36325073242188,245.35745239257812,255.05300903320312,284.5485382080078,299.32362365722656,280.76824951171875,277.61602783203125,262.3958740234375,313.474365234375,263.56317138671875,309.63482666015625,288.44508361816406,274.06947326660156,271.8081359863281,229.4710693359375,130.2518310546875,157.00860595703125,117.62570190429688,96.89151000976562,68.78988647460938,60.04974365234375,-22.295654296875,-11.03765869140625,-5.2620849609375,-52.11669921875,-34.98345947265625,-164.277587890625,-197.4224853515625,-267.9388427734375,-236.70751953125,-202.10406494140625,-228.91156005859375,-323.69384765625,-286.025390625,-205.89117431640625,-258.72003173828125,-314.4375,-211.08599853515625,-244.9010009765625,-236.15679931640625,-190.77130126953125,-393.15997314453125,-247.29681396484375,-165.88421630859375,-155.18951416015625,-193.915771484375,-227.487548828125,-273.4774169921875,-127.75909423828125,-251.62384033203125,-254.8990478515625,-154.7921142578125,-248.92633056640625,-424.97503662109375,-266.55938720703125,-344.3634033203125,-125.4036865234375,-162.8172607421875,-249.14813232421875,-335.61285400390625,-238.77398681640625,-396.491943359375,-477.14892578125,-583.676025390625,-511.25701904296875,-414.089599609375,-361.99951171875,-749.298583984375,-425.207763671875,-319.7841796875,-454.71356201171875,-250.7572021484375,-296.76806640625,-403.6107177734375,-244.31951904296875,-226.131103515625,-199.7076416015625,-380.7916259765625,-290.8074951171875,-230.9342041015625,-315.86236572265625,-141.15936279296875,-140.4276123046875,-299.63519287109375,-304.20916748046875,-213.87030029296875,-170.34466552734375,-94.832275390625,-66.4647216796875,-93.43798828125,-170.1795654296875,-128.00140380859375,-1.16461181640625,-89.83294677734375,-27.124755859375,-161.53900146484375,-341.51336669921875,36.62310791015625,84.66629028320312,-1.1483154296875,-31.24725341796875,6.770477294921875,13.977447509765625,85.4908447265625,-20.57379150390625,53.938446044921875,77.91647338867188,49.8121337890625,66.75875854492188,27.13372802734375,-110.88299560546875,80.373779296875
"S298",343.38934326171875,343.2313690185547,366.44573974609375,336.8962707519531,339.40431213378906,348.39622497558594,360.1171875,366.17823791503906,305.55718994140625,326.8054504394531,351.9835662841797,356.90997314453125,361.6170654296875,371.3312225341797,355.08140563964844,378.72181701660156,370.9504852294922,371.8084259033203,376.0366668701172,371.1462097167969,369.88645935058594,367.087890625,373.25635528564453,368.0220642089844,371.0640869140625,370.5753936767578,379.97855377197266,379.0103302001953,377.85577392578125,376.52974700927734,374.9568328857422,373.19188690185547,371.21031188964844,369.0076141357422,366.5262145996094,363.8002014160156,360.78746032714844,357.5237579345703,354.0361633300781,350.3290100097656,346.30845642089844,342.1034393310547,337.7251739501953,333.1408996582031,301.4723205566406,255.98678588867188,269.6294250488281,199.78424072265625,186.87890625,207.55862426757812,63.22283935546875,131.58297729492188,133.23492431640625,88.60818481445312,59.467529296875,72.59796142578125,21.104705810546875,19.58782958984375,104.36874389648438,90.80007934570312,99.748779296875,36.86834716796875,-4.962371826171875,55.315765380859375,98.14828491210938,53.737518310546875,96.509033203125,64.71920776367188,-54.54150390625,66.07745361328125,58.228302001953125,55.100311279296875,54.780364990234375,70.30340576171875,35.44122314453125,35.36981201171875,73.14923095703125,75.09375,30.439544677734375,23.616943359375,4.0460205078125,-2.08160400390625,-15.19049072265625,-30.9046630859375,13.414642333984375,21.07501220703125,16.075714111328125,11.732513427734375,7.772369384765625,4.556304931640625,-14.5845947265625,-0.458892822265625,-11.7412109375,-2.702972412109375,-9.735015869140625,-50.64080810546875,-123.63897705078125,-28.4774169921875,4.455230712890625,-57.31512451171875,-72.7779541015625,-32.2900390625,-58.30987548828125,-46.84130859375,-48.7335205078125,-144.03399658203125,-105.19183349609375,-61.6546630859375,-153.892333984375,-175.4837646484375,-42.5220947265625,-100.3551025390625,-101.31744384765625,-38.13677978515625,-36.173828125,99.83773803710938,71.81137084960938,107.81524658203125,148.739013671875,143.7772216796875,124.80926513671875,158.4017333984375,160.799072265625,210.44903564453125,210.65084838867188,189.76129150390625,239.53921508789062,248.6085968017578,257.3394012451172,265.87013244628906,273.7531280517578,281.49151611328125,288.8325653076172,285.0494842529297,301.6780090332031,287.972900390625,298.14320373535156,319.7581024169922,316.0186309814453,288.4215850830078,327.1103210449219
"S299",361.1783142089844,363.9193572998047,366.50408935546875,368.9349670410156,371.14222717285156,373.24232482910156,375.04061126708984,376.7511215209961,378.12986755371094,376.02581787109375,380.4170150756836,381.33487701416016,382.13873291015625,382.80250549316406,383.1437683105469,383.40167236328125,383.5693130493164,383.60972595214844,383.55970001220703,383.3885269165039,383.21898651123047,382.90997314453125,382.5626907348633,382.0764389038086,381.53673553466797,380.802490234375,379.97855377197266,379.0103302001953,377.85577392578125,376.52974700927734,374.9568328857422,373.19188690185547,371.21031188964844,369.0076141357422,366.5262145996094,363.8002014160156,360.78746032714844,357.5237579345703,354.0361633300781,350.3290100097656,346.30845642089844,342.1034393310547,337.7251739501953,333.1408996582031,328.302978515625,291.8883056640625,307.8527069091797,243.85366821289062,241.21624755859375,255.4384307861328,112.23553466796875,179.64321899414062,177.99722290039062,159.35748291015625,108.87643432617188,122.42941284179688,73.74017333984375,105.96200561523438,208.95358276367188,191.14779663085938,178.66058349609375,111.87396240234375,53.79412841796875,103.12051391601562,167.3819580078125,126.79010009765625,161.99490356445312,129.15487670898438,-35.10064697265625,139.07467651367188,138.56863403320312,123.78237915039062,96.762451171875,110.06509399414062,78.13436889648438,79.86203002929688,83.53134155273438,75.09375,67.12579345703125,59.374725341796875,51.98260498046875,37.475433349609375,38.165069580078125,-1.057830810546875,26.250579833984375,21.07501220703125,16.075714111328125,11.732513427734375,7.772369384765625,4.556304931640625,1.655029296875,-0.458892822265625,-1.884185791015625,-2.702972412109375,-2.789794921875,-2.135406494140625,-0.646820068359375,1.375274658203125,4.455230712890625,8.298187255859375,-35.48553466796875,17.494110107421875,23.13653564453125,12.639495849609375,-10.253021240234375,-137.8924560546875,-47.6651611328125,-9.850616455078125,-152.6322021484375,-166.780029296875,-32.74462890625,-116.31500244140625,-78.248291015625,17.122650146484375,2.18609619140625,129.61636352539062,111.79229736328125,144.18618774414062,159.360107421875,169.53060913085938,169.67529296875,190.08816528320312,200.43328857421875,210.44903564453125,220.09341430664062,229.95626831054688,239.53921508789062,248.6085968017578,257.3394012451172,265.87013244628906,273.7531280517578,281.49151611328125,288.8325653076172,295.7643127441406,302.30897521972656,308.5876007080078,314.58758544921875,320.15647888183594,325.3394775390625,330.2106170654297,334.9429626464844
"S300",361.1783142089844,363.9193572998047,366.50408935546875,368.9349670410156,371.14222717285156,373.24232482910156,375.04061126708984,376.7511215209961,378.12986755371094,371.64012145996094,380.4170150756836,381.33487701416016,382.13873291015625,382.80250549316406,383.1437683105469,383.40167236328125,383.5693130493164,383.60972595214844,383.55970001220703,383.3885269165039,383.21898651123047,382.90997314453125,382.5626907348633,382.0764389038086,381.53673553466797,380.802490234375,379.97855377197266,379.0103302001953,377.85577392578125,376.52974700927734,374.9568328857422,373.19188690185547,371.21031188964844,369.0076141357422,366.5262145996094,363.8002014160156,360.78746032714844,357.5237579345703,354.0361633300781,350.3290100097656,346.30845642089844,342.1034393310547,337.7251739501953,333.1408996582031,328.302978515625,321.5629425048828,318.2746276855469,283.90399169921875,275.9783172607422,278.6726531982422,165.0233154296875,204.0670166015625,196.60202026367188,165.33578491210938,134.24432373046875,133.71917724609375,81.33468627929688,116.79440307617188,179.138427734375,148.43353271484375,152.77810668945312,112.03533935546875,61.982208251953125,80.51248168945312,130.9376220703125,38.195068359375,100.409423828125,93.23117065429688,-13.5657958984375,72.19284057617188,77.71209716796875,101.28775024414062,54.138214111328125,75.01284790039062,68.50802612304688,53.652923583984375,83.53134155273438,75.09375,67.12579345703125,59.374725341796875,51.98260498046875,44.3802490234375,38.165069580078125,31.7939453125,26.250579833984375,21.07501220703125,16.075714111328125,11.732513427734375,7.772369384765625,4.556304931640625,1.655029296875,-0.458892822265625,-1.884185791015625,-2.702972412109375,-2.789794921875,-2.135406494140625,-11.32391357421875,1.375274658203125,4.455230712890625,8.298187255859375,-78.691650390625,17.494110107421875,23.13653564453125,29.26837158203125,21.9384765625,-143.06402587890625,-19.0372314453125,3.148223876953125,-78.47540283203125,-74.06182861328125,-8.17095947265625,-31.44940185546875,-6.716339111328125,87.07818603515625,55.53802490234375,129.61636352539062,120.7760009765625,94.10079956054688,159.360107421875,169.53060913085938,179.38919067382812,190.08816528320312,200.43328857421875,210.44903564453125,220.09341430664062,229.95626831054688,239.53921508789062,248.6085968017578,257.3394012451172,265.87013244628906,273.7531280517578,281.49151611328125,288.8325653076172,295.7643127441406,302.30897521972656,308.5876007080078,314.58758544921875,320.15647888183594,325.3394775390625,330.2106170654297,334.9429626464844
"S301",325.54417419433594,331.05577087402344,327.8767852783203,337.7597961425781,307.9693603515625,292.5988311767578,305.43504333496094,316.87733459472656,338.2105255126953,329.3026580810547,351.8262939453125,355.7006072998047,330.6302032470703,338.3328399658203,358.8329772949219,359.4167175292969,359.8708801269531,360.15093994140625,360.31036376953125,360.3171081542969,360.31443786621094,360.1484680175781,359.9407043457031,359.5833435058594,359.1769714355469,358.5646057128906,357.87005615234375,357.0361328125,356.0109405517578,354.81309509277344,353.3501892089844,351.6910858154297,349.80743408203125,347.6857604980469,345.2571563720703,342.5509796142578,339.5152130126953,336.18934631347656,332.59190368652344,328.7246398925781,324.470947265625,319.9678192138672,315.2306365966797,310.21484375,304.8595428466797,299.2884979248047,293.5940704345703,287.62469482421875,256.0381317138672,217.59490966796875,176.66448974609375,144.16024780273438,123.26806640625,63.488525390625,46.234039306640625,32.88067626953125,-32.4383544921875,1.373199462890625,3.459930419921875,-35.03961181640625,-10.79791259765625,-76.1611328125,6.096527099609375,-44.6650390625,-221.13299560546875,-212.88226318359375,-85.9962158203125,-86.24713134765625,-86.49700927734375,-135.29296875,-179.6142578125,-15.23260498046875,-104.08929443359375,-89.43017578125,-91.67724609375,-101.339599609375,-48.513916015625,4.458892822265625,-85.32879638671875,-45.1043701171875,-20.11041259765625,-97.24310302734375,-58.25372314453125,-46.6943359375,-54.233154296875,-61.35589599609375,-68.31170654296875,-74.54400634765625,-92.90643310546875,-85.4429931640625,-167.72210693359375,-113.1856689453125,-129.83087158203125,-112.58892822265625,-101.6258544921875,-176.6163330078125,-224.37921142578125,-101.79180908203125,-170.37481689453125,-122.30462646484375,-317.47210693359375,-183.5743408203125,-102.2276611328125,-77.35723876953125,-70.2572021484375,-317.29730224609375,-141.53009033203125,-138.7303466796875,-90.833251953125,-37.51702880859375,-70.083740234375,-35.48492431640625,-3.881195068359375,12.45904541015625,23.11517333984375,34.44390869140625,41.49639892578125,-118.42364501953125,68.38076782226562,73.37826538085938,93.31951904296875,105.69097900390625,118.24087524414062,130.50302124023438,142.39910888671875,154.70407104492188,159.775634765625,178.31591796875,189.53164672851562,200.5750732421875,210.86489868164062,221.014404296875,179.93264770507812,239.88058471679688,237.81869506835938,238.42742919921875,247.93882751464844,272.287841796875,246.092529296875,285.03086853027344,291.8240661621094
"S302",-209.23602294921875,-137.94012451171875,-286.27294921875,-227.8004150390625,-156.91729736328125,-26.8797607421875,-129.918701171875,-130.40948486328125,-52.49365234375,-14.43988037109375,-79.83135986328125,75.73526000976562,27.6478271484375,108.25799560546875,67.992431640625,82.12933349609375,98.56967163085938,148.07040405273438,90.6707763671875,168.93267822265625,184.48590087890625,146.88201904296875,171.23233032226562,156.47216796875,177.79391479492188,92.19805908203125,136.21591186523438,156.28341674804688,159.63931274414062,189.07550048828125,139.0799560546875,164.12771606445312,218.31417846679688,125.3082275390625,156.6834716796875,187.87118530273438,131.45928955078125,146.50631713867188,142.17080688476562,122.70614624023438,97.2901611328125,109.63546752929688,38.408294677734375,5.3370361328125,-52.33636474609375,-92.7012939453125,-219.914306640625,-149.08074951171875,-392.184326171875,-276.07525634765625,-240.31256103515625,-483.5347900390625,-401.16729736328125,-428.77166748046875,-510.87152099609375,-490.31634521484375,-432.5738525390625,-460.36309814453125,-570.2867431640625,-514.3175048828125,-599.6162109375,-714.04833984375,-614.3590087890625,-675.3719482421875,-777.281982421875,-595.610107421875,-694.405029296875,-857.36279296875,-585.9940185546875,-662.47705078125,-766.595703125,-700.90771484375,-828.7122802734375,-757.1123046875,-1171.64111328125,-680.19091796875,-741.0938720703125,-819.883056640625,-883.90966796875,-1094.2969970703125,-1122.6427001953125,-1200.21337890625,-1209.177490234375,-1569.991943359375,-1420.170166015625,-1070.1400146484375,-806.0751953125,-1004.270751953125,-812.4765625,-708.950439453125,-884.9300537109375,-875.1639404296875,-1044.151611328125,-902.2471923828125,-818.5830078125,-1000.44482421875,-1045.2239990234375,-755.466796875,-1046.1639404296875,-907.158203125,-1557.01318359375,-899.2198486328125,-987.3968505859375,-882.5638427734375,-884.3314208984375,-958.1375732421875,-909.6221923828125,-896.4039306640625,-800.8192138671875,-750.3070068359375,-701.65380859375,-794.865478515625,-716.2689208984375,-725.9873046875,-777.9473876953125,-1102.080810546875,-612.5546875,-636.3287353515625,-732.6302490234375,-559.3629150390625,-443.64569091796875,-488.794189453125,-566.52880859375,-771.3541259765625,-666.1409912109375,-629.18994140625,-945.35595703125,-730.193359375,-975.2237548828125,-1118.3203125,-963.767822265625,-894.561767578125,-825.9605712890625,-796.6116943359375,-816.9686279296875,-809.4261474609375,-638.7130126953125,-1086.388916015625,-653.33740234375,-248.56268310546875,-592.4046630859375
"S303",193.12588500976562,232.90753173828125,207.7906494140625,213.48788452148438,225.22659301757812,252.29617309570312,248.42031860351562,265.33494567871094,274.00965881347656,274.9429931640625,231.01937866210938,282.23846435546875,295.74473571777344,307.921630859375,298.01878356933594,300.4966125488281,294.2895965576172,314.03179931640625,314.1235809326172,339.4103698730469,352.08770751953125,334.14129638671875,334.8762512207031,344.0734558105469,332.09254455566406,342.1424255371094,335.2458953857422,337.7945098876953,330.5836944580078,306.5273132324219,322.2456512451172,333.18914794921875,351.767333984375,337.0182342529297,329.83860778808594,344.3413848876953,328.3779602050781,326.40313720703125,292.6376953125,304.3169250488281,294.8924255371094,305.3054504394531,269.8802795410156,254.05728149414062,195.41067504882812,197.20904541015625,77.62820434570312,165.61541748046875,95.4775390625,2.658935546875,-85.57037353515625,-117.7530517578125,-38.883056640625,-301.41632080078125,-279.5548095703125,-198.90521240234375,-211.5303955078125,-411.61749267578125,-264.70233154296875,-346.3231201171875,-407.02825927734375,-391.73480224609375,-448.4241943359375,-413.5775146484375,-537.120849609375,-553.983154296875,-764.262939453125,-720.9788818359375,-746.6217041015625,-706.0716552734375,-712.4073486328125,-639.917724609375,-758.5347900390625,-775.0045166015625,-639.354248046875,-981.4169921875,-793.2156982421875,-657.4058837890625,-777.87255859375,-795.3756103515625,-728.571533203125,-815.5301513671875,-705.779052734375,-657.7078857421875,-948.549072265625,-828.532958984375,-746.0777587890625,-755.8648681640625,-810.9183349609375,-648.562255859375,-858.6490478515625,-814.9376220703125,-684.0517578125,-658.5572509765625,-636.7645263671875,-747.8487548828125,-655.911376953125,-668.4383544921875,-581.41650390625,-561.770263671875,-705.5184326171875,-768.8983154296875,-671.341552734375,-771.3770751953125,-642.402587890625,-610.4775390625,-744.89794921875,-434.4583740234375,-609.4849853515625,-401.56927490234375,-393.2261962890625,-289.48834228515625,-349.0648193359375,-232.9732666015625,-424.750732421875,-373.11651611328125,-310.54913330078125,-234.19512939453125,-268.96728515625,-111.108154296875,-61.58636474609375,-142.61053466796875,-267.1146240234375,-146.8436279296875,-57.597412109375,-141.35882568359375,-74.781982421875,-79.5084228515625,-124.92901611328125,-80.80694580078125,-140.5758056640625,-165.07672119140625,-62.1619873046875,10.280792236328125,-21.6651611328125,-63.4405517578125,-20.48797607421875,26.402191162109375,-20.6109619140625,-88.615966796875,52.70751953125
"S304",157.27926635742188,189.96145629882812,137.51748657226562,184.24771118164062,159.91073608398438,195.48745727539062,200.40386962890625,235.73031616210938,102.29598999023438,227.498291015625,232.21432495117188,205.36639404296875,226.89419555664062,229.59869384765625,247.43760681152344,284.78126525878906,266.26312255859375,272.1466369628906,296.8924560546875,309.6415252685547,315.4067840576172,312.99085998535156,296.5164337158203,310.06846618652344,323.39112854003906,293.92352294921875,315.60052490234375,329.83766174316406,289.1261444091797,281.5060577392578,302.569580078125,285.1719055175781,320.2054901123047,316.1395721435547,311.20094299316406,316.7804870605469,310.0186309814453,299.8964538574219,285.06915283203125,294.9326171875,270.58660888671875,276.77911376953125,222.03289794921875,212.551025390625,184.79486083984375,169.10113525390625,19.966644287109375,-13.5738525390625,47.358917236328125,-173.55523681640625,-206.0555419921875,-145.90240478515625,-161.39276123046875,-334.61492919921875,-494.79180908203125,-489.52490234375,-524.8521728515625,-642.917236328125,-600.0081787109375,-743.38037109375,-827.2947998046875,-928.3355712890625,-962.81298828125,-1052.2220458984375,-941.6881103515625,-1058.8277587890625,-1173.1055908203125,-1094.984619140625,-1235.0975341796875,-1384.0018310546875,-1025.1171875,-1053.62451171875,-1182.133056640625,-1046.1551513671875,-1040.4703369140625,-1123.654296875,-1019.2064208984375,-1059.26220703125,-1060.6976318359375,-1057.410888671875,-948.3504638671875,-1042.4561767578125,-929.524658203125,-863.546875,-1052.570068359375,-1211.5240478515625,-1091.1090087890625,-1231.703857421875,-1139.74267578125,-1028.908447265625,-1046.70166015625,-1117.267822265625,-1207.2030029296875,-1228.573486328125,-1131.7366943359375,-1153.81298828125,-1699.865966796875,-968.60400390625,-808.4892578125,-864.434814453125,-1064.53564453125,-1024.478515625,-858.2412109375,-777.6961669921875,-766.8580322265625,-902.14111328125,-683.0413818359375,-555.3828125,-627.279296875,-541.9146728515625,-564.5120849609375,-479.68463134765625,-560.565673828125,-388.960205078125,-403.482177734375,-403.48516845703125,-353.5462646484375,-357.38824462890625,-701.49072265625,-173.2484130859375,-152.83795166015625,-167.61767578125,-178.451904296875,-96.1932373046875,-96.6956787109375,-266.85687255859375,-84.42535400390625,-83.8267822265625,-301.10650634765625,-37.76104736328125,-209.21368408203125,-120.16607666015625,-41.55218505859375,-34.3836669921875,-8.952667236328125,-48.60101318359375,-25.054931640625,33.794891357421875,24.61932373046875,-46.259521484375,-2.826873779296875
"S305",76.258544921875,37.01507568359375,75.59317016601562,55.346771240234375,152.11099243164062,96.93270874023438,119.74661254882812,166.52313232421875,153.83837890625,109.14370727539062,174.72021484375,78.72067260742188,38.7327880859375,178.5216064453125,182.77694702148438,221.47720336914062,206.50839233398438,203.44149780273438,192.21881103515625,235.36318969726562,244.43597412109375,218.30657958984375,224.68948364257812,255.8192901611328,239.39593505859375,231.5892333984375,222.96328735351562,250.2926025390625,220.15176391601562,281.67266845703125,245.32376098632812,232.43304443359375,259.9822235107422,238.002685546875,249.9230499267578,243.5472412109375,237.91815185546875,194.71356201171875,160.69427490234375,239.09921264648438,202.54669189453125,179.85162353515625,153.97607421875,143.65469360351562,87.93017578125,64.45758056640625,-39.49066162109375,-41.9222412109375,-200.55657958984375,-261.42822265625,-244.4447021484375,-342.07586669921875,-392.29534912109375,-570.1663818359375,-848.8829345703125,-741.127197265625,-799.5594482421875,-1043.7137451171875,-940.681396484375,-1143.97412109375,-1373.0120849609375,-1209.5772705078125,-1107.6436767578125,-1167.5889892578125,-1257.3768310546875,-1211.327880859375,-1203.474365234375,-1127.6195068359375,-1426.373291015625,-1409.6339111328125,-1248.859375,-1337.932861328125,-1233.2030029296875,-1305.1666259765625,-1336.798583984375,-1437.442138671875,-1538.8511962890625,-1425.55224609375,-1459.697509765625,-1569.76318359375,-1400.2369384765625,-1443.2027587890625,-1405.98583984375,-1230.5931396484375,-1369.3724365234375,-1487.5189208984375,-1287.517578125,-1319.9876708984375,-1549.1181640625,-1262.856689453125,-1230.4832763671875,-1425.047119140625,-1427.8470458984375,-1246.0313720703125,-1293.1038818359375,-1357.1353759765625,-1384.03076171875,-1369.123046875,-1316.7642822265625,-1370.43017578125,-1420.078369140625,-1377.40234375,-1305.59423828125,-1304.5294189453125,-1276.4918212890625,-1260.872314453125,-1277.5367431640625,-1145.050048828125,-1361.0316162109375,-1188.1256103515625,-1090.4794921875,-1185.39453125,-1392.9471435546875,-1022.9256591796875,-950.3782958984375,-980.0281982421875,-953.6888427734375,-776.7999267578125,-571.10986328125,-614.806396484375,-628.391845703125,-414.31170654296875,-393.2607421875,-285.265625,-285.9129638671875,-382.76214599609375,-287.0213623046875,-295.50970458984375,-307.72003173828125,-206.83099365234375,-247.73101806640625,-163.4334716796875,-145.48919677734375,-197.685302734375,-88.01904296875,-165.59039306640625,-158.53564453125,-114.82330322265625,-92.01611328125,-151.10174560546875,-99.11175537109375
"S306",291.6451873779297,289.03028869628906,280.8898468017578,270.7574005126953,304.47206115722656,301.0814666748047,323.1660614013672,327.62705993652344,327.0803985595703,250.45077514648438,319.7745056152344,346.3719177246094,338.7184295654297,336.6445007324219,334.3667907714844,349.8025665283203,343.74090576171875,346.9358367919922,336.4117126464844,336.4340057373047,344.13478088378906,349.2861785888672,354.4169616699219,365.28025817871094,361.4176483154297,361.89215087890625,353.42816162109375,361.7552185058594,359.2626037597656,358.9082336425781,357.1046905517578,354.4449005126953,352.82432556152344,350.31642150878906,347.47242736816406,331.4216003417969,340.8956756591797,322.5948181152344,321.24925231933594,328.9339599609375,324.34228515625,297.93853759765625,311.3088684082031,288.28004455566406,250.05136108398438,231.679443359375,153.32229614257812,163.33746337890625,96.89346313476562,49.1065673828125,21.914154052734375,-83.22412109375,-125.19171142578125,-241.59149169921875,-314.15008544921875,-373.44622802734375,-358.15423583984375,-466.77117919921875,-454.79693603515625,-567.0474853515625,-699.778564453125,-714.6788330078125,-637.572021484375,-606.4395751953125,-673.8203125,-730.4920654296875,-676.393798828125,-822.112548828125,-809.254638671875,-808.2420654296875,-796.9085693359375,-836.4683837890625,-773.1387939453125,-841.716064453125,-831.1221923828125,-948.3564453125,-993.734375,-854.216796875,-917.622802734375,-811.332763671875,-797.59326171875,-862.82421875,-1010.4603271484375,-718.1689453125,-809.71826171875,-923.4710693359375,-774.955078125,-848.129150390625,-900.868408203125,-754.5963134765625,-706.6422119140625,-767.62060546875,-784.6907958984375,-750.4927978515625,-669.04443359375,-770.6778564453125,-756.71826171875,-815.1907958984375,-770.7564697265625,-897.58056640625,-713.808349609375,-882.60302734375,-807.9998779296875,-768.235595703125,-702.070556640625,-659.2703857421875,-631.599853515625,-545.6361083984375,-657.98388671875,-551.4501953125,-465.2593994140625,-516.0787963867188,-603.8953857421875,-497.05157470703125,-444.59881591796875,-471.13507080078125,-380.4241943359375,-283.00128173828125,-245.43505859375,-245.17156982421875,-247.8907470703125,-148.06744384765625,-128.51348876953125,-115.40399169921875,-126.46051025390625,-123.58880615234375,-71.981201171875,-46.48382568359375,-45.24066162109375,41.031036376953125,-44.4466552734375,65.05731201171875,17.817779541015625,79.58139038085938,160.67755126953125,131.21347045898438,108.46771240234375,164.38467407226562,128.31033325195312,149.089599609375,161.7969970703125
"S307",290.88690185546875,295.1921081542969,299.39939880371094,303.37733459472656,306.9998016357422,310.5369110107422,313.63673400878906,316.53916931152344,319.0348205566406,321.2534637451172,323.265869140625,325.01451110839844,326.62843322753906,327.9482116699219,328.79225158691406,329.4936981201172,330.05528259277344,330.3518981933594,330.5613555908203,330.5775146484375,330.55723571777344,330.3520202636719,330.08009338378906,329.6614074707031,329.15093994140625,328.4077453613281,327.50897216796875,326.51905822753906,325.25401306152344,323.79148864746094,322.00103759765625,319.9733581542969,317.7064514160156,315.15687561035156,312.1884460449219,308.86395263671875,305.1736145019531,301.14842224121094,296.7257995605469,292.05438232421875,286.90020751953125,281.4010314941406,275.69183349609375,269.5771179199219,263.06585693359375,256.380615234375,249.4258270263672,242.16677856445312,235.009765625,214.81427001953125,167.40887451171875,110.634521484375,82.47885131835938,-1.982696533203125,-51.84112548828125,-67.15277099609375,-89.38800048828125,-120.5946044921875,-105.11444091796875,-202.66192626953125,-261.6732177734375,-352.819580078125,-269.541259765625,-231.109375,-294.68792724609375,-336.0814208984375,-253.57843017578125,-486.0877685546875,-306.0428466796875,-291.57275390625,-333.56500244140625,-386.8958740234375,-343.41522216796875,-390.85955810546875,-416.8624267578125,-483.13006591796875,-479.60614013671875,-359.156494140625,-411.54718017578125,-306.3946533203125,-358.10882568359375,-354.34283447265625,-476.93145751953125,-268.86199951171875,-313.7545166015625,-351.80712890625,-310.29425048828125,-394.43603515625,-326.6285400390625,-333.12646484375,-337.85638427734375,-270.082763671875,-254.37615966796875,-322.5452880859375,-230.958740234375,-315.5770263671875,-308.24163818359375,-391.52325439453125,-302.79473876953125,-491.62896728515625,-221.01824951171875,-538.429443359375,-361.60064697265625,-382.3546142578125,-274.58831787109375,-241.15509033203125,-174.75213623046875,-164.6978759765625,-154.203857421875,-142.9755859375,-130.96343994140625,-118.71124267578125,-106.030517578125,-133.036865234375,-80.09759521484375,-66.31903076171875,-52.52947998046875,-38.493896484375,-24.3018798828125,-9.78424072265625,5.115997314453125,20.2252197265625,35.4066162109375,50.336151123046875,64.77627563476562,79.75689697265625,94.44955444335938,108.3958740234375,122.09197998046875,135.47274780273438,148.07528686523438,160.3997802734375,171.07391357421875,183.38699340820312,193.973388671875,204.09603881835938,213.76373291015625,222.73760986328125,231.10519409179688,238.93051147460938,246.5098114013672
"S308",290.88690185546875,295.1921081542969,299.39939880371094,303.37733459472656,306.9998016357422,310.5369110107422,313.63673400878906,316.53916931152344,319.0348205566406,321.2534637451172,323.265869140625,325.01451110839844,326.62843322753906,327.9482116699219,328.79225158691406,329.4936981201172,330.05528259277344,330.3518981933594,330.5613555908203,330.5775146484375,330.55723571777344,330.3520202636719,330.08009338378906,329.6614074707031,329.15093994140625,328.4077453613281,327.50897216796875,326.51905822753906,325.25401306152344,323.79148864746094,322.00103759765625,319.9733581542969,317.7064514160156,315.15687561035156,312.1884460449219,308.86395263671875,305.1736145019531,301.14842224121094,296.7257995605469,292.05438232421875,286.90020751953125,281.4010314941406,275.69183349609375,269.5771179199219,263.06585693359375,256.380615234375,249.4258270263672,242.16677856445312,235.009765625,227.49551391601562,219.6400146484375,211.69888305664062,203.49240112304688,194.853515625,186.29086303710938,177.47732543945312,168.07171630859375,158.20278930664062,147.78250122070312,137.55654907226562,127.66659545898438,116.84603881835938,105.482666015625,93.63339233398438,81.48846435546875,68.9022216796875,55.837738037109375,42.47991943359375,28.477447509765625,14.7540283203125,0.480804443359375,-13.89605712890625,-28.16253662109375,-42.003173828125,-55.4078369140625,-69.00836181640625,-82.42364501953125,-95.45703125,-107.9027099609375,-120.0325927734375,-131.75982666015625,-142.8851318359375,-153.6123046875,-164.1195068359375,-173.35491943359375,-181.987548828125,-190.58416748046875,-198.05792236328125,-205.07037353515625,-211.2376708984375,-216.9989013671875,-221.84515380859375,-225.85260009765625,-228.9049072265625,-230.958740234375,-232.14288330078125,-232.22808837890625,-231.31072998046875,-228.93218994140625,-225.31085205078125,-221.01824951171875,-215.84735107421875,-209.2373046875,-201.9403076171875,-193.39849853515625,-184.34442138671875,-174.75213623046875,-164.6978759765625,-154.203857421875,-142.9755859375,-130.96343994140625,-118.71124267578125,-106.030517578125,-93.06341552734375,-80.09759521484375,-66.31903076171875,-52.52947998046875,-38.493896484375,-24.3018798828125,-9.78424072265625,5.115997314453125,20.2252197265625,35.4066162109375,50.336151123046875,64.77627563476562,79.75689697265625,94.44955444335938,108.3958740234375,122.09197998046875,135.47274780273438,148.07528686523438,160.3997802734375,172.226318359375,183.38699340820312,193.973388671875,204.09603881835938,213.76373291015625,222.73760986328125,231.10519409179688,238.93051147460938,246.5098114013672
"S309",-288.90240478515625,-272.6864013671875,-257.16156005859375,-242.3330078125,-228.67132568359375,-215.51751708984375,-204.02294921875,-193.01983642578125,-183.84014892578125,-175.60595703125,-168.08697509765625,-161.5784912109375,-155.75048828125,-150.8126220703125,-147.724365234375,-145.1756591796875,-143.267822265625,-142.12982177734375,-141.55535888671875,-141.59429931640625,-141.780517578125,-142.6475830078125,-143.73529052734375,-145.4876708984375,-147.49530029296875,-150.4298095703125,-153.75439453125,-157.64642333984375,-162.4693603515625,-168.12066650390625,-174.9378662109375,-182.67010498046875,-191.4161376953125,-201.252197265625,-212.5133056640625,-225.08599853515625,-239.158203125,-254.48004150390625,-271.216064453125,-289.0689697265625,-308.7122802734375,-329.60400390625,-351.47406005859375,-374.75372314453125,-399.6187744140625,-425.35882568359375,-451.8519287109375,-479.67987060546875,-507.11651611328125,-535.9967041015625,-565.9776611328125,-596.4520263671875,-628.1146240234375,-661.1060791015625,-694.189453125,-727.964599609375,-764.0179443359375,-802.067626953125,-842.07568359375,-881.32080078125,-919.3546142578125,-961.02734375,-1004.7427978515625,-1050.4566650390625,-1097.1253662109375,-1145.7449951171875,-1195.898681640625,-1247.5047607421875,-1301.1014404296875,-1354.1492919921875,-1409.259765625,-1464.6015625,-1519.37744140625,-1572.5869140625,-1624.47802734375,-1676.981689453125,-1728.931396484375,-1779.312255859375,-1827.54345703125,-1874.592529296875,-1919.958251953125,-1963.312255859375,-2005.312255859375,-2045.66064453125,-2081.580322265625,-2115.392822265625,-2148.742431640625,-2178.385986328125,-2206.255615234375,-2230.673095703125,-2253.6279296875,-2272.747314453125,-2288.758544921875,-2301.47216796875,-2310.42919921875,-2315.580810546875,-2316.46435546875,-2313.85205078125,-2305.491943359375,-2292.5771484375,-2276.24853515625,-2256.93408203125,-2232.294677734375,-2204.49462890625,-2172.222900390625,-2137.997802734375,-2101.996826171875,-2063.653564453125,-2023.8818359375,-1981.102783203125,-1935.41796875,-1888.799560546875,-1840.54248046875,-1790.894775390625,-1741.37890625,-1688.75634765625,-1635.83154296875,-1582.148681640625,-1527.6412353515625,-1471.7490234375,-1414.602783203125,-1356.8179931640625,-1298.3465576171875,-1240.9619140625,-1185.349853515625,-1127.630126953125,-1071.1083984375,-1017.0609130859375,-964.3321533203125,-912.5679931640625,-864.1602783203125,-816.51708984375,-771.0491943359375,-727.993408203125,-686.9716796875,-647.712890625,-610.23095703125,-575.6444091796875,-543.32470703125,-513.0704345703125,-483.81329345703125
"S310",235.40280151367188,240.8375244140625,246.15618896484375,251.18446350097656,255.75869750976562,260.2270202636719,264.1419372558594,267.80023193359375,270.949951171875,273.75123596191406,276.2885437011719,278.49107360839844,280.5279083251953,282.1859588623047,283.2465362548828,284.1277160644531,284.8308868408203,285.1958312988281,285.45457458496094,285.4722137451172,285.4366149902344,285.1713409423828,284.81883239746094,284.28443908691406,283.62974548339844,282.6826171875,281.53355407714844,280.2788391113281,278.669677734375,276.8096466064453,274.4248046875,271.5462341308594,268.31590270996094,264.7049865722656,260.58119201660156,256.0087127685547,250.9394073486328,245.4350128173828,239.46963500976562,233.14654541015625,226.23348999023438,218.93142700195312,211.33782958984375,203.29937744140625,194.77606201171875,186.01107788085938,177.0223388671875,167.64508056640625,158.4222412109375,148.7269287109375,138.65081787109375,104.04635620117188,87.49380493164062,60.73248291015625,53.64910888671875,36.821929931640625,47.09326171875,36.501007080078125,35.810577392578125,32.17315673828125,19.24609375,5.09881591796875,-9.718658447265625,-25.16387939453125,-40.89532470703125,-57.214111328125,-74.02734375,-91.20025634765625,-108.976318359375,-126.46551513671875,-144.5283203125,-162.60638427734375,-180.41094970703125,-197.578369140625,-214.2132568359375,-230.99346923828125,-247.5238037109375,-263.5113525390625,-278.70281982421875,-293.494140625,-307.7049560546875,-321.22540283203125,-334.2532958984375,-346.76690673828125,-357.73583984375,-367.992431640625,-378.075927734375,-386.86114501953125,-395.0115966796875,-402.71490478515625,-410.060546875,-416.25408935546875,-421.40313720703125,-425.3134765625,-427.95721435546875,-429.51055908203125,-429.68133544921875,-428.54443359375,-425.57489013671875,-421.022216796875,-415.6182861328125,-409.107421875,-400.73858642578125,-391.515869140625,-380.7220458984375,-369.26580810546875,-357.1080322265625,-344.38092041015625,-331.085693359375,-316.87677001953125,-301.66204833984375,-286.13165283203125,-270.04058837890625,-253.6044921875,-237.1552734375,-219.6766357421875,-202.18902587890625,-184.38079833984375,-166.37628173828125,-147.9613037109375,-129.0394287109375,-109.85211181640625,-90.5921630859375,-71.63134765625,-53.298583984375,-34.2664794921875,-15.60711669921875,2.100006103515625,19.50927734375,36.501708984375,52.525421142578125,68.18209838867188,83.21200561523438,97.38888549804688,110.84765625,123.71240234375,135.99575805664062,147.38937377929688,133.11495971679688,164.68890380859375,145.613525390625
"S311",-191.72125244140625,-121.18212890625,-186.61572265625,-140.461181640625,-83.640380859375,-70.56500244140625,-128.89532470703125,-152.5218505859375,-104.42181396484375,-37.67388916015625,-21.4659423828125,-36.305908203125,-38.81915283203125,26.937164306640625,-41.8428955078125,-11.619903564453125,38.17462158203125,1.661346435546875,27.573760986328125,36.5103759765625,-11.838134765625,53.12664794921875,66.80136108398438,56.40283203125,70.60751342773438,60.072021484375,72.43331909179688,52.763824462890625,60.729248046875,66.308349609375,98.45852661132812,104.769287109375,130.61489868164062,118.9261474609375,104.79736328125,108.65966796875,74.62896728515625,84.2015380859375,82.70028686523438,47.79949951171875,45.29473876953125,35.391265869140625,-16.33111572265625,30.8046875,-14.27008056640625,-117.31121826171875,-268.0662841796875,-271.27313232421875,-320.5535888671875,-423.33905029296875,-407.3736572265625,-508.03253173828125,-494.0218505859375,-358.46136474609375,-593.060791015625,-744.6275634765625,-515.2630615234375,-566.0662841796875,-531.5694580078125,-448.03460693359375,-481.76458740234375,-572.37255859375,-664.551025390625,-551.9454345703125,-510.70977783203125,-399.3685302734375,-551.471923828125,-447.04083251953125,-579.89111328125,-487.21527099609375,-698.625244140625,-546.819091796875,-555.720947265625,-524.3330078125,-447.48583984375,-449.18536376953125,-440.67926025390625,-395.7515869140625,-618.6810302734375,-495.46246337890625,-1156.726318359375,-721.8397216796875,-567.0533447265625,-508.767333984375,-593.158935546875,-538.5250244140625,-454.0130615234375,-458.4072265625,-405.6097412109375,-493.63726806640625,-400.31658935546875,-567.957763671875,-400.05120849609375,-378.0341796875,-318.26129150390625,-346.926513671875,-440.55096435546875,-549.6466064453125,-369.79034423828125,-391.6075439453125,-423.27978515625,-424.101806640625,-481.69097900390625,-421.57525634765625,-413.403564453125,-543.0267333984375,-405.985107421875,-615.3699951171875,-554.5074462890625,-578.73876953125,-480.44970703125,-554.105712890625,-553.8372802734375,-499.10479736328125,-663.8961181640625,-828.9566650390625,-1034.93701171875,-616.5989990234375,-829.26611328125,-782.625,-735.298583984375,-614.73828125,-439.94122314453125,-490.2545166015625,-702.952392578125,-884.131103515625,-695.2137451171875,-484.1744384765625,-544.941650390625,-710.39501953125,-534.7552490234375,-650.923583984375,-471.34686279296875,-362.760498046875,-515.6439208984375,-453.13519287109375,-285.433837890625,-498.6668701171875,-485.02374267578125,-428.62451171875,-493.83221435546875
"S312",23.609375,15.16033935546875,78.08840942382812,65.15289306640625,93.4801025390625,164.754150390625,106.309326171875,105.5257568359375,143.58026123046875,151.34765625,135.07763671875,161.8935546875,109.23062133789062,109.46438598632812,72.108642578125,150.29833984375,189.43350219726562,187.42657470703125,208.82144165039062,211.80270385742188,214.95828247070312,231.9720458984375,189.14523315429688,221.95712280273438,241.0849609375,222.93246459960938,234.04910278320312,238.09881591796875,235.8538818359375,243.73434448242188,245.6068115234375,265.4552917480469,265.55894470214844,254.3654022216797,263.07127380371094,260.57196044921875,241.18222045898438,240.2701416015625,254.22854614257812,223.9005126953125,183.37612915039062,212.0899658203125,207.04534912109375,140.91802978515625,97.7322998046875,30.260650634765625,-216.8831787109375,-226.33990478515625,-30.5772705078125,-42.09234619140625,-132.9156494140625,-44.49273681640625,-116.1468505859375,-199.42181396484375,-204.26824951171875,-162.02880859375,-172.541748046875,-124.48309326171875,-108.00506591796875,-90.08099365234375,-72.51568603515625,-127.47601318359375,-142.2862548828125,-208.7320556640625,-153.8604736328125,-178.044921875,-516.0906982421875,-313.352294921875,-183.12542724609375,-114.08441162109375,-121.07257080078125,-101.0904541015625,-156.83294677734375,-248.5048828125,-156.27685546875,-261.517333984375,-172.55181884765625,-225.200927734375,-203.30194091796875,-141.582275390625,-242.00177001953125,-208.86566162109375,-270.3541259765625,-158.12213134765625,-168.0052490234375,-166.23199462890625,-163.0108642578125,-119.33905029296875,-124.6402587890625,-123.51251220703125,-86.099609375,-89.8065185546875,-121.314453125,-69.27783203125,-50.10235595703125,-80.5736083984375,-104.2861328125,-331.88470458984375,-100.260009765625,-98.345458984375,-162.09222412109375,-165.9453125,-134.2215576171875,-174.1988525390625,-175.91796875,-244.66571044921875,-206.14031982421875,-168.8541259765625,-225.17364501953125,-119.299560546875,-179.78094482421875,-292.90118408203125,-167.8099365234375,-191.7518310546875,-290.87353515625,-301.03509521484375,-270.24505615234375,-251.5897216796875,-222.551025390625,-187.966796875,-230.25897216796875,-202.68426513671875,-180.458251953125,-169.43798828125,-175.46295166015625,-193.15252685546875,-194.0853271484375,-292.81298828125,-208.06109619140625,-375.63592529296875,-216.7779541015625,-135.12628173828125,-140.8533935546875,-140.77685546875,-140.52606201171875,-254.80517578125,-135.16064453125,-117.27545166015625,-116.64794921875,-168.77447509765625,-129.624267578125
"S313",194.88861083984375,228.451904296875,200.78851318359375,218.5775146484375,255.01194763183594,288.19081115722656,247.87095642089844,208.07284545898438,216.0478515625,289.3768310546875,284.52183532714844,295.0934600830078,272.4664306640625,316.0800018310547,279.3068084716797,310.5233917236328,309.5153045654297,310.25860595703125,310.266845703125,320.2810974121094,300.7997741699219,313.845947265625,305.9978790283203,306.6074676513672,323.52081298828125,321.55125427246094,317.72999572753906,323.09649658203125,325.3813018798828,325.1465148925781,325.29869079589844,329.1171112060547,314.1801452636719,322.6431427001953,316.54627990722656,301.29100036621094,321.51112365722656,299.61376953125,305.0857391357422,278.11424255371094,251.5349884033203,280.982421875,275.32891845703125,250.9193572998047,121.3172607421875,202.41488647460938,-2.86968994140625,-38.0289306640625,84.8787841796875,95.24908447265625,-36.53717041015625,45.247589111328125,-0.393341064453125,-46.0067138671875,-62.2177734375,9.21441650390625,-25.26507568359375,1.17181396484375,-34.86212158203125,-63.87396240234375,-8.595367431640625,-51.6494140625,-101.82537841796875,-22.5396728515625,-59.99346923828125,-83.489501953125,-267.134521484375,-128.33929443359375,-110.6363525390625,-116.888916015625,-119.5115966796875,-207.07635498046875,-88.7371826171875,-81.08734130859375,-90.49591064453125,-155.39520263671875,-50.18902587890625,-113.00067138671875,-73.4859619140625,-80.61962890625,-23.60736083984375,-65.0850830078125,-31.30206298828125,-98.189208984375,-43.236328125,-23.722412109375,-37.15106201171875,1.281494140625,53.12744140625,48.01739501953125,41.410675048828125,65.97320556640625,36.429901123046875,69.12460327148438,109.49908447265625,78.45870971679688,44.80096435546875,26.00469970703125,30.63104248046875,33.166778564453125,43.9879150390625,60.169891357421875,54.934051513671875,45.94952392578125,-10.445831298828125,-74.79852294921875,39.77880859375,33.132171630859375,-56.1376953125,16.099029541015625,-7.474365234375,-9.115509033203125,29.237579345703125,-27.64874267578125,-20.720947265625,8.4547119140625,17.2991943359375,13.85235595703125,46.15478515625,20.407073974609375,81.28717041015625,73.300048828125,20.001495361328125,97.7293701171875,47.297454833984375,89.76705932617188,18.402679443359375,72.92529296875,42.925628662109375,52.913482666015625,93.7752685546875,29.59722900390625,123.35702514648438,87.30291748046875,78.94891357421875,92.13919067382812,145.04150390625,121.61770629882812,173.06365966796875,122.62283325195312,108.84136962890625
"S314",289.6135559082031,297.8336486816406,272.7186584472656,274.7557373046875,302.1347351074219,313.19224548339844,302.93202209472656,182.57177734375,222.80709838867188,344.5439910888672,342.16310119628906,329.9021301269531,325.5776824951172,354.2488250732422,329.8603515625,336.9065246582031,366.24354553222656,352.6122283935547,337.3216552734375,360.40711975097656,335.0118408203125,346.6580810546875,366.15162658691406,356.52870178222656,355.8006896972656,368.3686981201172,348.0325622558594,357.73680114746094,383.77632904052734,368.2410430908203,364.66282653808594,373.1715545654297,351.72796630859375,345.6727294921875,360.1682586669922,339.9584503173828,358.45367431640625,326.56060791015625,318.51771545410156,303.85743713378906,238.343505859375,307.4924011230469,295.4451904296875,253.79481506347656,86.01556396484375,210.17822265625,130.73001098632812,139.482177734375,115.69125366210938,115.17913818359375,-33.3502197265625,6.0528564453125,4.0697021484375,-45.95367431640625,-21.9024658203125,-9.06646728515625,25.6309814453125,4.11474609375,-77.6102294921875,-66.48602294921875,-64.13153076171875,-81.63873291015625,-140.6605224609375,-47.97686767578125,-51.69329833984375,-49.4581298828125,-212.945556640625,-63.735107421875,-54.41705322265625,-77.8232421875,-139.613525390625,-126.302978515625,-73.49639892578125,-95.9462890625,-85.1405029296875,-82.98297119140625,-83.2918701171875,-61.03900146484375,-110.7142333984375,-83.7294921875,-30.53582763671875,-20.960693359375,-26.17523193359375,-99.2503662109375,-62.77349853515625,-96.66400146484375,-89.6011962890625,-11.180145263671875,10.359405517578125,12.258056640625,-32.76739501953125,5.35931396484375,11.520172119140625,38.245269775390625,62.7286376953125,50.138702392578125,1.086700439453125,27.9927978515625,12.240509033203125,19.6610107421875,36.91363525390625,76.15274047851562,70.96298217773438,58.12371826171875,-12.246337890625,-5.547119140625,86.35183715820312,82.43728637695312,41.63775634765625,86.196533203125,83.20211791992188,69.56414794921875,54.358062744140625,80.8736572265625,64.90521240234375,66.513427734375,84.86181640625,91.13931274414062,72.57803344726562,106.6556396484375,161.1297607421875,112.11380004882812,72.19635009765625,147.740966796875,123.72732543945312,108.86251831054688,95.14312744140625,79.49685668945312,63.93560791015625,176.00259399414062,114.5030517578125,138.49569702148438,171.83071899414062,146.626708984375,184.62814331054688,147.0120849609375,213.42709350585938,184.36965942382812,253.7296142578125,195.91378784179688,190.76144409179688
"S315",-Infinity,-Infinity,-Infinity,-Infinity,-Infinity,-Infinity,-Infinity,-Infinity,-Infinity,-Infinity,-Infinity,-Infinity,-Infinity,-Infinity,-Infinity,-Infinity,-Infinity,-Infinity,-Infinity,-Infinity,-Infinity,-Infinity,-Infinity,-Infinity,-Infinity,-Infinity,-Infinity,-Infinity,-Infinity,-Infinity,-Infinity,-Infinity,-Infinity,-Infinity,-Infinity,-Infinity,-Infinity,-Infinity,-Infinity,-Infinity,-Infinity,-Infinity,-Infinity,-Infinity,-Infinity,-Infinity,-Infinity,-Infinity,-Infinity,-Infinity,-Infinity,-Infinity,-Infinity,-Infinity,-Infinity,-Infinity,-Infinity,-Infinity,-Infinity,-Infinity,-Infinity,-Infinity,-Infinity,-Infinity,-Infinity,-Infinity,-Infinity,-Infinity,-Infinity,-Infinity,-Infinity,-Infinity,-Infinity,-Infinity,-Infinity,-Infinity,-Infinity,-Infinity,-Infinity,-Infinity,-Infinity,-Infinity,-Infinity,-Infinity,-Infinity,-Infinity,-Infinity,-Infinity,-Infinity,-Infinity,-Infinity,-Infinity,-Infinity,-Infinity,-Infinity,-Infinity,-Infinity,-Infinity,-Infinity,-Infinity,-Infinity,-Infinity,-Infinity,-Infinity,-Infinity,-Infinity,-Infinity,-Infinity,-Infinity,-Infinity,-Infinity,-Infinity,-Infinity,-Infinity,-Infinity,-Infinity,-Infinity,-Infinity,-Infinity,-Infinity,-Infinity,-Infinity,-Infinity,-Infinity,-Infinity,-Infinity,-Infinity,-Infinity,-Infinity,-Infinity,-Infinity,-Infinity,-Infinity,-Infinity,-Infinity,-Infinity,-Infinity,-Infinity,-Infinity,-Infinity,-Infinity
"S316",-Infinity,-Infinity,-Infinity,-Infinity,-Infinity,-Infinity,-Infinity,-Infinity,-Infinity,-Infinity,-Infinity,-Infinity,-Infinity,-Infinity,-Infinity,-Infinity,-Infinity,-Infinity,-Infinity,-Infinity,-Infinity,-Infinity,-Infinity,-Infinity,-Infinity,-Infinity,-Infinity,-Infinity,-Infinity,-Infinity,-Infinity,-Infinity,-Infinity,-Infinity,-Infinity,-Infinity,-Infinity,-Infinity,-Infinity,-Infinity,-Infinity,-Infinity,-Infinity,-Infinity,-Infinity,-Infinity,-Infinity,-Infinity,-Infinity,-Infinity,-Infinity,-Infinity,-Infinity,-Infinity,-Infinity,-Infinity,-Infinity,-Infinity,-Infinity,-Infinity,-Infinity,-Infinity,-Infinity,-Infinity,-Infinity,-Infinity,-Infinity,-Infinity,-Infinity,-Infinity,-Infinity,-Infinity,-Infinity,-Infinity,-Infinity,-Infinity,-Infinity,-Infinity,-Infinity,-Infinity,-Infinity,-Infinity,-Infinity,-Infinity,-Infinity,-Infinity,-Infinity,-Infinity,-Infinity,-Infinity,-Infinity,-Infinity,-Infinity,-Infinity,-Infinity,-Infinity,-Infinity,-Infinity,-Infinity,-Infinity,-Infinity,-Infinity,-Infinity,-Infinity,-Infinity,-Infinity,-Infinity,-Infinity,-Infinity,-Infinity,-Infinity,-Infinity,-Infinity,-Infinity,-Infinity,-Infinity,-Infinity,-Infinity,-Infinity,-Infinity,-Infinity,-Infinity,-Infinity,-Infinity,-Infinity,-Infinity,-Infinity,-Infinity,-Infinity,-Infinity,-Infinity,-Infinity,-Infinity,-Infinity,-Infinity,-Infinity,-Infinity,-Infinity,-Infinity,-Infinity,-Infinity
"S317",-Infinity,-Infinity,-Infinity,-Infinity,-Infinity,-Infinity,-Infinity,-Infinity,-Infinity,-Infinity,-Infinity,-Infinity,-Infinity,-Infinity,-Infinity,-Infinity,-Infinity,-Infinity,-Infinity,-Infinity,-Infinity,-Infinity,-Infinity,-Infinity,-Infinity,-Infinity,-Infinity,-Infinity,-Infinity,-Infinity,-Infinity,-Infinity,-Infinity,-Infinity,-Infinity,-Infinity,-Infinity,-Infinity,-Infinity,-Infinity,-Infinity,-Infinity,-Infinity,-Infinity,-Infinity,-Infinity,-Infinity,-Infinity,-Infinity,-Infinity,-Infinity,-Infinity,-Infinity,-Infinity,-Infinity,-Infinity,-Infinity,-Infinity,-Infinity,-Infinity,-Infinity,-Infinity,-Infinity,-Infinity,-Infinity,-Infinity,-Infinity,-Infinity,-Infinity,-Infinity,-Infinity,-Infinity,-Infinity,-Infinity,-Infinity,-Infinity,-Infinity,-Infinity,-Infinity,-Infinity,-Infinity,-Infinity,-Infinity,-Infinity,-Infinity,-Infinity,-Infinity,-Infinity,-Infinity,-Infinity,-Infinity,-Infinity,-Infinity,-Infinity,-Infinity,-Infinity,-Infinity,-Infinity,-Infinity,-Infinity,-Infinity,-Infinity,-Infinity,-Infinity,-Infinity,-Infinity,-Infinity,-Infinity,-Infinity,-Infinity,-Infinity,-Infinity,-Infinity,-Infinity,-Infinity,-Infinity,-Infinity,-Infinity,-Infinity,-Infinity,-Infinity,-Infinity,-Infinity,-Infinity,-Infinity,-Infinity,-Infinity,-Infinity,-Infinity,-Infinity,-Infinity,-Infinity,-Infinity,-Infinity,-Infinity,-Infinity,-Infinity,-Infinity,-Infinity,-Infinity,-Infinity
"S318",-Infinity,-Infinity,-Infinity,-Infinity,-Infinity,-Infinity,-Infinity,-Infinity,-Infinity,-Infinity,-Infinity,-Infinity,-Infinity,-Infinity,-Infinity,-Infinity,-Infinity,-Infinity,-Infinity,-Infinity,-Infinity,-Infinity,-Infinity,-Infinity,-Infinity,-Infinity,-Infinity,-Infinity,-Infinity,-Infinity,-Infinity,-Infinity,-Infinity,-Infinity,-Infinity,-Infinity,-Infinity,-Infinity,-Infinity,-Infinity,-Infinity,-Infinity,-Infinity,-Infinity,-Infinity,-Infinity,-Infinity,-Infinity,-Infinity,-Infinity,-Infinity,-Infinity,-Infinity,-Infinity,-Infinity,-Infinity,-Infinity,-Infinity,-Infinity,-Infinity,-Infinity,-Infinity,-Infinity,-Infinity,-Infinity,-Infinity,-Infinity,-Infinity,-Infinity,-Infinity,-Infinity,-Infinity,-Infinity,-Infinity,-Infinity,-Infinity,-Infinity,-Infinity,-Infinity,-Infinity,-Infinity,-Infinity,-Infinity,-Infinity,-Infinity,-Infinity,-Infinity,-Infinity,-Infinity,-Infinity,-Infinity,-Infinity,-Infinity,-Infinity,-Infinity,-Infinity,-Infinity,-Infinity,-Infinity,-Infinity,-Infinity,-Infinity,-Infinity,-Infinity,-Infinity,-Infinity,-Infinity,-Infinity,-Infinity,-Infinity,-Infinity,-Infinity,-Infinity,-Infinity,-Infinity,-Infinity,-Infinity,-Infinity,-Infinity,-Infinity,-Infinity,-Infinity,-Infinity,-Infinity,-Infinity,-Infinity,-Infinity,-Infinity,-Infinity,-Infinity,-Infinity,-Infinity,-Infinity,-Infinity,-Infinity,-Infinity,-Infinity,-Infinity,-Infinity,-Infinity,-Infinity
"S319",-Infinity,-Infinity,-Infinity,-Infinity,-Infinity,-Infinity,-Infinity,-Infinity,-Infinity,-Infinity,-Infinity,-Infinity,-Infinity,-Infinity,-Infinity,-Infinity,-Infinity,-Infinity,-Infinity,-Infinity,-Infinity,-Infinity,-Infinity,-Infinity,-Infinity,-Infinity,-Infinity,-Infinity,-Infinity,-Infinity,-Infinity,-Infinity,-Infinity,-Infinity,-Infinity,-Infinity,-Infinity,-Infinity,-Infinity,-Infinity,-Infinity,-Infinity,-Infinity,-Infinity,-Infinity,-Infinity,-Infinity,-Infinity,-Infinity,-Infinity,-Infinity,-Infinity,-Infinity,-Infinity,-Infinity,-Infinity,-Infinity,-Infinity,-Infinity,-Infinity,-Infinity,-Infinity,-Infinity,-Infinity,-Infinity,-Infinity,-Infinity,-Infinity,-Infinity,-Infinity,-Infinity,-Infinity,-Infinity,-Infinity,-Infinity,-Infinity,-Infinity,-Infinity,-Infinity,-Infinity,-Infinity,-Infinity,-Infinity,-Infinity,-Infinity,-Infinity,-Infinity,-Infinity,-Infinity,-Infinity,-Infinity,-Infinity,-Infinity,-Infinity,-Infinity,-Infinity,-Infinity,-Infinity,-Infinity,-Infinity,-Infinity,-Infinity,-Infinity,-Infinity,-Infinity,-Infinity,-Infinity,-Infinity,-Infinity,-Infinity,-Infinity,-Infinity,-Infinity,-Infinity,-Infinity,-Infinity,-Infinity,-Infinity,-Infinity,-Infinity,-Infinity,-Infinity,-Infinity,-Infinity,-Infinity,-Infinity,-Infinity,-Infinity,-Infinity,-Infinity,-Infinity,-Infinity,-Infinity,-Infinity,-Infinity,-Infinity,-Infinity,-Infinity,-Infinity,-Infinity,-Infinity
"S320",-Infinity,-Infinity,-Infinity,-Infinity,-Infinity,-Infinity,-Infinity,-Infinity,-Infinity,-Infinity,-Infinity,-Infinity,-Infinity,-Infinity,-Infinity,-Infinity,-Infinity,-Infinity,-Infinity,-Infinity,-Infinity,-Infinity,-Infinity,-Infinity,-Infinity,-Infinity,-Infinity,-Infinity,-Infinity,-Infinity,-Infinity,-Infinity,-Infinity,-Infinity,-Infinity,-Infinity,-Infinity,-Infinity,-Infinity,-Infinity,-Infinity,-Infinity,-Infinity,-Infinity,-Infinity,-Infinity,-Infinity,-Infinity,-Infinity,-Infinity,-Infinity,-Infinity,-Infinity,-Infinity,-Infinity,-Infinity,-Infinity,-Infinity,-Infinity,-Infinity,-Infinity,-Infinity,-Infinity,-Infinity,-Infinity,-Infinity,-Infinity,-Infinity,-Infinity,-Infinity,-Infinity,-Infinity,-Infinity,-Infinity,-Infinity,-Infinity,-Infinity,-Infinity,-Infinity,-Infinity,-Infinity,-Infinity,-Infinity,-Infinity,-Infinity,-Infinity,-Infinity,-Infinity,-Infinity,-Infinity,-Infinity,-Infinity,-Infinity,-Infinity,-Infinity,-Infinity,-Infinity,-Infinity,-Infinity,-Infinity,-Infinity,-Infinity,-Infinity,-Infinity,-Infinity,-Infinity,-Infinity,-Infinity,-Infinity,-Infinity,-Infinity,-Infinity,-Infinity,-Infinity,-Infinity,-Infinity,-Infinity,-Infinity,-Infinity,-Infinity,-Infinity,-Infinity,-Infinity,-Infinity,-Infinity,-Infinity,-Infinity,-Infinity,-Infinity,-Infinity,-Infinity,-Infinity,-Infinity,-Infinity,-Infinity,-Infinity,-Infinity,-Infinity,-Infinity,-Infinity,-Infinity
"S321",310.5527038574219,339.6271209716797,332.7306671142578,334.59385681152344,309.9687042236328,311.0525817871094,318.5498962402344,338.72108459472656,334.720703125,330.7323455810547,337.3605041503906,345.0436706542969,332.80235290527344,346.7264862060547,326.07012939453125,350.8091583251953,351.794921875,368.68646240234375,358.8875427246094,369.3321533203125,368.1273956298828,350.12176513671875,369.4297790527344,368.5635528564453,368.50486755371094,367.81268310546875,367.0719909667969,366.13427734375,365.0326843261719,363.74610900878906,362.20404052734375,360.4625701904297,358.4725799560547,356.24371337890625,353.74790954589844,350.99827575683594,347.91062927246094,344.53717041015625,340.95521545410156,337.0721130371094,332.8426513671875,328.421142578125,323.7440948486328,318.8669891357422,313.6788330078125,259.27679443359375,280.81304931640625,229.32965087890625,231.9381103515625,198.98846435546875,169.66030883789062,172.76559448242188,102.79876708984375,123.00198364257812,121.34457397460938,129.31961059570312,110.295654296875,97.8023681640625,89.77597045898438,80.76254272460938,106.26751708984375,75.5679931640625,83.3896484375,109.03665161132812,104.28765869140625,32.867095947265625,90.87518310546875,67.23052978515625,29.654022216796875,37.6639404296875,39.795501708984375,60.4398193359375,85.25607299804688,58.633941650390625,62.8095703125,51.677825927734375,44.491302490234375,34.76556396484375,25.523223876953125,16.50799560546875,7.929168701171875,-34.8043212890625,-38.27410888671875,-15.734130859375,-22.311767578125,-28.557373046875,-34.52301025390625,-39.9495849609375,-44.9815673828125,-49.15179443359375,-53.05047607421875,-56.0576171875,-58.30780029296875,-60.02203369140625,-60.953857421875,-60.9901123046875,-60.07818603515625,-58.67999267578125,-56.0157470703125,-52.5079345703125,-48.28826904296875,-43.49530029296875,-37.8602294921875,-31.51727294921875,-24.31988525390625,-68.96051025390625,-9.19140625,-0.976470947265625,0.943634033203125,16.487457275390625,26.02996826171875,-14.6444091796875,-17.21435546875,55.80987548828125,47.2176513671875,76.6851806640625,87.51190185546875,42.858428955078125,109.47906494140625,120.8055419921875,131.20053100585938,131.8507080078125,155.37118530273438,166.6754150390625,177.62918090820312,188.8720703125,137.70733642578125,188.49258422851562,220.42413330078125,221.81866455078125,239.50335693359375,231.52163696289062,184.43972778320312,238.77911376953125,204.56167602539062,213.58197021484375,226.78875732421875,279.6488494873047,255.0064697265625,268.7221221923828,266.87940979003906
"S322",237.64215087890625,259.2182922363281,258.5439453125,238.43911743164062,293.26312255859375,272.9789276123047,251.46621704101562,295.93983459472656,294.4212646484375,300.7076721191406,318.391357421875,292.5958557128906,285.8502960205078,330.86297607421875,237.89288330078125,297.3050231933594,304.9902038574219,329.1313934326172,325.20677185058594,335.93919372558594,330.8820343017578,324.2357940673828,339.6151428222656,328.3838653564453,338.4947967529297,349.56500244140625,334.29290771484375,334.30982971191406,359.61090087890625,330.5997619628906,359.457275390625,357.79901123046875,339.1827850341797,350.05712890625,302.80491638183594,342.53981018066406,347.91062927246094,344.53717041015625,324.1933898925781,333.9671630859375,332.8426513671875,319.8053283691406,312.459716796875,263.39117431640625,269.74420166015625,230.42437744140625,264.2696533203125,176.06735229492188,170.38796997070312,110.92111206054688,145.92538452148438,138.13784790039062,100.33438110351562,49.81011962890625,52.85845947265625,74.189208984375,29.081390380859375,24.94024658203125,37.587738037109375,58.209716796875,90.65884399414062,-33.15386962890625,72.48431396484375,46.87811279296875,39.318115234375,66.81344604492188,55.49981689453125,21.5079345703125,38.146697998046875,31.426910400390625,-16.3018798828125,53.23187255859375,82.99191284179688,60.642791748046875,28.218109130859375,8.682647705078125,7.98553466796875,-36.623291015625,-5.30645751953125,-71.501220703125,-34.55621337890625,-111.630126953125,-117.90997314453125,-20.8826904296875,-34.78900146484375,-28.557373046875,-51.4442138671875,-39.9495849609375,-58.636474609375,-49.15179443359375,-53.05047607421875,-56.0576171875,-58.30780029296875,-60.02203369140625,-60.953857421875,-86.03631591796875,-60.07818603515625,-58.67999267578125,-62.80938720703125,-52.5079345703125,-48.28826904296875,-43.49530029296875,-37.8602294921875,-31.51727294921875,-24.31988525390625,-16.84765625,-9.19140625,-56.43756103515625,-36.61407470703125,-102.75927734375,-237.87164306640625,16.867431640625,-13.07855224609375,54.39044189453125,40.711639404296875,26.13568115234375,6.39593505859375,15.8624267578125,-51.86614990234375,-37.9736328125,61.318756103515625,7.605438232421875,77.92184448242188,44.60272216796875,70.4674072265625,63.917572021484375,-29.25860595703125,106.8314208984375,73.92672729492188,88.63296508789062,74.98556518554688,94.55487060546875,4.601226806640625,77.98919677734375,12.1080322265625,84.18881225585938,133.53024291992188,98.49343872070312,29.85858154296875,-15.4451904296875,-75.6590576171875
"S323",228.67034912109375,265.01026916503906,260.12098693847656,249.72146606445312,272.3563232421875,271.83856201171875,240.3809814453125,289.8585968017578,274.4805603027344,277.4635772705078,239.88522338867188,290.07948303222656,292.65252685546875,328.00445556640625,251.13882446289062,306.95237731933594,307.8193817138672,333.2349395751953,313.2415771484375,337.29364013671875,332.9143981933594,317.94493103027344,343.4889373779297,330.5829620361328,335.54652404785156,351.46791076660156,326.5014190673828,332.4131164550781,350.52854919433594,324.1882629394531,348.66041564941406,340.6199493408203,339.61940002441406,337.2301483154297,303.2088623046875,336.3809814453125,337.7344207763672,339.20713806152344,323.0640869140625,325.8085479736328,314.12303161621094,308.3934783935547,308.19261169433594,259.0548553466797,174.10870361328125,236.60971069335938,237.868408203125,174.17141723632812,157.5213623046875,111.86178588867188,139.00906372070312,45.8687744140625,94.31399536132812,-5.85211181640625,-30.6966552734375,15.914215087890625,4.797637939453125,21.92657470703125,33.648773193359375,24.1475830078125,77.10488891601562,-25.7159423828125,39.97796630859375,30.580810546875,14.685546875,59.198822021484375,8.14984130859375,2.551910400390625,1.44403076171875,-14.39971923828125,-44.59906005859375,14.38970947265625,47.88641357421875,-1.343994140625,20.221343994140625,-11.284454345703125,2.5625,-25.10760498046875,-15.40313720703125,-99.40264892578125,-62.43414306640625,-141.113037109375,-130.828369140625,-26.9371337890625,-51.05804443359375,-54.609619140625,-69.6583251953125,-124.95599365234375,-129.83416748046875,-49.15179443359375,-119.88604736328125,-56.0576171875,-58.30780029296875,-71.86505126953125,-60.953857421875,-100.9052734375,-60.07818603515625,-58.67999267578125,-95.93841552734375,-52.5079345703125,-107.59521484375,-49.2650146484375,-67.28955078125,-67.856201171875,-66.80340576171875,-66.095458984375,-9.19140625,-81.5552978515625,-55.88336181640625,-97.92919921875,-237.2716064453125,-27.55877685546875,-44.3299560546875,-0.396575927734375,0.68585205078125,-117.548095703125,-29.974609375,4.8426513671875,-56.51470947265625,-33.66619873046875,44.880615234375,-15.72705078125,4.794219970703125,40.9300537109375,43.77520751953125,40.949249267578125,-32.7607421875,84.77337646484375,54.65020751953125,66.45468139648438,-25.40960693359375,27.55462646484375,13.19232177734375,68.44094848632812,24.0230712890625,76.46502685546875,111.6688232421875,99.581298828125,28.74749755859375,15.930999755859375,-39.9024658203125
"S324",-26.92401123046875,81.272705078125,-5.61175537109375,129.24957275390625,150.02651977539062,140.43875122070312,144.60040283203125,179.65530395507812,169.7369384765625,161.780517578125,149.18844604492188,169.82443237304688,184.0802001953125,221.75869750976562,193.42587280273438,192.58218383789062,221.21514892578125,211.7918701171875,230.05612182617188,273.71038818359375,266.04736328125,249.4708709716797,272.7127227783203,256.14002990722656,257.07460021972656,265.5123596191406,261.4518737792969,262.95579528808594,261.76365661621094,238.04513549804688,237.07986450195312,251.38287353515625,280.345947265625,245.8438262939453,241.89547729492188,257.77734375,225.86767578125,238.3785400390625,232.691162109375,199.25540161132812,201.88522338867188,208.41098022460938,166.5115966796875,146.39480590820312,67.01754760742188,-102.55633544921875,-56.2796630859375,7.28118896484375,-100.193603515625,-284.50201416015625,-345.44281005859375,-298.954345703125,-308.62408447265625,-412.22821044921875,-623.24951171875,-562.0474853515625,-606.1214599609375,-636.1444091796875,-607.5394287109375,-702.0301513671875,-788.829833984375,-878.5025634765625,-708.5826416015625,-826.5677490234375,-808.29296875,-935.4044189453125,-902.49755859375,-921.667236328125,-1117.2833251953125,-1063.0758056640625,-1151.8079833984375,-852.5108642578125,-916.0921630859375,-936.6925048828125,-1023.4866943359375,-987.0531005859375,-957.23388671875,-920.549560546875,-1057.49658203125,-923.955810546875,-939.9422607421875,-1250.811767578125,-1069.85791015625,-1160.9140625,-1560.562744140625,-854.2213134765625,-988.36474609375,-880.9844970703125,-988.0523681640625,-958.26953125,-901.708740234375,-772.83837890625,-739.7579345703125,-699.025146484375,-852.8338623046875,-671.6572265625,-733.19140625,-787.22412109375,-633.834228515625,-688.212890625,-952.3507080078125,-889.7928466796875,-848.228515625,-751.356689453125,-773.3968505859375,-905.9320068359375,-709.2816162109375,-803.605712890625,-533.271484375,-501.81103515625,-619.75048828125,-569.4251708984375,-645.8310546875,-414.09478759765625,-399.03277587890625,-425.980224609375,-460.896484375,-304.69537353515625,-332.89874267578125,-230.15301513671875,-251.14007568359375,-313.79534912109375,-363.123291015625,-147.20904541015625,-260.4542236328125,-286.81634521484375,-155.36572265625,-159.2374267578125,-112.36322021484375,-97.47802734375,-329.66387939453125,-267.24652099609375,-160.1424560546875,-213.7452392578125,-134.11590576171875,-139.7623291015625,-149.1441650390625,-129.95452880859375,-156.96392822265625,-252.93798828125,-177.5072021484375
"S325",16.28936767578125,60.1414794921875,31.880523681640625,159.131103515625,155.01202392578125,169.822021484375,102.12838745117188,182.34945678710938,171.39523315429688,202.81719970703125,212.72674560546875,57.088836669921875,48.044769287109375,202.00375366210938,211.31375122070312,248.0351104736328,238.28463745117188,242.6126708984375,247.90943908691406,290.8493194580078,299.03465270996094,275.99781799316406,276.9277801513672,286.2187805175781,299.448486328125,262.8910369873047,292.2989501953125,297.80128479003906,249.59466552734375,266.3109588623047,286.1381378173828,271.5869140625,297.24708557128906,296.98936462402344,286.7754669189453,294.90135192871094,273.30938720703125,259.8822326660156,270.3396911621094,283.04652404785156,204.43368530273438,203.7891845703125,167.955810546875,169.10848999023438,152.657958984375,110.13143920898438,-18.55279541015625,-31.3189697265625,-88.43603515625,-433.0499267578125,-539.9285888671875,-308.56317138671875,-358.0968017578125,-500.26153564453125,-882.3619384765625,-681.8260498046875,-772.3463134765625,-950.9967041015625,-823.9881591796875,-1023.2862548828125,-1129.0335693359375,-1286.185546875,-1046.28515625,-1195.2091064453125,-1193.954345703125,-1342.2391357421875,-1074.4476318359375,-1093.5086669921875,-1414.8994140625,-1322.7705078125,-1352.7950439453125,-1109.8392333984375,-1209.8212890625,-1213.5145263671875,-1311.8408203125,-1243.431640625,-1159.3514404296875,-1144.9207763671875,-1246.2818603515625,-1154.623779296875,-1137.008544921875,-1073.2498779296875,-949.813232421875,-937.6927490234375,-1001.430419921875,-878.8797607421875,-1062.481201171875,-859.4866943359375,-1109.8260498046875,-1196.08203125,-1022.248291015625,-949.3892822265625,-958.3994140625,-841.2095947265625,-1054.70556640625,-897.8079833984375,-926.8731689453125,-952.9569091796875,-814.352294921875,-865.78564453125,-975.6807861328125,-1082.9461669921875,-918.0133056640625,-1024.714599609375,-897.1845703125,-1030.0374755859375,-724.6280517578125,-665.9404296875,-576.5091552734375,-548.560791015625,-593.369140625,-704.4287109375,-794.597412109375,-465.56298828125,-434.36724853515625,-372.6553955078125,-485.868896484375,-322.40081787109375,-283.31298828125,-258.86492919921875,-270.76611328125,-278.43548583984375,-181.1119384765625,-107.8831787109375,-154.20977783203125,-192.994384765625,-127.03125,-101.3966064453125,-88.84381103515625,-80.2708740234375,-218.58843994140625,-229.61322021484375,-90.13775634765625,-90.2943115234375,-2.401611328125,-128.68865966796875,-75.38287353515625,-88.977294921875,-75.0975341796875,-96.918701171875,-24.64117431640625
"S326",40.309539794921875,-20.0283203125,107.81027221679688,191.92919921875,186.30929565429688,154.30105590820312,32.22607421875,169.03167724609375,145.33746337890625,232.80059814453125,245.8011932373047,-103.9281005859375,-177.41314697265625,167.06463623046875,191.56723022460938,269.5559844970703,256.5998229980469,263.58543395996094,251.98207092285156,286.70387268066406,289.9236145019531,260.10443115234375,263.03981018066406,288.94456481933594,283.9680480957031,255.94223022460938,292.0861053466797,295.18394470214844,222.8035888671875,317.8213806152344,293.2627868652344,287.7318420410156,303.6264343261719,301.2983856201172,308.7091827392578,271.9840545654297,286.1134796142578,288.8287048339844,284.8289337158203,285.0540466308594,204.88967895507812,201.60519409179688,140.03427124023438,163.00656127929688,188.16961669921875,134.95260620117188,101.20761108398438,-20.2274169921875,-73.89910888671875,-337.1138916015625,-344.06298828125,-394.7376708984375,-393.79058837890625,-706.519287109375,-1097.3201904296875,-807.22998046875,-944.6318359375,-1095.7587890625,-914.8570556640625,-1095.109375,-1108.4976806640625,-1110.028076171875,-1055.94921875,-1255.4937744140625,-1330.266845703125,-1200.6138916015625,-1106.3369140625,-953.9854736328125,-1101.2698974609375,-1027.078857421875,-970.5401611328125,-1149.659912109375,-1161.6497802734375,-1174.26611328125,-1242.501220703125,-1319.8023681640625,-1081.6268310546875,-1157.9835205078125,-1282.2618408203125,-1502.143798828125,-1369.5469970703125,-1250.707275390625,-1021.2911376953125,-860.6427001953125,-958.828857421875,-905.107421875,-1073.7598876953125,-995.9517822265625,-1003.6741943359375,-1032.65966796875,-1151.6280517578125,-969.7073974609375,-1002.7320556640625,-973.6195068359375,-1050.8760986328125,-1045.353515625,-1167.5675048828125,-1025.550048828125,-978.27978515625,-948.7591552734375,-933.097412109375,-1138.309326171875,-829.47607421875,-1164.33544921875,-995.92724609375,-958.6014404296875,-788.1243896484375,-872.1875,-678.2318115234375,-690.275390625,-662.2613525390625,-576.852783203125,-724.6077880859375,-567.1754150390625,-496.78173828125,-464.894287109375,-436.8040771484375,-329.29742431640625,-281.7464599609375,-297.78643798828125,-316.48162841796875,-225.92401123046875,-188.58209228515625,-64.842041015625,-49.77435302734375,4.072296142578125,-27.706787109375,13.899658203125,-51.48480224609375,-83.5211181640625,-159.27642822265625,-38.55291748046875,33.8201904296875,31.43646240234375,68.74740600585938,40.52069091796875,91.74365234375,37.0009765625,-38.58001708984375,71.22161865234375,77.92657470703125
"S327",268.8102264404297,265.26158142089844,218.83914184570312,256.9273681640625,274.7861785888672,280.2733154296875,192.65505981445312,299.1711730957031,296.3040771484375,310.79302978515625,297.70957946777344,293.2879638671875,325.08485412597656,307.2890167236328,291.09156799316406,308.4247589111328,321.92311096191406,320.8294219970703,328.635009765625,336.7689666748047,297.12664794921875,324.3542022705078,336.7759552001953,313.93565368652344,320.9182891845703,336.05316162109375,319.54493713378906,324.449951171875,339.3204040527344,338.1581268310547,294.28135681152344,344.44224548339844,332.8887939453125,315.14707946777344,314.7811584472656,92.84808349609375,287.3182830810547,337.17030334472656,315.2681121826172,258.5350799560547,303.9774475097656,219.59762573242188,250.189697265625,149.68243408203125,173.6331787109375,169.54837036132812,94.903564453125,21.521514892578125,-11.72943115234375,-96.9385986328125,-188.70062255859375,-305.43255615234375,-438.89019775390625,-668.571044921875,-749.814453125,-956.3984375,-858.5482177734375,-883.705322265625,-1002.124267578125,-875.5938720703125,-932.90185546875,-960.634765625,-1017.1461181640625,-1038.3572998046875,-1051.6663818359375,-1133.8465576171875,-1073.926513671875,-1294.6015625,-1070.7554931640625,-1195.2030029296875,-1196.6639404296875,-1172.0364990234375,-1249.3431396484375,-1212.80810546875,-1138.4735107421875,-1146.0472412109375,-1060.4537353515625,-1204.2354736328125,-1375.2335205078125,-1292.9732666015625,-1308.6834716796875,-1464.2498779296875,-1937.347412109375,-1132.9063720703125,-1207.3975830078125,-1535.4576416015625,-1466.3902587890625,-1337.97412109375,-1412.320556640625,-1330.6595458984375,-1158.438232421875,-1225.258544921875,-1293.6904296875,-1313.5635986328125,-1212.822509765625,-1099.437744140625,-1157.0714111328125,-1092.524169921875,-1111.5428466796875,-1190.861572265625,-1032.2835693359375,-1161.443115234375,-1128.0611572265625,-1157.6026611328125,-1144.2554931640625,-973.83349609375,-878.6617431640625,-878.223388671875,-894.6964111328125,-889.4188232421875,-652.6326904296875,-701.0753173828125,-633.0091552734375,-592.393798828125,-490.74969482421875,-490.32861328125,-503.1307373046875,-446.32843017578125,-288.79730224609375,-347.47857666015625,-330.198974609375,-357.53515625,-183.77349853515625,-291.5992431640625,-243.715087890625,-138.42498779296875,-45.93682861328125,-104.27789306640625,-119.75054931640625,0.794219970703125,-241.19683837890625,-24.18743896484375,51.756195068359375,-46.2757568359375,60.967315673828125,124.46749877929688,115.84600830078125,102.32839965820312,74.41259765625,69.969970703125,49.364105224609375
"S328",290.88690185546875,295.1921081542969,299.39939880371094,303.37733459472656,306.9998016357422,310.5369110107422,313.63673400878906,316.53916931152344,319.0348205566406,321.2534637451172,323.265869140625,325.01451110839844,326.62843322753906,327.9482116699219,328.79225158691406,329.4936981201172,330.05528259277344,330.3518981933594,330.5613555908203,330.5775146484375,330.55723571777344,330.3520202636719,330.08009338378906,329.6614074707031,329.15093994140625,328.4077453613281,327.50897216796875,326.51905822753906,325.25401306152344,323.79148864746094,322.00103759765625,319.9733581542969,317.7064514160156,315.15687561035156,312.1884460449219,308.86395263671875,305.1736145019531,301.14842224121094,296.7257995605469,292.05438232421875,286.90020751953125,281.4010314941406,275.69183349609375,269.5771179199219,263.06585693359375,256.380615234375,249.4258270263672,242.16677856445312,235.009765625,205.72488403320312,147.35623168945312,93.75399780273438,25.694244384765625,-67.0128173828125,-138.61865234375,-207.79248046875,-182.07843017578125,-199.1549072265625,-248.11285400390625,-247.11566162109375,-283.87835693359375,-352.8896484375,-293.81585693359375,-274.4635009765625,-318.7523193359375,-370.873046875,-315.71600341796875,-475.8787841796875,-329.90240478515625,-362.5325927734375,-382.22637939453125,-389.6702880859375,-397.06585693359375,-409.3662109375,-399.1287841796875,-564.023681640625,-393.33306884765625,-408.2265625,-485.0921630859375,-443.798583984375,-520.4078369140625,-457.02203369140625,-662.9158935546875,-347.25347900390625,-364.36865234375,-487.61907958984375,-459.23779296875,-463.440673828125,-482.21990966796875,-480.8638916015625,-376.86419677734375,-367.87994384765625,-382.981201171875,-427.77178955078125,-347.05242919921875,-360.7637939453125,-379.3367919921875,-410.70281982421875,-360.65625,-475.30401611328125,-307.25469970703125,-491.244873046875,-416.07318115234375,-424.37744140625,-388.35894775390625,-306.917236328125,-267.6373291015625,-217.11248779296875,-216.1668701171875,-185.92681884765625,-130.96343994140625,-120.537109375,-115.3275146484375,-116.4266357421875,-80.09759521484375,-73.1663818359375,-52.52947998046875,-38.493896484375,-24.3018798828125,-9.78424072265625,5.115997314453125,20.2252197265625,35.4066162109375,50.336151123046875,64.77627563476562,79.75689697265625,94.44955444335938,108.3958740234375,122.09197998046875,135.47274780273438,125.0511474609375,160.3997802734375,172.226318359375,183.38699340820312,193.973388671875,204.09603881835938,213.76373291015625,222.73760986328125,231.10519409179688,238.93051147460938,246.5098114013672
"S329",290.88690185546875,295.1921081542969,299.39939880371094,303.37733459472656,306.9998016357422,310.5369110107422,313.63673400878906,316.53916931152344,319.0348205566406,321.2534637451172,323.265869140625,325.01451110839844,326.62843322753906,327.9482116699219,328.79225158691406,329.4936981201172,330.05528259277344,330.3518981933594,330.5613555908203,330.5775146484375,330.55723571777344,330.3520202636719,330.08009338378906,329.6614074707031,329.15093994140625,328.4077453613281,327.50897216796875,326.51905822753906,325.25401306152344,323.79148864746094,322.00103759765625,319.9733581542969,317.7064514160156,315.15687561035156,312.1884460449219,308.86395263671875,305.1736145019531,301.14842224121094,296.7257995605469,292.05438232421875,286.90020751953125,281.4010314941406,275.69183349609375,269.5771179199219,263.06585693359375,256.380615234375,249.4258270263672,242.16677856445312,235.009765625,227.49551391601562,219.6400146484375,211.69888305664062,203.49240112304688,194.853515625,186.29086303710938,177.47732543945312,168.07171630859375,158.20278930664062,147.78250122070312,137.55654907226562,121.85504150390625,116.84603881835938,105.482666015625,93.63339233398438,81.48846435546875,68.9022216796875,55.837738037109375,42.47991943359375,28.477447509765625,14.7540283203125,0.480804443359375,-13.89605712890625,-28.16253662109375,-42.003173828125,-55.4078369140625,-69.00836181640625,-82.42364501953125,-95.45703125,-107.9027099609375,-120.0325927734375,-131.75982666015625,-142.8851318359375,-153.6123046875,-164.1195068359375,-173.35491943359375,-181.987548828125,-190.58416748046875,-198.05792236328125,-205.07037353515625,-211.2376708984375,-216.9989013671875,-221.84515380859375,-225.85260009765625,-228.9049072265625,-230.958740234375,-232.14288330078125,-232.22808837890625,-231.31072998046875,-228.93218994140625,-225.31085205078125,-221.01824951171875,-215.84735107421875,-209.2373046875,-201.9403076171875,-193.39849853515625,-184.34442138671875,-174.75213623046875,-164.6978759765625,-154.203857421875,-142.9755859375,-130.96343994140625,-118.71124267578125,-106.030517578125,-93.06341552734375,-80.09759521484375,-66.31903076171875,-52.52947998046875,-38.493896484375,-24.3018798828125,-9.78424072265625,5.115997314453125,20.2252197265625,35.4066162109375,50.336151123046875,64.77627563476562,79.75689697265625,94.44955444335938,108.3958740234375,122.09197998046875,135.47274780273438,148.07528686523438,160.3997802734375,172.226318359375,183.38699340820312,193.973388671875,204.09603881835938,213.76373291015625,222.73760986328125,231.10519409179688,238.93051147460938,246.5098114013672
"S330",-412.4781494140625,-394.74725341796875,-377.98822021484375,-362.18621826171875,-347.88519287109375,-334.3104248046875,-322.72686767578125,-311.7781982421875,-302.981689453125,-295.274658203125,-288.3665771484375,-282.59381103515625,-277.52801513671875,-273.45037841796875,-271.41363525390625,-269.90380859375,-269.051513671875,-269.01873779296875,-269.57489013671875,-270.80615234375,-272.19049072265625,-274.39007568359375,-276.89178466796875,-280.26556396484375,-284.05120849609375,-289.08807373046875,-294.760009765625,-301.24652099609375,-309.0614013671875,-318.05908203125,-328.614990234375,-340.462158203125,-353.7021484375,-368.39715576171875,-384.977783203125,-403.2403564453125,-423.36309814453125,-445.0107421875,-468.42376708984375,-493.06689453125,-519.8108520507812,-547.9505615234375,-577.0540771484375,-607.748779296875,-640.153076171875,-673.2974853515625,-707.1942138671875,-742.5567626953125,-777.195556640625,-813.5791015625,-851.4085693359375,-889.9051513671875,-929.9842529296875,-971.9208984375,-1014.0728759765625,-1057.361572265625,-1103.8348388671875,-1153.0599365234375,-1204.9569091796875,-1255.8682861328125,-1305.0899658203125,-1359.043212890625,-1415.4541015625,-1474.0916748046875,-1533.591552734375,-1595.1728515625,-1658.11328125,-1722.328125,-1788.501220703125,-1853.125,-1919.809814453125,-1986.12548828125,-2051.018798828125,-2113.406982421875,-2173.61865234375,-2234.166015625,-2293.7763671875,-2351.148193359375,-2405.4912109375,-2458.3173828125,-2509.00390625,-2557.09375,-2603.400634765625,-2647.6806640625,-2686.21533203125,-2721.97607421875,-2757.091064453125,-2787.180908203125,-2814.727783203125,-2837.68701171875,-2858.321044921875,-2873.737548828125,-2885.00390625,-2891.716796875,-2893.536865234375,-2890.4833984375,-2882.065185546875,-2869.377197265625,-2849.997802734375,-2825.42431640625,-2797.184814453125,-2765.8173828125,-2728.5048828125,-2688.1025390625,-2643.107421875,-2596.2783203125,-2547.8583984375,-2497.09521484375,-2444.85400390625,-2389.6123046875,-2331.2373046875,-2271.853759765625,-2210.697021484375,-2148.12744140625,-2085.720703125,-2019.855712890625,-1953.887939453125,-1887.272216796875,-1820.013427734375,-1751.6328125,-1682.221435546875,-1612.710693359375,-1543.0946044921875,-1475.309814453125,-1410.1409912109375,-1343.2122802734375,-1278.36572265625,-1216.9515380859375,-1157.5341796875,-1099.735595703125,-1046.0333251953125,-993.5032958984375,-943.6351318359375,-896.64501953125,-851.9713134765625,-809.197265625,-768.397705078125,-730.7802734375,-695.550048828125,-662.4283447265625,-630.2308349609375
"S331",-39.80242919921875,-29.01226806640625,-18.583984375,-8.751617431640625,0.145355224609375,8.7384033203125,16.17236328125,23.1175537109375,28.93963623046875,34.076141357421875,38.6923828125,42.627197265625,46.2088623046875,49.0753173828125,50.738922119140625,52.066864013671875,53.028167724609375,53.375244140625,53.473907470703125,53.127349853515625,52.671478271484375,51.752227783203125,50.651336669921875,49.130279541015625,47.352386474609375,44.91864013671875,42.064727783203125,38.90924072265625,34.9764404296875,30.44537353515625,25.028472900390625,18.9228515625,12.117889404296875,4.519866943359375,-4.21112060546875,-13.9180908203125,-24.62939453125,-36.21185302734375,-48.888916015625,-62.19573974609375,-76.76324462890625,-92.22686767578125,-108.19366455078125,-125.2095947265625,-143.2369384765625,-161.64117431640625,-180.70361328125,-200.57421875,-220.0694580078125,-240.51324462890625,-261.8780517578125,-283.52447509765625,-324.39007568359375,-329.5185546875,-377.0240478515625,-483.019287109375,-403.10626220703125,-430.392822265625,-459.24993896484375,-487.548828125,-514.869873046875,-544.833740234375,-576.267578125,-608.97998046875,-642.396484375,-676.9661865234375,-712.603515625,-748.9842529296875,-786.947021484375,-823.9053955078125,-862.2784423828125,-900.6944580078125,-938.569580078125,-975.165771484375,-1010.44775390625,-1046.1251220703125,-1081.264892578125,-1115.2392578125,-1147.55029296875,-1178.986572265625,-1209.3271484375,-1238.0330810546875,-1265.6890869140625,-1292.6876220703125,-1316.243408203125,-1338.134033203125,-1359.93359375,-1378.6187744140625,-1395.9742431640625,-1410.9754638671875,-1424.7310791015625,-1435.8179931640625,-1444.640625,-1450.748779296875,-1454.0968017578125,-1454.9482421875,-1452.8115234375,-1447.942138671875,-1439.252197265625,-1427.3507080078125,-1413.5574951171875,-1397.6754150390625,-1378.02685546875,-1356.672119140625,-1332.3343505859375,-1306.7523193359375,-1279.922607421875,-1251.914306640625,-1222.8531494140625,-1192.02978515625,-1159.221435546875,-1125.7779541015625,-1091.2022705078125,-1055.9229736328125,-1020.63916015625,-983.2681884765625,-945.8861083984375,-907.93994140625,-869.613525390625,-830.537109375,-790.555419921875,-750.2447509765625,-709.8924560546875,-670.329345703125,-632.20703125,-592.8099365234375,-554.4215087890625,-518.0761108398438,-482.56072998046875,-448.01519775390625,-415.61724853515625,-384.00628662109375,-353.803466796875,-325.36785888671875,-298.3541259765625,-272.5325927734375,-247.9041748046875,-225.1376953125,-315.45458984375,-378.71746826171875,-203.9998779296875
"S332",-246.33953857421875,-295.68499755859375,-247.34814453125,-168.57568359375,-201.3929443359375,-63.186279296875,-144.04656982421875,-85.1121826171875,-24.02978515625,-222.93133544921875,-146.71240234375,-89.21368408203125,-22.5115966796875,12.40570068359375,-30.05999755859375,-48.69769287109375,12.28375244140625,-19.27386474609375,25.28460693359375,53.44012451171875,-16.98455810546875,15.453338623046875,51.31341552734375,59.555450439453125,67.20001220703125,72.519775390625,73.20816040039062,75.73974609375,113.426513671875,119.30078125,82.65890502929688,83.56112670898438,109.00140380859375,124.88763427734375,78.98007202148438,81.05136108398438,-80.16741943359375,44.082794189453125,107.48178100585938,59.652435302734375,-50.4190673828125,-45.08135986328125,-68.951904296875,-43.85809326171875,-153.67938232421875,-313.723876953125,-312.9383544921875,-362.9913330078125,-532.4102783203125,-636.763671875,-570.1048583984375,-731.70458984375,-777.274169921875,-735.1571044921875,-944.0706787109375,-1091.938720703125,-913.9888916015625,-945.9268798828125,-829.02001953125,-775.3172607421875,-780.49365234375,-740.1502685546875,-882.731689453125,-1156.097900390625,-906.6278076171875,-726.8873291015625,-932.3814697265625,-922.316162109375,-795.531982421875,-734.805419921875,-852.5164794921875,-803.0111083984375,-796.592041015625,-803.9879150390625,-929.753173828125,-1012.5726318359375,-840.38720703125,-905.9990234375,-1072.4454345703125,-967.046875,-928.6915283203125,-1145.6229248046875,-1210.70361328125,-970.7310791015625,-966.8038330078125,-802.2325439453125,-831.9775390625,-875.1673583984375,-979.0462646484375,-1043.298095703125,-847.37646484375,-743.31298828125,-916.2080078125,-709.8643798828125,-742.467529296875,-662.240966796875,-1114.56640625,-846.098876953125,-1076.99169921875,-1060.2706298828125,-928.944091796875,-855.5374755859375,-847.91357421875,-716.971435546875,-714.405517578125,-850.5709228515625,-733.3748779296875,-839.1695556640625,-967.9774169921875,-966.627685546875,-823.3599853515625,-901.478515625,-866.2308349609375,-919.5777587890625,-908.436767578125,-890.491455078125,-797.3475341796875,-785.070556640625,-1084.82177734375,-836.8927001953125,-717.6192626953125,-954.262939453125,-824.4564208984375,-670.781005859375,-837.1517333984375,-645.76611328125,-720.6239013671875,-897.548095703125,-757.090576171875,-829.236083984375,-735.386474609375,-661.0028076171875,-579.875732421875,-695.544677734375,-748.09033203125,-746.4002685546875,-591.035400390625,-643.4273681640625,-785.955078125,-1002.37841796875,-675.0953369140625
"S333",-66.463134765625,-25.09600830078125,-24.66900634765625,-31.562744140625,22.474609375,37.67864990234375,56.61761474609375,37.787628173828125,40.596282958984375,91.41552734375,62.7559814453125,63.094573974609375,54.705352783203125,62.67608642578125,-9.538818359375,91.28598022460938,126.84124755859375,98.47918701171875,149.62506103515625,134.84027099609375,140.8626708984375,180.53802490234375,114.04437255859375,166.6715087890625,206.34750366210938,179.01718139648438,183.13372802734375,138.73260498046875,158.23065185546875,199.00985717773438,130.87615966796875,139.35372924804688,176.17498779296875,182.24496459960938,207.86129760742188,190.26443481445312,195.48980712890625,163.24606323242188,191.49020385742188,174.14141845703125,96.53524780273438,109.00387573242188,139.43670654296875,55.409027099609375,-139.6414794921875,-25.47991943359375,-210.5400390625,-366.92138671875,-153.91705322265625,-188.46240234375,-201.69903564453125,-174.6019287109375,-232.388671875,-377.79266357421875,-345.68939208984375,-353.60003662109375,-339.55133056640625,-353.80743408203125,-379.56060791015625,-290.115478515625,-300.51397705078125,-415.1856689453125,-341.47576904296875,-554.5509033203125,-913.01806640625,-471.091064453125,-747.4224853515625,-570.36865234375,-471.41400146484375,-398.03057861328125,-346.515380859375,-374.18267822265625,-464.22967529296875,-500.58331298828125,-424.581787109375,-395.78546142578125,-445.73455810546875,-491.081787109375,-545.5870361328125,-507.845947265625,-601.556884765625,-554.8502197265625,-652.4044189453125,-512.3919067382812,-447.21966552734375,-443.55706787109375,-601.416748046875,-436.7080078125,-374.08538818359375,-388.19317626953125,-427.29638671875,-345.51605224609375,-470.21917724609375,-388.66680908203125,-328.5784912109375,-350.2298583984375,-357.69384765625,-516.4059448242188,-369.12640380859375,-377.0037841796875,-426.05517578125,-464.453857421875,-362.521484375,-349.71551513671875,-422.07611083984375,-427.52203369140625,-368.10467529296875,-314.9442138671875,-489.48089599609375,-258.7298583984375,-313.5294189453125,-346.63653564453125,-313.4320068359375,-305.6409912109375,-385.5218505859375,-396.91998291015625,-383.2418212890625,-354.0562744140625,-356.2608642578125,-327.181640625,-309.04840087890625,-349.2833251953125,-427.526123046875,-319.97723388671875,-323.909912109375,-353.81402587890625,-385.5443115234375,-404.451171875,-314.720947265625,-319.81146240234375,-303.289306640625,-316.68389892578125,-252.51068115234375,-240.2989501953125,-283.05731201171875,-283.65997314453125,-181.10052490234375,-166.26220703125,-183.86224365234375,-180.361328125,-165.24688720703125
"S334",163.07174682617188,197.31509399414062,146.25277709960938,175.9693603515625,199.07962036132812,201.94927978515625,234.892578125,228.84747314453125,197.2152099609375,235.23489379882812,172.87628173828125,222.91815185546875,228.45059204101562,254.2459716796875,218.11575317382812,275.6547088623047,282.3444519042969,254.6710968017578,292.22265625,250.8199920654297,254.9635772705078,277.2666320800781,253.97340393066406,245.95079040527344,296.01100158691406,269.59381103515625,275.85035705566406,290.8598937988281,280.9777069091797,267.04454040527344,285.66815185546875,279.2008819580078,282.6014404296875,286.36126708984375,276.81922912597656,240.63723754882812,290.90159606933594,268.04942321777344,265.5713195800781,224.52279663085938,225.41217041015625,194.11419677734375,204.57955932617188,134.27603149414062,86.9241943359375,114.64889526367188,-8.97406005859375,-165.19219970703125,3.941650390625,-43.774658203125,-47.86517333984375,-28.6839599609375,-51.1627197265625,-108.62982177734375,-107.55072021484375,-59.8590087890625,-142.17926025390625,-89.0147705078125,-119.58355712890625,-166.029052734375,-119.208984375,-142.57647705078125,-206.67535400390625,-143.6361083984375,-180.67205810546875,-178.332763671875,-370.66876220703125,-274.86553955078125,-231.1866455078125,-242.37823486328125,-244.881103515625,-396.964111328125,-178.32061767578125,-182.33221435546875,-197.7816162109375,-226.275634765625,-98.834716796875,-300.1285400390625,-154.75750732421875,-177.1790771484375,-92.283447265625,-128.44952392578125,-89.4053955078125,-173.6251220703125,-119.93963623046875,-46.61279296875,-67.60052490234375,-35.64324951171875,12.391082763671875,-58.309814453125,-116.882568359375,7.338165283203125,-16.16754150390625,-42.11724853515625,37.5841064453125,-44.12274169921875,-26.42620849609375,-136.2835693359375,-62.86688232421875,-47.02520751953125,-38.90277099609375,-89.44757080078125,-57.71319580078125,-35.83197021484375,-119.8311767578125,-244.42083740234375,-69.109375,-92.9139404296875,-227.20574951171875,-110.89385986328125,-152.45355224609375,-142.48651123046875,-89.16778564453125,-162.4373779296875,-68.75634765625,-76.9278564453125,-150.64630126953125,-89.96710205078125,-30.709716796875,-154.02142333984375,-17.368896484375,-20.04119873046875,-50.82806396484375,12.8681640625,-62.8797607421875,17.58404541015625,-182.555419921875,2.31072998046875,39.22808837890625,22.334747314453125,33.861572265625,-128.83233642578125,4.409332275390625,-5.390899658203125,-12.3609619140625,16.427947998046875,80.24163818359375,28.900848388671875,111.13864135742188,77.84393310546875,87.16949462890625
"S335",114.18072509765625,111.13775634765625,-1.190277099609375,60.298614501953125,114.92739868164062,192.65823364257812,213.7188720703125,209.07363891601562,218.06777954101562,247.77806091308594,240.72061157226562,250.7942657470703,211.9400634765625,260.7224884033203,227.72909545898438,276.4844665527344,273.39892578125,282.5549774169922,291.79608154296875,280.5460968017578,267.6481170654297,269.64772033691406,275.8184051513672,259.11073303222656,298.19740295410156,287.92942810058594,277.2908020019531,294.47991943359375,299.2987060546875,286.8857116699219,295.8063659667969,286.81590270996094,279.0882263183594,308.7308044433594,277.4354248046875,230.89508056640625,307.12107849121094,272.47154235839844,278.4491271972656,278.6124572753906,226.97784423828125,244.49838256835938,233.61376953125,208.0736083984375,111.7353515625,150.23355102539062,-20.8995361328125,-23.4302978515625,-14.11029052734375,29.261138916015625,-21.74749755859375,-18.984130859375,-52.2635498046875,-100.445068359375,-131.194091796875,-37.15380859375,-143.760986328125,-93.59295654296875,-90.81622314453125,-141.94097900390625,-78.40838623046875,-173.9373779296875,-216.0126953125,-167.5521240234375,-185.09759521484375,-196.34710693359375,-169.73553466796875,-179.73992919921875,-167.25494384765625,-228.09637451171875,-218.9923095703125,-313.0306396484375,-157.359130859375,-139.74542236328125,-277.31768798828125,-220.07843017578125,-121.87738037109375,-186.4862060546875,-176.1929931640625,-178.644775390625,-109.03363037109375,-137.59930419921875,-85.8673095703125,-224.6116943359375,-108.62957763671875,-79.213134765625,-63.67449951171875,-69.7459716796875,-75.44097900390625,-80.450439453125,-85.12652587890625,-89.064208984375,-92.31280517578125,-94.77349853515625,-96.4171142578125,-97.36309814453125,-97.41259765625,-96.63665771484375,-94.6705322265625,-91.6844482421875,-88.17376708984375,-83.93505859375,-78.51849365234375,-72.55450439453125,-101.200927734375,-147.157958984375,-80.59747314453125,-42.09130859375,-95.959716796875,-58.517822265625,-14.51776123046875,-80.45928955078125,-74.0247802734375,-96.1048583984375,-38.91583251953125,-27.33416748046875,-64.40338134765625,-48.70977783203125,72.5843505859375,-1.59228515625,16.628265380859375,15.92401123046875,-2.326080322265625,28.031158447265625,4.5592041015625,16.449432373046875,17.328582763671875,66.86676025390625,48.1182861328125,64.54336547851562,76.53167724609375,-24.64752197265625,110.33700561523438,60.873504638671875,-1.456939697265625,14.9315185546875,128.18765258789062,121.68832397460938,105.88546752929688,79.31967163085938,51.753173828125
"S336",-Infinity,-Infinity,-Infinity,-Infinity,-Infinity,-Infinity,-Infinity,-Infinity,-Infinity,-Infinity,-Infinity,-Infinity,-Infinity,-Infinity,-Infinity,-Infinity,-Infinity,-Infinity,-Infinity,-Infinity,-Infinity,-Infinity,-Infinity,-Infinity,-Infinity,-Infinity,-Infinity,-Infinity,-Infinity,-Infinity,-Infinity,-Infinity,-Infinity,-Infinity,-Infinity,-Infinity,-Infinity,-Infinity,-Infinity,-Infinity,-Infinity,-Infinity,-Infinity,-Infinity,-Infinity,-Infinity,-Infinity,-Infinity,-Infinity,-Infinity,-Infinity,-Infinity,-Infinity,-Infinity,-Infinity,-Infinity,-Infinity,-Infinity,-Infinity,-Infinity,-Infinity,-Infinity,-Infinity,-Infinity,-Infinity,-Infinity,-Infinity,-Infinity,-Infinity,-Infinity,-Infinity,-Infinity,-Infinity,-Infinity,-Infinity,-Infinity,-Infinity,-Infinity,-Infinity,-Infinity,-Infinity,-Infinity,-Infinity,-Infinity,-Infinity,-Infinity,-Infinity,-Infinity,-Infinity,-Infinity,-Infinity,-Infinity,-Infinity,-Infinity,-Infinity,-Infinity,-Infinity,-Infinity,-Infinity,-Infinity,-Infinity,-Infinity,-Infinity,-Infinity,-Infinity,-Infinity,-Infinity,-Infinity,-Infinity,-Infinity,-Infinity,-Infinity,-Infinity,-Infinity,-Infinity,-Infinity,-Infinity,-Infinity,-Infinity,-Infinity,-Infinity,-Infinity,-Infinity,-Infinity,-Infinity,-Infinity,-Infinity,-Infinity,-Infinity,-Infinity,-Infinity,-Infinity,-Infinity,-Infinity,-Infinity,-Infinity,-Infinity,-Infinity,-Infinity,-Infinity,-Infinity
"S337",-Infinity,-Infinity,-Infinity,-Infinity,-Infinity,-Infinity,-Infinity,-Infinity,-Infinity,-Infinity,-Infinity,-Infinity,-Infinity,-Infinity,-Infinity,-Infinity,-Infinity,-Infinity,-Infinity,-Infinity,-Infinity,-Infinity,-Infinity,-Infinity,-Infinity,-Infinity,-Infinity,-Infinity,-Infinity,-Infinity,-Infinity,-Infinity,-Infinity,-Infinity,-Infinity,-Infinity,-Infinity,-Infinity,-Infinity,-Infinity,-Infinity,-Infinity,-Infinity,-Infinity,-Infinity,-Infinity,-Infinity,-Infinity,-Infinity,-Infinity,-Infinity,-Infinity,-Infinity,-Infinity,-Infinity,-Infinity,-Infinity,-Infinity,-Infinity,-Infinity,-Infinity,-Infinity,-Infinity,-Infinity,-Infinity,-Infinity,-Infinity,-Infinity,-Infinity,-Infinity,-Infinity,-Infinity,-Infinity,-Infinity,-Infinity,-Infinity,-Infinity,-Infinity,-Infinity,-Infinity,-Infinity,-Infinity,-Infinity,-Infinity,-Infinity,-Infinity,-Infinity,-Infinity,-Infinity,-Infinity,-Infinity,-Infinity,-Infinity,-Infinity,-Infinity,-Infinity,-Infinity,-Infinity,-Infinity,-Infinity,-Infinity,-Infinity,-Infinity,-Infinity,-Infinity,-Infinity,-Infinity,-Infinity,-Infinity,-Infinity,-Infinity,-Infinity,-Infinity,-Infinity,-Infinity,-Infinity,-Infinity,-Infinity,-Infinity,-Infinity,-Infinity,-Infinity,-Infinity,-Infinity,-Infinity,-Infinity,-Infinity,-Infinity,-Infinity,-Infinity,-Infinity,-Infinity,-Infinity,-Infinity,-Infinity,-Infinity,-Infinity,-Infinity,-Infinity,-Infinity,-Infinity
"S338",-Infinity,-Infinity,-Infinity,-Infinity,-Infinity,-Infinity,-Infinity,-Infinity,-Infinity,-Infinity,-Infinity,-Infinity,-Infinity,-Infinity,-Infinity,-Infinity,-Infinity,-Infinity,-Infinity,-Infinity,-Infinity,-Infinity,-Infinity,-Infinity,-Infinity,-Infinity,-Infinity,-Infinity,-Infinity,-Infinity,-Infinity,-Infinity,-Infinity,-Infinity,-Infinity,-Infinity,-Infinity,-Infinity,-Infinity,-Infinity,-Infinity,-Infinity,-Infinity,-Infinity,-Infinity,-Infinity,-Infinity,-Infinity,-Infinity,-Infinity,-Infinity,-Infinity,-Infinity,-Infinity,-Infinity,-Infinity,-Infinity,-Infinity,-Infinity,-Infinity,-Infinity,-Infinity,-Infinity,-Infinity,-Infinity,-Infinity,-Infinity,-Infinity,-Infinity,-Infinity,-Infinity,-Infinity,-Infinity,-Infinity,-Infinity,-Infinity,-Infinity,-Infinity,-Infinity,-Infinity,-Infinity,-Infinity,-Infinity,-Infinity,-Infinity,-Infinity,-Infinity,-Infinity,-Infinity,-Infinity,-Infinity,-Infinity,-Infinity,-Infinity,-Infinity,-Infinity,-Infinity,-Infinity,-Infinity,-Infinity,-Infinity,-Infinity,-Infinity,-Infinity,-Infinity,-Infinity,-Infinity,-Infinity,-Infinity,-Infinity,-Infinity,-Infinity,-Infinity,-Infinity,-Infinity,-Infinity,-Infinity,-Infinity,-Infinity,-Infinity,-Infinity,-Infinity,-Infinity,-Infinity,-Infinity,-Infinity,-Infinity,-Infinity,-Infinity,-Infinity,-Infinity,-Infinity,-Infinity,-Infinity,-Infinity,-Infinity,-Infinity,-Infinity,-Infinity,-Infinity,-Infinity
"S339",-Infinity,-Infinity,-Infinity,-Infinity,-Infinity,-Infinity,-Infinity,-Infinity,-Infinity,-Infinity,-Infinity,-Infinity,-Infinity,-Infinity,-Infinity,-Infinity,-Infinity,-Infinity,-Infinity,-Infinity,-Infinity,-Infinity,-Infinity,-Infinity,-Infinity,-Infinity,-Infinity,-Infinity,-Infinity,-Infinity,-Infinity,-Infinity,-Infinity,-Infinity,-Infinity,-Infinity,-Infinity,-Infinity,-Infinity,-Infinity,-Infinity,-Infinity,-Infinity,-Infinity,-Infinity,-Infinity,-Infinity,-Infinity,-Infinity,-Infinity,-Infinity,-Infinity,-Infinity,-Infinity,-Infinity,-Infinity,-Infinity,-Infinity,-Infinity,-Infinity,-Infinity,-Infinity,-Infinity,-Infinity,-Infinity,-Infinity,-Infinity,-Infinity,-Infinity,-Infinity,-Infinity,-Infinity,-Infinity,-Infinity,-Infinity,-Infinity,-Infinity,-Infinity,-Infinity,-Infinity,-Infinity,-Infinity,-Infinity,-Infinity,-Infinity,-Infinity,-Infinity,-Infinity,-Infinity,-Infinity,-Infinity,-Infinity,-Infinity,-Infinity,-Infinity,-Infinity,-Infinity,-Infinity,-Infinity,-Infinity,-Infinity,-Infinity,-Infinity,-Infinity,-Infinity,-Infinity,-Infinity,-Infinity,-Infinity,-Infinity,-Infinity,-Infinity,-Infinity,-Infinity,-Infinity,-Infinity,-Infinity,-Infinity,-Infinity,-Infinity,-Infinity,-Infinity,-Infinity,-Infinity,-Infinity,-Infinity,-Infinity,-Infinity,-Infinity,-Infinity,-Infinity,-Infinity,-Infinity,-Infinity,-Infinity,-Infinity,-Infinity,-Infinity,-Infinity,-Infinity,-Infinity
"S340",-Infinity,-Infinity,-Infinity,-Infinity,-Infinity,-Infinity,-Infinity,-Infinity,-Infinity,-Infinity,-Infinity,-Infinity,-Infinity,-Infinity,-Infinity,-Infinity,-Infinity,-Infinity,-Infinity,-Infinity,-Infinity,-Infinity,-Infinity,-Infinity,-Infinity,-Infinity,-Infinity,-Infinity,-Infinity,-Infinity,-Infinity,-Infinity,-Infinity,-Infinity,-Infinity,-Infinity,-Infinity,-Infinity,-Infinity,-Infinity,-Infinity,-Infinity,-Infinity,-Infinity,-Infinity,-Infinity,-Infinity,-Infinity,-Infinity,-Infinity,-Infinity,-Infinity,-Infinity,-Infinity,-Infinity,-Infinity,-Infinity,-Infinity,-Infinity,-Infinity,-Infinity,-Infinity,-Infinity,-Infinity,-Infinity,-Infinity,-Infinity,-Infinity,-Infinity,-Infinity,-Infinity,-Infinity,-Infinity,-Infinity,-Infinity,-Infinity,-Infinity,-Infinity,-Infinity,-Infinity,-Infinity,-Infinity,-Infinity,-Infinity,-Infinity,-Infinity,-Infinity,-Infinity,-Infinity,-Infinity,-Infinity,-Infinity,-Infinity,-Infinity,-Infinity,-Infinity,-Infinity,-Infinity,-Infinity,-Infinity,-Infinity,-Infinity,-Infinity,-Infinity,-Infinity,-Infinity,-Infinity,-Infinity,-Infinity,-Infinity,-Infinity,-Infinity,-Infinity,-Infinity,-Infinity,-Infinity,-Infinity,-Infinity,-Infinity,-Infinity,-Infinity,-Infinity,-Infinity,-Infinity,-Infinity,-Infinity,-Infinity,-Infinity,-Infinity,-Infinity,-Infinity,-Infinity,-Infinity,-Infinity,-Infinity,-Infinity,-Infinity,-Infinity,-Infinity,-Infinity,-Infinity
"S341",-Infinity,-Infinity,-Infinity,-Infinity,-Infinity,-Infinity,-Infinity,-Infinity,-Infinity,-Infinity,-Infinity,-Infinity,-Infinity,-Infinity,-Infinity,-Infinity,-Infinity,-Infinity,-Infinity,-Infinity,-Infinity,-Infinity,-Infinity,-Infinity,-Infinity,-Infinity,-Infinity,-Infinity,-Infinity,-Infinity,-Infinity,-Infinity,-Infinity,-Infinity,-Infinity,-Infinity,-Infinity,-Infinity,-Infinity,-Infinity,-Infinity,-Infinity,-Infinity,-Infinity,-Infinity,-Infinity,-Infinity,-Infinity,-Infinity,-Infinity,-Infinity,-Infinity,-Infinity,-Infinity,-Infinity,-Infinity,-Infinity,-Infinity,-Infinity,-Infinity,-Infinity,-Infinity,-Infinity,-Infinity,-Infinity,-Infinity,-Infinity,-Infinity,-Infinity,-Infinity,-Infinity,-Infinity,-Infinity,-Infinity,-Infinity,-Infinity,-Infinity,-Infinity,-Infinity,-Infinity,-Infinity,-Infinity,-Infinity,-Infinity,-Infinity,-Infinity,-Infinity,-Infinity,-Infinity,-Infinity,-Infinity,-Infinity,-Infinity,-Infinity,-Infinity,-Infinity,-Infinity,-Infinity,-Infinity,-Infinity,-Infinity,-Infinity,-Infinity,-Infinity,-Infinity,-Infinity,-Infinity,-Infinity,-Infinity,-Infinity,-Infinity,-Infinity,-Infinity,-Infinity,-Infinity,-Infinity,-Infinity,-Infinity,-Infinity,-Infinity,-Infinity,-Infinity,-Infinity,-Infinity,-Infinity,-Infinity,-Infinity,-Infinity,-Infinity,-Infinity,-Infinity,-Infinity,-Infinity,-Infinity,-Infinity,-Infinity,-Infinity,-Infinity,-Infinity,-Infinity,-Infinity
"S342",204.52877807617188,254.85340881347656,260.87896728515625,279.9349670410156,285.056640625,266.36444091796875,268.11070251464844,289.6113586425781,304.7909851074219,289.27793884277344,289.7321014404297,293.6788635253906,300.808349609375,316.3761291503906,285.34228515625,306.6021728515625,298.6546325683594,318.9355773925781,323.4524383544922,337.0559997558594,326.6632537841797,310.06727600097656,327.1256103515625,329.57847595214844,333.9228515625,346.0788269042969,346.2683868408203,350.5770721435547,357.1821594238281,341.46205139160156,355.1310272216797,358.36582946777344,358.4725799560547,356.24371337890625,353.74790954589844,350.99827575683594,347.91062927246094,344.53717041015625,340.95521545410156,337.0721130371094,332.8426513671875,322.8930206298828,321.318115234375,318.8669891357422,305.76084899902344,225.74069213867188,233.5255126953125,185.97171020507812,183.47091674804688,145.62979125976562,132.88003540039062,127.7890625,53.286041259765625,97.17831420898438,86.76779174804688,113.71810913085938,66.13235473632812,50.314544677734375,17.117919921875,6.29083251953125,47.299652099609375,33.621124267578125,20.308258056640625,52.114227294921875,17.85943603515625,43.4837646484375,39.246307373046875,10.981536865234375,-5.596527099609375,-12.9031982421875,21.464691162109375,-37.31689453125,45.099365234375,23.89166259765625,12.861846923828125,-3.534210205078125,3.4718017578125,-30.14898681640625,-3.422698974609375,-52.25341796875,-34.05316162109375,-88.2474365234375,-130.0684814453125,-55.64837646484375,-51.39129638671875,-49.08343505859375,-108.1402587890625,-39.9495849609375,-44.9815673828125,-68.96673583984375,-69.594970703125,-109.97479248046875,-58.30780029296875,-60.02203369140625,-114.961669921875,-64.1082763671875,-60.07818603515625,-92.64508056640625,-56.0157470703125,-52.5079345703125,-48.28826904296875,-43.49530029296875,-37.8602294921875,-31.51727294921875,-24.31988525390625,-24.31207275390625,-9.19140625,-3.07330322265625,-49.7117919921875,-15.91552734375,26.02996826171875,-64.2509765625,-69.25433349609375,19.128326416015625,-31.879150390625,25.012176513671875,26.760345458984375,44.180145263671875,46.96392822265625,81.60321044921875,87.11138916015625,87.06338500976562,93.2957763671875,87.99774169921875,104.57382202148438,117.7064208984375,60.429290771484375,80.0889892578125,146.96832275390625,117.8463134765625,171.76129150390625,154.50271606445312,115.83432006835938,172.71527099609375,154.58157348632812,128.428466796875,139.6583251953125,200.7965087890625,185.87252807617188,197.11962890625,178.62313842773438
"S343",227.1568603515625,268.9187469482422,273.8429412841797,257.7588806152344,316.58567810058594,303.1082000732422,289.5894470214844,324.0890808105469,315.98146057128906,306.1991729736328,332.5803680419922,314.83677673339844,312.88478088378906,353.32740783691406,275.89112854003906,323.3759765625,326.8706359863281,340.8404235839844,343.44725036621094,354.2987823486328,346.3619384765625,342.9178466796875,353.5476837158203,336.41783142089844,350.5559539794922,363.8496398925781,350.5708465576172,353.91514587402344,365.0326843261719,342.91770935058594,362.20404052734375,360.4625701904297,354.9919128417969,356.24371337890625,331.96495056152344,350.99827575683594,347.91062927246094,344.53717041015625,340.95521545410156,337.0721130371094,332.8426513671875,317.9058380126953,323.7440948486328,285.325439453125,298.4890594482422,262.3087615966797,276.1651153564453,196.2552490234375,191.22283935546875,139.85842895507812,163.6776123046875,162.81381225585938,128.74935913085938,93.74169921875,91.3011474609375,108.01416015625,28.539642333984375,46.68255615234375,62.266326904296875,66.10543823242188,112.502197265625,15.19354248046875,89.972900390625,78.7265625,72.71075439453125,114.60714721679688,80.9825439453125,54.182403564453125,63.0057373046875,48.948699951171875,24.591766357421875,36.284759521484375,85.25607299804688,74.90481567382812,44.70208740234375,-4.25396728515625,39.5220947265625,-7.874237060546875,25.523223876953125,-45.72076416015625,-17.19287109375,-91.600341796875,-85.6165771484375,-15.734130859375,-38.96478271484375,-28.557373046875,-34.52301025390625,-39.9495849609375,-44.9815673828125,-49.15179443359375,-53.05047607421875,-56.0576171875,-58.30780029296875,-60.02203369140625,-60.953857421875,-61.9195556640625,-60.07818603515625,-58.67999267578125,-69.83056640625,-52.5079345703125,-48.28826904296875,-43.49530029296875,-37.8602294921875,-31.51727294921875,-24.31988525390625,-16.84765625,-9.19140625,-0.976470947265625,-10.341064453125,-31.7901611328125,-129.09136962890625,35.68670654296875,17.0484619140625,55.80987548828125,65.30282592773438,55.988616943359375,28.53302001953125,63.54119873046875,0.59625244140625,7.991546630859375,85.99368286132812,36.247344970703125,94.6890869140625,50.6917724609375,92.91561889648438,97.70474243164062,3.185821533203125,131.61154174804688,89.80661010742188,110.95196533203125,117.39987182617188,98.5513916015625,46.180389404296875,112.21542358398438,55.5552978515625,110.76589965820312,151.252197265625,117.543212890625,84.41061401367188,52.85162353515625,-8.641448974609375
"S344",-178.1376953125,-12.248779296875,-18.38519287109375,-167.57537841796875,64.39718627929688,52.221923828125,77.88369750976562,79.67172241210938,66.52874755859375,77.3726806640625,141.49688720703125,128.153076171875,128.64266967773438,163.74212646484375,108.27264404296875,155.912109375,151.1453857421875,163.27978515625,169.00747680664062,174.72708129882812,162.9298095703125,172.46713256835938,184.64276123046875,181.48931884765625,195.21270751953125,204.301513671875,198.75021362304688,199.20361328125,205.4736328125,169.89068603515625,203.56698608398438,203.57675170898438,185.31390380859375,199.4930419921875,168.63458251953125,186.95474243164062,120.22531127929688,173.9119873046875,164.78585815429688,148.219482421875,127.17523193359375,107.91635131835938,109.09188842773438,14.8746337890625,18.77813720703125,-61.49395751953125,-112.26043701171875,-348.3807373046875,-262.87811279296875,-395.1663818359375,-306.8974609375,-604.2099609375,-598.0953369140625,-727.00390625,-849.549072265625,-792.59228515625,-737.9517822265625,-734.059814453125,-823.5570068359375,-772.2994384765625,-749.5191650390625,-909.347412109375,-945.177001953125,-944.7056884765625,-1018.223388671875,-765.7989501953125,-958.95947265625,-975.77294921875,-710.61328125,-1103.3419189453125,-1247.3504638671875,-846.4722900390625,-921.68701171875,-937.163818359375,-995.24462890625,-902.66552734375,-915.773681640625,-1100.50830078125,-996.976318359375,-1109.31591796875,-1202.6842041015625,-1181.8743896484375,-1437.321044921875,-1230.7476806640625,-1136.9420166015625,-1263.7659912109375,-1451.9329833984375,-965.16650390625,-1154.3345947265625,-1153.703857421875,-1022.7578125,-968.5577392578125,-979.9443359375,-926.940185546875,-910.5230712890625,-890.0762939453125,-957.0216064453125,-865.7540283203125,-1116.626220703125,-919.98291015625,-837.2828369140625,-859.9830322265625,-944.691162109375,-768.1746826171875,-793.9859619140625,-838.54833984375,-853.0732421875,-925.5023193359375,-844.7900390625,-768.23876953125,-1020.997314453125,-834.2061767578125,-1095.0689697265625,-894.426025390625,-813.9368896484375,-746.1807861328125,-817.60546875,-754.672119140625,-953.93994140625,-918.030029296875,-677.911376953125,-871.6820068359375,-861.354248046875,-752.5718994140625,-839.8509521484375,-601.5860595703125,-640.945556640625,-556.6304931640625,-527.8043212890625,-518.3209228515625,-574.91796875,-594.5186767578125,-614.162109375,-402.3388671875,-425.47271728515625,-378.53717041015625,-487.9078369140625,-479.3492431640625,-541.047607421875,-480.7916259765625,-488.842041015625
"S345",-272.55218505859375,-22.59716796875,-58.49774169921875,-141.29547119140625,95.39453125,51.347991943359375,112.71002197265625,89.99862670898438,73.47943115234375,122.15042114257812,155.05255126953125,132.18679809570312,145.68759155273438,180.88223266601562,155.44052124023438,160.87347412109375,177.98831176757812,145.90963745117188,189.3118896484375,198.16574096679688,160.197998046875,173.01376342773438,187.29428100585938,198.85842895507812,198.67431640625,204.35067749023438,200.31912231445312,207.13919067382812,193.86569213867188,187.73904418945312,185.36398315429688,200.970947265625,202.601318359375,199.86703491210938,192.73931884765625,187.17730712890625,111.54095458984375,170.17926025390625,178.48928833007812,129.37734985351562,120.25173950195312,93.93533325195312,114.48162841796875,38.90826416015625,21.19354248046875,-221.27288818359375,-115.7432861328125,-230.7625732421875,-238.9652099609375,-342.24127197265625,-335.57342529296875,-502.00994873046875,-501.080078125,-635.18603515625,-741.6380615234375,-685.0692138671875,-704.235595703125,-739.6376953125,-866.2843017578125,-799.6451416015625,-813.5797119140625,-945.6876220703125,-811.993408203125,-881.980712890625,-973.5601806640625,-888.00146484375,-1126.98779296875,-1094.272705078125,-958.7354736328125,-951.7806396484375,-1006.73486328125,-815.9281005859375,-993.619384765625,-998.9783935546875,-1078.30224609375,-1053.6649169921875,-1057.650390625,-1043.6414794921875,-1148.8857421875,-1129.2569580078125,-1183.4195556640625,-1438.38037109375,-1354.6365966796875,-1397.8447265625,-1805.2978515625,-1131.739990234375,-1030.8681640625,-1012.41259765625,-1131.793212890625,-1054.6654052734375,-1063.1431884765625,-927.046875,-1004.3153076171875,-898.4295654296875,-961.134521484375,-840.7449951171875,-1019.0938720703125,-919.992919921875,-1042.7894287109375,-884.9517822265625,-929.741943359375,-890.9708251953125,-951.322998046875,-729.4981689453125,-751.40625,-865.6053466796875,-804.3114013671875,-938.390869140625,-737.9976806640625,-641.76806640625,-702.7078857421875,-625.146240234375,-996.9605712890625,-802.2747802734375,-714.7618408203125,-564.4957275390625,-650.14404296875,-594.5062255859375,-750.8804931640625,-537.968994140625,-538.669921875,-672.851806640625,-643.016845703125,-474.07073974609375,-547.421142578125,-477.7164306640625,-375.69903564453125,-402.75335693359375,-364.1656494140625,-385.7550048828125,-552.1649169921875,-496.7947998046875,-442.0152587890625,-361.0159912109375,-349.32965087890625,-307.2196044921875,-303.46221923828125,-291.5465087890625,-231.14996337890625,-422.6922607421875,-267.3179931640625
"S346",93.91433715820312,140.63519287109375,75.5201416015625,75.71493530273438,146.39669799804688,221.89013671875,183.53134155273438,207.11114501953125,248.0941925048828,218.46261596679688,241.70193481445312,256.106201171875,240.90243530273438,254.87628173828125,276.4617156982422,237.76617431640625,237.5738525390625,270.16746520996094,244.55328369140625,232.74520874023438,281.04100036621094,238.01187133789062,240.81365966796875,251.3893280029297,257.8642272949219,246.13978576660156,285.93336486816406,256.7362060546875,252.4436798095703,268.6627502441406,244.287841796875,264.0794372558594,295.04408264160156,240.7164306640625,259.1014709472656,263.940185546875,227.91415405273438,262.2856750488281,257.2747344970703,237.16012573242188,198.70236206054688,119.6259765625,193.92324829101562,151.5806884765625,159.21759033203125,97.92239379882812,-120.40020751953125,49.33331298828125,2.214996337890625,-200.35150146484375,-150.25,-244.86334228515625,-373.11871337890625,-304.980712890625,-287.98419189453125,-462.78240966796875,-409.28253173828125,-452.8590087890625,-428.83154296875,-414.31524658203125,-505.83221435546875,-490.5091552734375,-444.6058349609375,-452.55712890625,-540.5628662109375,-496.37939453125,-476.8336181640625,-570.731201171875,-507.9859619140625,-614.9407958984375,-586.7392578125,-543.29296875,-575.815673828125,-576.33984375,-641.79736328125,-822.8905029296875,-573.58984375,-783.98583984375,-737.458984375,-572.891845703125,-551.767333984375,-723.8607177734375,-565.510986328125,-690.35498046875,-846.32373046875,-752.3380126953125,-707.7276611328125,-630.9779052734375,-740.2020263671875,-760.32958984375,-806.615966796875,-606.6669921875,-480.22149658203125,-526.1427001953125,-417.0975341796875,-489.7197265625,-668.69482421875,-519.3320922851562,-521.4940185546875,-469.58087158203125,-517.471435546875,-524.4210205078125,-549.1270751953125,-379.576416015625,-448.2056884765625,-432.1533203125,-416.2205810546875,-351.67620849609375,-356.792724609375,-428.98992919921875,-448.661376953125,-410.83404541015625,-333.107666015625,-325.7315673828125,-504.70880126953125,-301.93463134765625,-182.63580322265625,-213.796875,-209.375732421875,-225.6939697265625,-162.74090576171875,-108.06158447265625,-303.1717529296875,-125.0552978515625,-84.2545166015625,-9.350555419921875,-66.72808837890625,-20.95257568359375,-92.38665771484375,-61.77545166015625,-93.61456298828125,-16.758544921875,39.633270263671875,-72.12921142578125,-8.3853759765625,-102.1915283203125,24.180755615234375,-21.47882080078125,81.35662841796875,69.95285034179688,-17.7879638671875
"S347",60.6448974609375,88.49176025390625,76.71124267578125,118.04452514648438,137.41644287109375,178.95767211914062,153.38192749023438,196.80026245117188,199.79873657226562,222.44610595703125,218.12051391601562,173.65838623046875,152.611572265625,204.76434326171875,207.12936401367188,222.635986328125,215.17056274414062,231.22552490234375,229.75534057617188,226.80227661132812,233.0313720703125,228.75775146484375,227.30270385742188,245.06149291992188,239.70074462890625,239.86468505859375,265.22239685058594,260.356689453125,244.9622344970703,267.19895935058594,236.06951904296875,252.82156372070312,267.4142303466797,248.42919921875,249.68191528320312,213.20394897460938,217.60498046875,234.2440185546875,219.4639892578125,190.96188354492188,124.68191528320312,125.6490478515625,132.09432983398438,68.24258422851562,75.73004150390625,51.642913818359375,-36.200927734375,-32.10504150390625,-129.7777099609375,-273.7877197265625,-265.510498046875,-406.87506103515625,-517.3323974609375,-638.0379638671875,-760.1690673828125,-858.337890625,-895.828857421875,-877.0147705078125,-881.8035888671875,-905.400390625,-920.9552001953125,-977.099853515625,-967.4420166015625,-1001.82470703125,-1076.7716064453125,-964.6575927734375,-1024.67236328125,-1015.9603271484375,-983.57421875,-983.776123046875,-1046.0347900390625,-993.5531005859375,-1005.293701171875,-1089.1015625,-1055.521484375,-1116.2724609375,-1036.141357421875,-1254.1331787109375,-1192.03857421875,-1229.553466796875,-1162.233154296875,-1208.92626953125,-1244.390869140625,-1181.2896728515625,-1112.5784912109375,-1228.708251953125,-1160.324462890625,-1038.96044921875,-1228.3472900390625,-1117.5848388671875,-1192.0609130859375,-1158.0380859375,-1001.4285888671875,-1015.9549560546875,-953.7940673828125,-930.153564453125,-1074.473876953125,-1018.52685546875,-1012.2178955078125,-960.5421142578125,-957.101318359375,-1069.0028076171875,-1004.212646484375,-973.4393310546875,-993.453125,-877.1607666015625,-842.285400390625,-865.3985595703125,-778.82861328125,-863.544677734375,-770.9241943359375,-671.3609619140625,-652.2294921875,-570.1280517578125,-623.269775390625,-524.4749755859375,-511.096435546875,-466.3509521484375,-420.4224853515625,-416.51971435546875,-424.8809814453125,-319.46539306640625,-375.338623046875,-268.15289306640625,-324.12786865234375,-239.72247314453125,-219.5667724609375,-174.96478271484375,-277.75457763671875,-220.14141845703125,-255.1912841796875,-178.20098876953125,-102.69317626953125,-191.4493408203125,-112.6343994140625,-73.7041015625,-63.10711669921875,-93.353515625,-35.48797607421875,-74.93646240234375,-78.48828125
"S348",123.13702392578125,156.10964965820312,152.17901611328125,198.48431396484375,176.45858764648438,169.01373291015625,219.94305419921875,248.5115509033203,247.88026428222656,261.5199890136719,262.6131591796875,223.87158203125,224.37344360351562,232.30654907226562,207.64614868164062,254.00942993164062,236.3778076171875,249.30508422851562,271.79722595214844,247.052001953125,268.1516418457031,281.00616455078125,245.4044952392578,246.15255737304688,270.0816192626953,270.2308807373047,277.6521759033203,289.8699493408203,281.9198303222656,266.5960235595703,280.47113037109375,278.2562713623047,277.1678924560547,270.3658447265625,265.3770751953125,246.3788604736328,218.66217041015625,235.179931640625,236.72488403320312,184.363037109375,240.5172119140625,187.493408203125,187.60955810546875,18.431854248046875,87.97018432617188,155.44677734375,87.0401611328125,4.709075927734375,-71.31268310546875,-181.007080078125,-196.1300048828125,-357.13629150390625,-516.33447265625,-716.8778076171875,-832.9298095703125,-1061.624267578125,-1133.533447265625,-992.4373779296875,-1097.7305908203125,-926.7249755859375,-999.9830322265625,-1042.8743896484375,-1078.5,-1033.18896484375,-1140.4093017578125,-1045.3017578125,-1123.4775390625,-1138.2716064453125,-1082.6922607421875,-914.3375244140625,-1161.71044921875,-1067.5361328125,-1081.3564453125,-1392.9881591796875,-1113.5936279296875,-1285.2337646484375,-1169.753662109375,-1472.7845458984375,-1457.0633544921875,-1403.12890625,-1337.5689697265625,-1295.958740234375,-1411.9547119140625,-1509.3468017578125,-1192.60498046875,-1495.493896484375,-1293.1087646484375,-1115.7020263671875,-1395.9364013671875,-1275.0423583984375,-1275.9132080078125,-1135.12548828125,-1213.260009765625,-1140.7991943359375,-1081.941650390625,-1088.3233642578125,-1190.1827392578125,-1249.4932861328125,-1253.9400634765625,-1094.724365234375,-1068.885009765625,-1205.21533203125,-1224.2156982421875,-1104.3701171875,-1110.4017333984375,-980.31103515625,-983.619140625,-1112.2322998046875,-967.958251953125,-952.1124267578125,-725.3499755859375,-712.1917724609375,-638.395263671875,-580.69384765625,-624.8717041015625,-576.96826171875,-612.17529296875,-518.0147094726562,-403.41162109375,-427.121337890625,-476.3360595703125,-313.35333251953125,-465.494140625,-288.40509033203125,-444.02825927734375,-314.83544921875,-381.4119873046875,-175.58636474609375,-214.49627685546875,-274.45220947265625,-179.5396728515625,-219.2237548828125,-53.3634033203125,-61.7320556640625,20.595001220703125,69.64764404296875,-20.0059814453125,-84.91534423828125,2.27667236328125,-73.22442626953125,-13.03057861328125
"S349",290.88690185546875,295.1921081542969,299.39939880371094,303.37733459472656,306.9998016357422,310.5369110107422,313.63673400878906,316.53916931152344,319.0348205566406,321.2534637451172,323.265869140625,325.01451110839844,326.62843322753906,327.9482116699219,328.79225158691406,329.4936981201172,330.05528259277344,330.3518981933594,330.5613555908203,330.5775146484375,330.55723571777344,330.3520202636719,330.08009338378906,329.6614074707031,329.15093994140625,328.4077453613281,327.50897216796875,326.51905822753906,325.25401306152344,323.79148864746094,322.00103759765625,319.9733581542969,317.7064514160156,315.15687561035156,312.1884460449219,308.86395263671875,305.1736145019531,301.14842224121094,296.7257995605469,292.05438232421875,286.90020751953125,281.4010314941406,275.69183349609375,269.5771179199219,263.06585693359375,256.380615234375,249.4258270263672,242.16677856445312,235.009765625,227.49551391601562,219.6400146484375,211.69888305664062,203.49240112304688,194.853515625,186.29086303710938,177.47732543945312,168.07171630859375,158.20278930664062,147.78250122070312,137.55654907226562,127.66659545898438,116.84603881835938,105.482666015625,93.63339233398438,81.48846435546875,68.9022216796875,55.837738037109375,42.47991943359375,28.477447509765625,14.7540283203125,0.480804443359375,-13.89605712890625,-28.16253662109375,-42.003173828125,-55.4078369140625,-100.1671142578125,-82.42364501953125,-95.45703125,-107.9027099609375,-120.0325927734375,-131.75982666015625,-142.8851318359375,-153.6123046875,-164.1195068359375,-173.35491943359375,-181.987548828125,-190.58416748046875,-198.05792236328125,-205.07037353515625,-211.2376708984375,-216.9989013671875,-221.84515380859375,-225.85260009765625,-228.9049072265625,-230.958740234375,-232.14288330078125,-232.22808837890625,-231.31072998046875,-228.93218994140625,-225.31085205078125,-221.01824951171875,-215.84735107421875,-209.2373046875,-201.9403076171875,-193.39849853515625,-184.34442138671875,-174.75213623046875,-164.6978759765625,-154.203857421875,-142.9755859375,-130.96343994140625,-118.71124267578125,-106.030517578125,-93.06341552734375,-80.09759521484375,-66.31903076171875,-52.52947998046875,-38.493896484375,-24.3018798828125,-9.78424072265625,5.115997314453125,20.2252197265625,35.4066162109375,50.336151123046875,64.77627563476562,79.75689697265625,94.44955444335938,108.3958740234375,122.09197998046875,135.47274780273438,148.07528686523438,160.3997802734375,172.226318359375,183.38699340820312,193.973388671875,204.09603881835938,213.76373291015625,222.73760986328125,231.10519409179688,238.93051147460938,246.5098114013672
"S350",290.88690185546875,295.1921081542969,299.39939880371094,303.37733459472656,306.9998016357422,310.5369110107422,313.63673400878906,316.53916931152344,319.0348205566406,321.2534637451172,323.265869140625,325.01451110839844,326.62843322753906,327.9482116699219,328.79225158691406,329.4936981201172,330.05528259277344,330.3518981933594,330.5613555908203,330.5775146484375,330.55723571777344,330.3520202636719,330.08009338378906,329.6614074707031,329.15093994140625,328.4077453613281,327.50897216796875,326.51905822753906,325.25401306152344,323.79148864746094,322.00103759765625,319.9733581542969,317.7064514160156,315.15687561035156,312.1884460449219,308.86395263671875,305.1736145019531,301.14842224121094,296.7257995605469,292.05438232421875,286.90020751953125,281.4010314941406,275.69183349609375,269.5771179199219,263.06585693359375,256.380615234375,249.4258270263672,242.16677856445312,235.009765625,227.49551391601562,219.6400146484375,211.69888305664062,203.49240112304688,194.853515625,186.29086303710938,177.47732543945312,168.07171630859375,158.20278930664062,147.78250122070312,137.55654907226562,127.66659545898438,116.84603881835938,105.482666015625,93.63339233398438,81.48846435546875,68.9022216796875,55.837738037109375,42.47991943359375,28.477447509765625,14.7540283203125,0.480804443359375,-13.89605712890625,-28.16253662109375,-42.003173828125,-55.4078369140625,-69.00836181640625,-82.42364501953125,-95.45703125,-107.9027099609375,-120.0325927734375,-131.75982666015625,-142.8851318359375,-153.6123046875,-164.1195068359375,-173.35491943359375,-181.987548828125,-190.58416748046875,-198.05792236328125,-205.07037353515625,-211.2376708984375,-216.9989013671875,-221.84515380859375,-225.85260009765625,-228.9049072265625,-230.958740234375,-232.14288330078125,-232.22808837890625,-231.31072998046875,-228.93218994140625,-225.31085205078125,-221.01824951171875,-215.84735107421875,-209.2373046875,-201.9403076171875,-193.39849853515625,-184.34442138671875,-174.75213623046875,-164.6978759765625,-154.203857421875,-142.9755859375,-130.96343994140625,-118.71124267578125,-106.030517578125,-93.06341552734375,-80.09759521484375,-66.31903076171875,-52.52947998046875,-38.493896484375,-24.3018798828125,-9.78424072265625,5.115997314453125,20.2252197265625,35.4066162109375,50.336151123046875,64.77627563476562,79.75689697265625,94.44955444335938,108.3958740234375,122.09197998046875,135.47274780273438,148.07528686523438,160.3997802734375,172.226318359375,183.38699340820312,193.973388671875,204.09603881835938,213.76373291015625,222.73760986328125,231.10519409179688,238.93051147460938,246.5098114013672
"S351",-Infinity,-Infinity,-Infinity,-Infinity,-Infinity,-Infinity,-Infinity,-Infinity,-Infinity,-Infinity,-Infinity,-Infinity,-Infinity,-Infinity,-Infinity,-Infinity,-Infinity,-Infinity,-Infinity,-Infinity,-Infinity,-Infinity,-Infinity,-Infinity,-Infinity,-Infinity,-Infinity,-Infinity,-Infinity,-Infinity,-Infinity,-Infinity,-Infinity,-Infinity,-Infinity,-Infinity,-Infinity,-Infinity,-Infinity,-Infinity,-Infinity,-Infinity,-Infinity,-Infinity,-Infinity,-Infinity,-Infinity,-Infinity,-Infinity,-Infinity,-Infinity,-Infinity,-Infinity,-Infinity,-Infinity,-Infinity,-Infinity,-Infinity,-Infinity,-Infinity,-Infinity,-Infinity,-Infinity,-Infinity,-Infinity,-Infinity,-Infinity,-Infinity,-Infinity,-Infinity,-Infinity,-Infinity,-Infinity,-Infinity,-Infinity,-Infinity,-Infinity,-Infinity,-Infinity,-Infinity,-Infinity,-Infinity,-Infinity,-Infinity,-Infinity,-Infinity,-Infinity,-Infinity,-Infinity,-Infinity,-Infinity,-Infinity,-Infinity,-Infinity,-Infinity,-Infinity,-Infinity,-Infinity,-Infinity,-Infinity,-Infinity,-Infinity,-Infinity,-Infinity,-Infinity,-Infinity,-Infinity,-Infinity,-Infinity,-Infinity,-Infinity,-Infinity,-Infinity,-Infinity,-Infinity,-Infinity,-Infinity,-Infinity,-Infinity,-Infinity,-Infinity,-Infinity,-Infinity,-Infinity,-Infinity,-Infinity,-Infinity,-Infinity,-Infinity,-Infinity,-Infinity,-Infinity,-Infinity,-Infinity,-Infinity,-Infinity,-Infinity,-Infinity,-Infinity,-Infinity,-Infinity
"S352",-Infinity,-Infinity,-Infinity,-Infinity,-Infinity,-Infinity,-Infinity,-Infinity,-Infinity,-Infinity,-Infinity,-Infinity,-Infinity,-Infinity,-Infinity,-Infinity,-Infinity,-Infinity,-Infinity,-Infinity,-Infinity,-Infinity,-Infinity,-Infinity,-Infinity,-Infinity,-Infinity,-Infinity,-Infinity,-Infinity,-Infinity,-Infinity,-Infinity,-Infinity,-Infinity,-Infinity,-Infinity,-Infinity,-Infinity,-Infinity,-Infinity,-Infinity,-Infinity,-Infinity,-Infinity,-Infinity,-Infinity,-Infinity,-Infinity,-Infinity,-Infinity,-Infinity,-Infinity,-Infinity,-Infinity,-Infinity,-Infinity,-Infinity,-Infinity,-Infinity,-Infinity,-Infinity,-Infinity,-Infinity,-Infinity,-Infinity,-Infinity,-Infinity,-Infinity,-Infinity,-Infinity,-Infinity,-Infinity,-Infinity,-Infinity,-Infinity,-Infinity,-Infinity,-Infinity,-Infinity,-Infinity,-Infinity,-Infinity,-Infinity,-Infinity,-Infinity,-Infinity,-Infinity,-Infinity,-Infinity,-Infinity,-Infinity,-Infinity,-Infinity,-Infinity,-Infinity,-Infinity,-Infinity,-Infinity,-Infinity,-Infinity,-Infinity,-Infinity,-Infinity,-Infinity,-Infinity,-Infinity,-Infinity,-Infinity,-Infinity,-Infinity,-Infinity,-Infinity,-Infinity,-Infinity,-Infinity,-Infinity,-Infinity,-Infinity,-Infinity,-Infinity,-Infinity,-Infinity,-Infinity,-Infinity,-Infinity,-Infinity,-Infinity,-Infinity,-Infinity,-Infinity,-Infinity,-Infinity,-Infinity,-Infinity,-Infinity,-Infinity,-Infinity,-Infinity,-Infinity,-Infinity
"S353",-Infinity,-Infinity,-Infinity,-Infinity,-Infinity,-Infinity,-Infinity,-Infinity,-Infinity,-Infinity,-Infinity,-Infinity,-Infinity,-Infinity,-Infinity,-Infinity,-Infinity,-Infinity,-Infinity,-Infinity,-Infinity,-Infinity,-Infinity,-Infinity,-Infinity,-Infinity,-Infinity,-Infinity,-Infinity,-Infinity,-Infinity,-Infinity,-Infinity,-Infinity,-Infinity,-Infinity,-Infinity,-Infinity,-Infinity,-Infinity,-Infinity,-Infinity,-Infinity,-Infinity,-Infinity,-Infinity,-Infinity,-Infinity,-Infinity,-Infinity,-Infinity,-Infinity,-Infinity,-Infinity,-Infinity,-Infinity,-Infinity,-Infinity,-Infinity,-Infinity,-Infinity,-Infinity,-Infinity,-Infinity,-Infinity,-Infinity,-Infinity,-Infinity,-Infinity,-Infinity,-Infinity,-Infinity,-Infinity,-Infinity,-Infinity,-Infinity,-Infinity,-Infinity,-Infinity,-Infinity,-Infinity,-Infinity,-Infinity,-Infinity,-Infinity,-Infinity,-Infinity,-Infinity,-Infinity,-Infinity,-Infinity,-Infinity,-Infinity,-Infinity,-Infinity,-Infinity,-Infinity,-Infinity,-Infinity,-Infinity,-Infinity,-Infinity,-Infinity,-Infinity,-Infinity,-Infinity,-Infinity,-Infinity,-Infinity,-Infinity,-Infinity,-Infinity,-Infinity,-Infinity,-Infinity,-Infinity,-Infinity,-Infinity,-Infinity,-Infinity,-Infinity,-Infinity,-Infinity,-Infinity,-Infinity,-Infinity,-Infinity,-Infinity,-Infinity,-Infinity,-Infinity,-Infinity,-Infinity,-Infinity,-Infinity,-Infinity,-Infinity,-Infinity,-Infinity,-Infinity,-Infinity
"S354",-Infinity,-Infinity,-Infinity,-Infinity,-Infinity,-Infinity,-Infinity,-Infinity,-Infinity,-Infinity,-Infinity,-Infinity,-Infinity,-Infinity,-Infinity,-Infinity,-Infinity,-Infinity,-Infinity,-Infinity,-Infinity,-Infinity,-Infinity,-Infinity,-Infinity,-Infinity,-Infinity,-Infinity,-Infinity,-Infinity,-Infinity,-Infinity,-Infinity,-Infinity,-Infinity,-Infinity,-Infinity,-Infinity,-Infinity,-Infinity,-Infinity,-Infinity,-Infinity,-Infinity,-Infinity,-Infinity,-Infinity,-Infinity,-Infinity,-Infinity,-Infinity,-Infinity,-Infinity,-Infinity,-Infinity,-Infinity,-Infinity,-Infinity,-Infinity,-Infinity,-Infinity,-Infinity,-Infinity,-Infinity,-Infinity,-Infinity,-Infinity,-Infinity,-Infinity,-Infinity,-Infinity,-Infinity,-Infinity,-Infinity,-Infinity,-Infinity,-Infinity,-Infinity,-Infinity,-Infinity,-Infinity,-Infinity,-Infinity,-Infinity,-Infinity,-Infinity,-Infinity,-Infinity,-Infinity,-Infinity,-Infinity,-Infinity,-Infinity,-Infinity,-Infinity,-Infinity,-Infinity,-Infinity,-Infinity,-Infinity,-Infinity,-Infinity,-Infinity,-Infinity,-Infinity,-Infinity,-Infinity,-Infinity,-Infinity,-Infinity,-Infinity,-Infinity,-Infinity,-Infinity,-Infinity,-Infinity,-Infinity,-Infinity,-Infinity,-Infinity,-Infinity,-Infinity,-Infinity,-Infinity,-Infinity,-Infinity,-Infinity,-Infinity,-Infinity,-Infinity,-Infinity,-Infinity,-Infinity,-Infinity,-Infinity,-Infinity,-Infinity,-Infinity,-Infinity,-Infinity,-Infinity
"S355",-Infinity,-Infinity,-Infinity,-Infinity,-Infinity,-Infinity,-Infinity,-Infinity,-Infinity,-Infinity,-Infinity,-Infinity,-Infinity,-Infinity,-Infinity,-Infinity,-Infinity,-Infinity,-Infinity,-Infinity,-Infinity,-Infinity,-Infinity,-Infinity,-Infinity,-Infinity,-Infinity,-Infinity,-Infinity,-Infinity,-Infinity,-Infinity,-Infinity,-Infinity,-Infinity,-Infinity,-Infinity,-Infinity,-Infinity,-Infinity,-Infinity,-Infinity,-Infinity,-Infinity,-Infinity,-Infinity,-Infinity,-Infinity,-Infinity,-Infinity,-Infinity,-Infinity,-Infinity,-Infinity,-Infinity,-Infinity,-Infinity,-Infinity,-Infinity,-Infinity,-Infinity,-Infinity,-Infinity,-Infinity,-Infinity,-Infinity,-Infinity,-Infinity,-Infinity,-Infinity,-Infinity,-Infinity,-Infinity,-Infinity,-Infinity,-Infinity,-Infinity,-Infinity,-Infinity,-Infinity,-Infinity,-Infinity,-Infinity,-Infinity,-Infinity,-Infinity,-Infinity,-Infinity,-Infinity,-Infinity,-Infinity,-Infinity,-Infinity,-Infinity,-Infinity,-Infinity,-Infinity,-Infinity,-Infinity,-Infinity,-Infinity,-Infinity,-Infinity,-Infinity,-Infinity,-Infinity,-Infinity,-Infinity,-Infinity,-Infinity,-Infinity,-Infinity,-Infinity,-Infinity,-Infinity,-Infinity,-Infinity,-Infinity,-Infinity,-Infinity,-Infinity,-Infinity,-Infinity,-Infinity,-Infinity,-Infinity,-Infinity,-Infinity,-Infinity,-Infinity,-Infinity,-Infinity,-Infinity,-Infinity,-Infinity,-Infinity,-Infinity,-Infinity,-Infinity,-Infinity,-Infinity
"S356",-Infinity,-Infinity,-Infinity,-Infinity,-Infinity,-Infinity,-Infinity,-Infinity,-Infinity,-Infinity,-Infinity,-Infinity,-Infinity,-Infinity,-Infinity,-Infinity,-Infinity,-Infinity,-Infinity,-Infinity,-Infinity,-Infinity,-Infinity,-Infinity,-Infinity,-Infinity,-Infinity,-Infinity,-Infinity,-Infinity,-Infinity,-Infinity,-Infinity,-Infinity,-Infinity,-Infinity,-Infinity,-Infinity,-Infinity,-Infinity,-Infinity,-Infinity,-Infinity,-Infinity,-Infinity,-Infinity,-Infinity,-Infinity,-Infinity,-Infinity,-Infinity,-Infinity,-Infinity,-Infinity,-Infinity,-Infinity,-Infinity,-Infinity,-Infinity,-Infinity,-Infinity,-Infinity,-Infinity,-Infinity,-Infinity,-Infinity,-Infinity,-Infinity,-Infinity,-Infinity,-Infinity,-Infinity,-Infinity,-Infinity,-Infinity,-Infinity,-Infinity,-Infinity,-Infinity,-Infinity,-Infinity,-Infinity,-Infinity,-Infinity,-Infinity,-Infinity,-Infinity,-Infinity,-Infinity,-Infinity,-Infinity,-Infinity,-Infinity,-Infinity,-Infinity,-Infinity,-Infinity,-Infinity,-Infinity,-Infinity,-Infinity,-Infinity,-Infinity,-Infinity,-Infinity,-Infinity,-Infinity,-Infinity,-Infinity,-Infinity,-Infinity,-Infinity,-Infinity,-Infinity,-Infinity,-Infinity,-Infinity,-Infinity,-Infinity,-Infinity,-Infinity,-Infinity,-Infinity,-Infinity,-Infinity,-Infinity,-Infinity,-Infinity,-Infinity,-Infinity,-Infinity,-Infinity,-Infinity,-Infinity,-Infinity,-Infinity,-Infinity,-Infinity,-Infinity,-Infinity,-Infinity
"S357",-Infinity,-Infinity,-Infinity,-Infinity,-Infinity,-Infinity,-Infinity,-Infinity,-Infinity,-Infinity,-Infinity,-Infinity,-Infinity,-Infinity,-Infinity,-Infinity,-Infinity,-Infinity,-Infinity,-Infinity,-Infinity,-Infinity,-Infinity,-Infinity,-Infinity,-Infinity,-Infinity,-Infinity,-Infinity,-Infinity,-Infinity,-Infinity,-Infinity,-Infinity,-Infinity,-Infinity,-Infinity,-Infinity,-Infinity,-Infinity,-Infinity,-Infinity,-Infinity,-Infinity,-Infinity,-Infinity,-Infinity,-Infinity,-Infinity,-Infinity,-Infinity,-Infinity,-Infinity,-Infinity,-Infinity,-Infinity,-Infinity,-Infinity,-Infinity,-Infinity,-Infinity,-Infinity,-Infinity,-Infinity,-Infinity,-Infinity,-Infinity,-Infinity,-Infinity,-Infinity,-Infinity,-Infinity,-Infinity,-Infinity,-Infinity,-Infinity,-Infinity,-Infinity,-Infinity,-Infinity,-Infinity,-Infinity,-Infinity,-Infinity,-Infinity,-Infinity,-Infinity,-Infinity,-Infinity,-Infinity,-Infinity,-Infinity,-Infinity,-Infinity,-Infinity,-Infinity,-Infinity,-Infinity,-Infinity,-Infinity,-Infinity,-Infinity,-Infinity,-Infinity,-Infinity,-Infinity,-Infinity,-Infinity,-Infinity,-Infinity,-Infinity,-Infinity,-Infinity,-Infinity,-Infinity,-Infinity,-Infinity,-Infinity,-Infinity,-Infinity,-Infinity,-Infinity,-Infinity,-Infinity,-Infinity,-Infinity,-Infinity,-Infinity,-Infinity,-Infinity,-Infinity,-Infinity,-Infinity,-Infinity,-Infinity,-Infinity,-Infinity,-Infinity,-Infinity,-Infinity,-Infinity
"S358",-Infinity,-Infinity,-Infinity,-Infinity,-Infinity,-Infinity,-Infinity,-Infinity,-Infinity,-Infinity,-Infinity,-Infinity,-Infinity,-Infinity,-Infinity,-Infinity,-Infinity,-Infinity,-Infinity,-Infinity,-Infinity,-Infinity,-Infinity,-Infinity,-Infinity,-Infinity,-Infinity,-Infinity,-Infinity,-Infinity,-Infinity,-Infinity,-Infinity,-Infinity,-Infinity,-Infinity,-Infinity,-Infinity,-Infinity,-Infinity,-Infinity,-Infinity,-Infinity,-Infinity,-Infinity,-Infinity,-Infinity,-Infinity,-Infinity,-Infinity,-Infinity,-Infinity,-Infinity,-Infinity,-Infinity,-Infinity,-Infinity,-Infinity,-Infinity,-Infinity,-Infinity,-Infinity,-Infinity,-Infinity,-Infinity,-Infinity,-Infinity,-Infinity,-Infinity,-Infinity,-Infinity,-Infinity,-Infinity,-Infinity,-Infinity,-Infinity,-Infinity,-Infinity,-Infinity,-Infinity,-Infinity,-Infinity,-Infinity,-Infinity,-Infinity,-Infinity,-Infinity,-Infinity,-Infinity,-Infinity,-Infinity,-Infinity,-Infinity,-Infinity,-Infinity,-Infinity,-Infinity,-Infinity,-Infinity,-Infinity,-Infinity,-Infinity,-Infinity,-Infinity,-Infinity,-Infinity,-Infinity,-Infinity,-Infinity,-Infinity,-Infinity,-Infinity,-Infinity,-Infinity,-Infinity,-Infinity,-Infinity,-Infinity,-Infinity,-Infinity,-Infinity,-Infinity,-Infinity,-Infinity,-Infinity,-Infinity,-Infinity,-Infinity,-Infinity,-Infinity,-Infinity,-Infinity,-Infinity,-Infinity,-Infinity,-Infinity,-Infinity,-Infinity,-Infinity,-Infinity,-Infinity
"S359",-Infinity,-Infinity,-Infinity,-Infinity,-Infinity,-Infinity,-Infinity,-Infinity,-Infinity,-Infinity,-Infinity,-Infinity,-Infinity,-Infinity,-Infinity,-Infinity,-Infinity,-Infinity,-Infinity,-Infinity,-Infinity,-Infinity,-Infinity,-Infinity,-Infinity,-Infinity,-Infinity,-Infinity,-Infinity,-Infinity,-Infinity,-Infinity,-Infinity,-Infinity,-Infinity,-Infinity,-Infinity,-Infinity,-Infinity,-Infinity,-Infinity,-Infinity,-Infinity,-Infinity,-Infinity,-Infinity,-Infinity,-Infinity,-Infinity,-Infinity,-Infinity,-Infinity,-Infinity,-Infinity,-Infinity,-Infinity,-Infinity,-Infinity,-Infinity,-Infinity,-Infinity,-Infinity,-Infinity,-Infinity,-Infinity,-Infinity,-Infinity,-Infinity,-Infinity,-Infinity,-Infinity,-Infinity,-Infinity,-Infinity,-Infinity,-Infinity,-Infinity,-Infinity,-Infinity,-Infinity,-Infinity,-Infinity,-Infinity,-Infinity,-Infinity,-Infinity,-Infinity,-Infinity,-Infinity,-Infinity,-Infinity,-Infinity,-Infinity,-Infinity,-Infinity,-Infinity,-Infinity,-Infinity,-Infinity,-Infinity,-Infinity,-Infinity,-Infinity,-Infinity,-Infinity,-Infinity,-Infinity,-Infinity,-Infinity,-Infinity,-Infinity,-Infinity,-Infinity,-Infinity,-Infinity,-Infinity,-Infinity,-Infinity,-Infinity,-Infinity,-Infinity,-Infinity,-Infinity,-Infinity,-Infinity,-Infinity,-Infinity,-Infinity,-Infinity,-Infinity,-Infinity,-Infinity,-Infinity,-Infinity,-Infinity,-Infinity,-Infinity,-Infinity,-Infinity,-Infinity,-Infinity
"S360",-Infinity,-Infinity,-Infinity,-Infinity,-Infinity,-Infinity,-Infinity,-Infinity,-Infinity,-Infinity,-Infinity,-Infinity,-Infinity,-Infinity,-Infinity,-Infinity,-Infinity,-Infinity,-Infinity,-Infinity,-Infinity,-Infinity,-Infinity,-Infinity,-Infinity,-Infinity,-Infinity,-Infinity,-Infinity,-Infinity,-Infinity,-Infinity,-Infinity,-Infinity,-Infinity,-Infinity,-Infinity,-Infinity,-Infinity,-Infinity,-Infinity,-Infinity,-Infinity,-Infinity,-Infinity,-Infinity,-Infinity,-Infinity,-Infinity,-Infinity,-Infinity,-Infinity,-Infinity,-Infinity,-Infinity,-Infinity,-Infinity,-Infinity,-Infinity,-Infinity,-Infinity,-Infinity,-Infinity,-Infinity,-Infinity,-Infinity,-Infinity,-Infinity,-Infinity,-Infinity,-Infinity,-Infinity,-Infinity,-Infinity,-Infinity,-Infinity,-Infinity,-Infinity,-Infinity,-Infinity,-Infinity,-Infinity,-Infinity,-Infinity,-Infinity,-Infinity,-Infinity,-Infinity,-Infinity,-Infinity,-Infinity,-Infinity,-Infinity,-Infinity,-Infinity,-Infinity,-Infinity,-Infinity,-Infinity,-Infinity,-Infinity,-Infinity,-Infinity,-Infinity,-Infinity,-Infinity,-Infinity,-Infinity,-Infinity,-Infinity,-Infinity,-Infinity,-Infinity,-Infinity,-Infinity,-Infinity,-Infinity,-Infinity,-Infinity,-Infinity,-Infinity,-Infinity,-Infinity,-Infinity,-Infinity,-Infinity,-Infinity,-Infinity,-Infinity,-Infinity,-Infinity,-Infinity,-Infinity,-Infinity,-Infinity,-Infinity,-Infinity,-Infinity,-Infinity,-Infinity,-Infinity
"S361",-Infinity,-Infinity,-Infinity,-Infinity,-Infinity,-Infinity,-Infinity,-Infinity,-Infinity,-Infinity,-Infinity,-Infinity,-Infinity,-Infinity,-Infinity,-Infinity,-Infinity,-Infinity,-Infinity,-Infinity,-Infinity,-Infinity,-Infinity,-Infinity,-Infinity,-Infinity,-Infinity,-Infinity,-Infinity,-Infinity,-Infinity,-Infinity,-Infinity,-Infinity,-Infinity,-Infinity,-Infinity,-Infinity,-Infinity,-Infinity,-Infinity,-Infinity,-Infinity,-Infinity,-Infinity,-Infinity,-Infinity,-Infinity,-Infinity,-Infinity,-Infinity,-Infinity,-Infinity,-Infinity,-Infinity,-Infinity,-Infinity,-Infinity,-Infinity,-Infinity,-Infinity,-Infinity,-Infinity,-Infinity,-Infinity,-Infinity,-Infinity,-Infinity,-Infinity,-Infinity,-Infinity,-Infinity,-Infinity,-Infinity,-Infinity,-Infinity,-Infinity,-Infinity,-Infinity,-Infinity,-Infinity,-Infinity,-Infinity,-Infinity,-Infinity,-Infinity,-Infinity,-Infinity,-Infinity,-Infinity,-Infinity,-Infinity,-Infinity,-Infinity,-Infinity,-Infinity,-Infinity,-Infinity,-Infinity,-Infinity,-Infinity,-Infinity,-Infinity,-Infinity,-Infinity,-Infinity,-Infinity,-Infinity,-Infinity,-Infinity,-Infinity,-Infinity,-Infinity,-Infinity,-Infinity,-Infinity,-Infinity,-Infinity,-Infinity,-Infinity,-Infinity,-Infinity,-Infinity,-Infinity,-Infinity,-Infinity,-Infinity,-Infinity,-Infinity,-Infinity,-Infinity,-Infinity,-Infinity,-Infinity,-Infinity,-Infinity,-Infinity,-Infinity,-Infinity,-Infinity,-Infinity
"S362",-Infinity,-Infinity,-Infinity,-Infinity,-Infinity,-Infinity,-Infinity,-Infinity,-Infinity,-Infinity,-Infinity,-Infinity,-Infinity,-Infinity,-Infinity,-Infinity,-Infinity,-Infinity,-Infinity,-Infinity,-Infinity,-Infinity,-Infinity,-Infinity,-Infinity,-Infinity,-Infinity,-Infinity,-Infinity,-Infinity,-Infinity,-Infinity,-Infinity,-Infinity,-Infinity,-Infinity,-Infinity,-Infinity,-Infinity,-Infinity,-Infinity,-Infinity,-Infinity,-Infinity,-Infinity,-Infinity,-Infinity,-Infinity,-Infinity,-Infinity,-Infinity,-Infinity,-Infinity,-Infinity,-Infinity,-Infinity,-Infinity,-Infinity,-Infinity,-Infinity,-Infinity,-Infinity,-Infinity,-Infinity,-Infinity,-Infinity,-Infinity,-Infinity,-Infinity,-Infinity,-Infinity,-Infinity,-Infinity,-Infinity,-Infinity,-Infinity,-Infinity,-Infinity,-Infinity,-Infinity,-Infinity,-Infinity,-Infinity,-Infinity,-Infinity,-Infinity,-Infinity,-Infinity,-Infinity,-Infinity,-Infinity,-Infinity,-Infinity,-Infinity,-Infinity,-Infinity,-Infinity,-Infinity,-Infinity,-Infinity,-Infinity,-Infinity,-Infinity,-Infinity,-Infinity,-Infinity,-Infinity,-Infinity,-Infinity,-Infinity,-Infinity,-Infinity,-Infinity,-Infinity,-Infinity,-Infinity,-Infinity,-Infinity,-Infinity,-Infinity,-Infinity,-Infinity,-Infinity,-Infinity,-Infinity,-Infinity,-Infinity,-Infinity,-Infinity,-Infinity,-Infinity,-Infinity,-Infinity,-Infinity,-Infinity,-Infinity,-Infinity,-Infinity,-Infinity,-Infinity,-Infinity
"S363",79.81488037109375,170.71099853515625,219.27642822265625,256.8956756591797,321.0577850341797,230.42178344726562,236.08688354492188,285.1742401123047,307.7261657714844,263.71458435058594,321.0723876953125,317.03851318359375,318.3028564453125,348.9470520019531,332.03370666503906,326.80348205566406,321.7759094238281,338.0309295654297,332.5063171386719,367.91111755371094,363.60963439941406,355.5701904296875,363.22552490234375,344.3842468261719,351.10455322265625,367.81268310546875,367.0090789794922,366.13427734375,365.0326843261719,358.9764709472656,359.43919372558594,360.4625701904297,358.4725799560547,356.24371337890625,353.74790954589844,350.99827575683594,347.91062927246094,338.6566925048828,340.95521545410156,328.2586669921875,332.8426513671875,293.0909423828125,318.3533020019531,308.6518249511719,276.775146484375,283.24456787109375,244.99977111816406,208.94940185546875,186.76031494140625,180.1646728515625,120.96246337890625,105.31622314453125,125.11935424804688,83.77899169921875,73.70404052734375,78.43692016601562,-42.94903564453125,-2.862213134765625,10.955352783203125,-68.27752685546875,0.42791748046875,34.839263916015625,-16.14471435546875,-56.15142822265625,-125.85540771484375,-35.48687744140625,-25.95733642578125,-47.2034912109375,-84.67852783203125,-145.19769287109375,-85.3583984375,-189.7119140625,-62.23638916015625,-60.973876953125,-73.4632568359375,-131.8397216796875,-31.66497802734375,-40.46331787109375,-33.62457275390625,-98.51177978515625,-77.214599609375,-62.67645263671875,-113.0699462890625,-129.4013671875,-171.048583984375,-66.5225830078125,-138.3240966796875,-97.05682373046875,-111.1983642578125,-141.579833984375,-165.33551025390625,-139.00006103515625,-136.79083251953125,-156.4990234375,-195.28369140625,-194.593017578125,-208.416748046875,-182.2589111328125,-319.91693115234375,-206.05902099609375,-161.854736328125,-89.54193115234375,-181.79351806640625,-156.56878662109375,-97.7598876953125,-138.734130859375,-88.4261474609375,-86.18670654296875,-197.31817626953125,-154.97100830078125,-56.69049072265625,-144.37384033203125,-93.731689453125,-118.4130859375,-117.9420166015625,-63.86358642578125,-83.19610595703125,-6.355438232421875,52.4775390625,25.244049072265625,45.714447021484375,71.1265869140625,34.333251953125,-9.1927490234375,54.12652587890625,91.01318359375,9.969818115234375,51.38812255859375,23.648529052734375,66.96466064453125,135.37493896484375,52.97808837890625,63.836456298828125,120.66815185546875,127.48800659179688,76.73355102539062,93.1927490234375,127.43414306640625,140.62875366210938,179.85052490234375,117.02700805664062
"S364",-48.6527099609375,29.750885009765625,-1.966583251953125,71.37466430664062,99.34710693359375,98.80215454101562,92.59088134765625,167.1580810546875,147.46188354492188,137.97848510742188,110.00479125976562,159.9515380859375,137.25186157226562,219.74118041992188,193.69204711914062,222.84835815429688,226.14266967773438,206.62335205078125,244.12733459472656,236.12612915039062,234.57449340820312,248.71331787109375,244.02139282226562,228.524658203125,246.50245666503906,267.7100372314453,247.54205322265625,270.6523742675781,262.8459167480469,249.60546875,262.6430206298828,264.4106140136719,263.38018798828125,241.88333129882812,269.9708251953125,219.11849975585938,196.64596557617188,243.8876953125,228.55169677734375,187.38162231445312,216.45858764648438,173.65750122070312,186.96505737304688,140.78231811523438,113.34368896484375,79.57269287109375,7.36041259765625,-50.076171875,-117.68438720703125,-142.74932861328125,-239.46044921875,-260.438720703125,-301.49859619140625,-278.7020263671875,-305.2752685546875,-373.12060546875,-471.04534912109375,-352.76446533203125,-372.0469970703125,-472.97320556640625,-514.2861938476562,-372.93780517578125,-482.77801513671875,-414.62896728515625,-493.38482666015625,-461.3616943359375,-468.79443359375,-448.50128173828125,-660.4970703125,-605.759033203125,-528.67529296875,-530.4365234375,-478.13592529296875,-435.013916015625,-594.3936767578125,-534.3408203125,-692.18115234375,-519.7697143554688,-498.34820556640625,-498.78411865234375,-514.8873291015625,-527.068115234375,-564.6815185546875,-425.61761474609375,-564.7110595703125,-459.658203125,-515.1058349609375,-465.28472900390625,-411.08447265625,-557.9091796875,-545.7999267578125,-611.6761474609375,-446.80963134765625,-447.03887939453125,-481.4515380859375,-479.15740966796875,-544.915771484375,-578.5811767578125,-484.9876708984375,-471.1998291015625,-442.48577880859375,-443.7276611328125,-551.65576171875,-465.70306396484375,-470.48150634765625,-561.719970703125,-536.175537109375,-552.3399658203125,-655.4586181640625,-443.0084228515625,-429.19854736328125,-576.7587890625,-552.987060546875,-423.52728271484375,-575.951416015625,-406.9703369140625,-448.198974609375,-469.2742919921875,-412.27606201171875,-453.3790283203125,-401.8922119140625,-360.34796142578125,-329.07171630859375,-382.79132080078125,-337.4482421875,-392.55126953125,-294.439453125,-303.41253662109375,-305.292236328125,-353.0750732421875,-165.8525390625,-321.83258056640625,-334.0882568359375,-228.341552734375,-291.593017578125,-326.16064453125,-218.85406494140625,-307.98577880859375,-391.057861328125,-278.9219970703125,-202.85418701171875
"S365",-327.2069091796875,-170.61431884765625,-239.66204833984375,-250.9970703125,-109.899169921875,-94.74468994140625,-58.5506591796875,-17.60577392578125,-56.31097412109375,-41.28009033203125,-41.37860107421875,11.30303955078125,-13.219970703125,69.70477294921875,56.394195556640625,83.09646606445312,104.04000854492188,81.31582641601562,99.7181396484375,92.89532470703125,89.7445068359375,113.5382080078125,118.12155151367188,109.89443969726562,131.32150268554688,143.16668701171875,137.589111328125,133.76181030273438,97.18121337890625,120.48910522460938,134.1153564453125,136.82833862304688,132.2078857421875,114.09881591796875,132.65509033203125,90.90875244140625,5.576080322265625,115.32281494140625,72.93679809570312,17.516693115234375,23.39495849609375,1.060882568359375,3.64007568359375,-65.09326171875,-101.26031494140625,-183.20025634765625,-324.3636474609375,-580.959716796875,-515.9391479492188,-620.0224609375,-680.466796875,-929.496337890625,-981.2855224609375,-979.4334716796875,-1147.6597900390625,-1284.696044921875,-1157.56884765625,-1028.3758544921875,-1158.890625,-1215.6123046875,-1297.4486083984375,-1235.04541015625,-1415.5323486328125,-1327.7327880859375,-1456.0576171875,-1192.35546875,-1340.4378662109375,-1492.6865234375,-1255.215087890625,-1566.775390625,-1697.991943359375,-1260.888671875,-1313.8349609375,-1296.2254638671875,-1525.6077880859375,-1305.3958740234375,-1518.3153076171875,-1550.887939453125,-1409.3858642578125,-1421.950439453125,-1557.61474609375,-1473.3912353515625,-1803.25,-1551.781982421875,-1474.3382568359375,-1676.076416015625,-1985.535888671875,-1457.4295654296875,-1471.978759765625,-1621.332275390625,-1410.1854248046875,-1496.026611328125,-1358.2999267578125,-1306.5853271484375,-1278.4898681640625,-1236.3939208984375,-1347.7362060546875,-1335.54833984375,-1321.165771484375,-1281.985595703125,-1205.4600830078125,-1275.0123291015625,-1527.274169921875,-1204.86181640625,-1255.6558837890625,-1395.1212158203125,-1398.8572998046875,-1424.26708984375,-1430.10791015625,-1113.8780517578125,-1330.296875,-1417.974365234375,-1531.4375,-1250.6541748046875,-1377.157958984375,-1149.279296875,-1419.638916015625,-1303.070556640625,-1290.711181640625,-1392.8660888671875,-1133.455810546875,-1222.3369140625,-1228.7178955078125,-1106.7646484375,-1231.6826171875,-1048.3721923828125,-949.4580078125,-1042.09130859375,-841.170166015625,-935.793212890625,-774.151611328125,-909.60302734375,-914.30078125,-697.14111328125,-728.722412109375,-650.856689453125,-784.3128662109375,-843.4866943359375,-999.4796142578125,-841.415771484375,-729.4833984375
"S366",124.43463134765625,272.4873962402344,249.1221466064453,243.14730834960938,310.8743438720703,295.2048034667969,316.76824951171875,325.9166717529297,293.8297119140625,325.01318359375,353.6350555419922,336.9868927001953,343.6398620605469,362.62408447265625,347.5300598144531,356.60218811035156,370.7421875,341.2128601074219,359.9433135986328,365.54930114746094,343.3196258544922,353.5149688720703,356.18601989746094,355.3932189941406,361.59149169921875,367.72291564941406,351.22166442871094,358.9484100341797,358.59942626953125,350.63209533691406,347.27783203125,365.4556427001953,355.35435485839844,357.1129150390625,363.87353515625,345.0233917236328,331.8087615966797,348.35044860839844,345.96192932128906,320.99473571777344,323.0078430175781,274.7530517578125,297.0480194091797,305.165283203125,269.9471740722656,230.96505737304688,234.19192504882812,43.387176513671875,150.09494018554688,96.19244384765625,108.19815063476562,83.41561889648438,65.530517578125,14.16070556640625,-30.32696533203125,-86.435302734375,-59.3878173828125,-35.78887939453125,-119.92510986328125,-130.49609375,-96.404541015625,-174.307373046875,-135.638916015625,-119.68743896484375,-177.37896728515625,-113.26470947265625,-179.51007080078125,-199.75762939453125,-134.77667236328125,-138.58758544921875,-141.0238037109375,-101.63275146484375,-155.931640625,-191.895263671875,-218.3541259765625,-195.68408203125,-163.9315185546875,-221.85577392578125,-248.9556884765625,-250.0311279296875,-272.90972900390625,-255.01171875,-273.65460205078125,-225.81158447265625,-272.797119140625,-300.81304931640625,-224.9263916015625,-241.70245361328125,-231.38946533203125,-198.33489990234375,-212.29815673828125,-238.57232666015625,-278.7144775390625,-251.8812255859375,-134.57952880859375,-181.05450439453125,-174.57525634765625,-173.0081787109375,-250.04449462890625,-187.75103759765625,-136.279052734375,-162.07611083984375,-195.35406494140625,-106.18280029296875,-124.53961181640625,-197.74456787109375,-92.15948486328125,-164.115478515625,-250.6973876953125,-142.14715576171875,-97.6253662109375,-92.35693359375,-221.9832763671875,-176.51763916015625,-151.19427490234375,-45.368408203125,-103.47552490234375,-88.19256591796875,-96.51416015625,-93.07867431640625,-49.81549072265625,-91.477783203125,-2.34442138671875,-33.57794189453125,-34.82611083984375,-15.04541015625,-5.9764404296875,29.4844970703125,46.11737060546875,23.263092041015625,15.360687255859375,-22.61065673828125,32.497283935546875,98.80859375,37.068572998046875,104.4163818359375,111.73870849609375,107.21182250976562,138.12045288085938,87.61114501953125,128.37423706054688
"S367",Infinity,Infinity,Infinity,Infinity,Infinity,Infinity,Infinity,Infinity,Infinity,Infinity,Infinity,Infinity,Infinity,Infinity,Infinity,Infinity,Infinity,Infinity,Infinity,Infinity,Infinity,Infinity,Infinity,Infinity,Infinity,Infinity,Infinity,Infinity,Infinity,Infinity,Infinity,Infinity,Infinity,Infinity,Infinity,Infinity,Infinity,Infinity,Infinity,Infinity,Infinity,Infinity,Infinity,Infinity,Infinity,Infinity,Infinity,Infinity,Infinity,Infinity,Infinity,Infinity,Infinity,Infinity,Infinity,Infinity,Infinity,Infinity,Infinity,Infinity,Infinity,Infinity,Infinity,Infinity,Infinity,Infinity,Infinity,Infinity,Infinity,Infinity,Infinity,Infinity,Infinity,Infinity,Infinity,Infinity,Infinity,Infinity,Infinity,Infinity,Infinity,Infinity,Infinity,Infinity,Infinity,Infinity,Infinity,Infinity,Infinity,Infinity,Infinity,Infinity,Infinity,Infinity,Infinity,Infinity,Infinity,Infinity,Infinity,Infinity,Infinity,Infinity,Infinity,Infinity,Infinity,Infinity,Infinity,Infinity,Infinity,Infinity,Infinity,Infinity,Infinity,Infinity,Infinity,Infinity,Infinity,Infinity,Infinity,Infinity,Infinity,Infinity,Infinity,Infinity,Infinity,Infinity,Infinity,Infinity,Infinity,Infinity,Infinity,Infinity,Infinity,Infinity,Infinity,Infinity,Infinity,Infinity,Infinity,Infinity,Infinity
"S368",-137.6768798828125,-49.71588134765625,-14.4345703125,-15.728759765625,-1.1158447265625,-3.73883056640625,3.106414794921875,98.6737060546875,93.96295166015625,101.0068359375,96.55511474609375,119.77145385742188,99.45330810546875,103.68222045898438,104.37908935546875,122.95730590820312,94.82730102539062,130.81002807617188,124.822021484375,118.43295288085938,116.1217041015625,123.017333984375,132.8546142578125,173.30712890625,157.82095336914062,148.93914794921875,195.63223266601562,181.411376953125,178.86874389648438,209.58877563476562,149.41854858398438,169.58584594726562,194.37872314453125,178.253173828125,180.32672119140625,204.47372436523438,151.55343627929688,140.11520385742188,122.28826904296875,124.66134643554688,-111.88677978515625,30.241668701171875,16.56573486328125,-18.21746826171875,-71.37298583984375,-152.10943603515625,-182.9012451171875,-153.70361328125,-333.8118896484375,-446.095458984375,-397.8223876953125,-566.48876953125,-541.4407958984375,-709.712158203125,-824.60302734375,-758.4599609375,-959.60693359375,-924.2352294921875,-903.7811279296875,-1056.611083984375,-945.6551513671875,-1053.1051025390625,-1113.8323974609375,-1222.025390625,-1176.69384765625,-1027.5751953125,-1111.428955078125,-962.135009765625,-1033.2449951171875,-1002.8687744140625,-1075.92431640625,-1003.2623291015625,-1040.0367431640625,-1059.007080078125,-1096.0653076171875,-1098.712646484375,-1178.12548828125,-1362.971923828125,-1195.2950439453125,-1264.59765625,-1234.1109619140625,-1333.8448486328125,-1192.6539306640625,-1294.351806640625,-1205.0428466796875,-1277.75341796875,-1181.790771484375,-975.0758056640625,-1193.245361328125,-1027.30126953125,-1195.072021484375,-1221.7391357421875,-980.530029296875,-958.22021484375,-943.398193359375,-930.2130126953125,-986.113037109375,-962.5369873046875,-947.489501953125,-891.054931640625,-982.1605224609375,-1047.5848388671875,-990.9217529296875,-955.4971923828125,-1027.3104248046875,-911.6104736328125,-873.2696533203125,-935.1783447265625,-859.8013916015625,-978.406494140625,-929.294189453125,-741.04052734375,-687.189697265625,-632.47314453125,-684.1563720703125,-609.3709716796875,-578.800537109375,-552.858642578125,-575.040771484375,-550.4034423828125,-571.2860107421875,-418.94256591796875,-425.233642578125,-426.7308349609375,-478.2694091796875,-450.3590087890625,-369.46783447265625,-326.3876953125,-573.60693359375,-409.51141357421875,-396.6448974609375,-380.47686767578125,-357.62921142578125,-433.31658935546875,-423.740234375,-268.94427490234375,-227.6826171875,-254.1953125,-187.36767578125,-281.62567138671875,-196.2266845703125
"S369",171.22988891601562,-131.22625732421875,34.37725830078125,203.94412231445312,172.45932006835938,259.50367736816406,304.3690490722656,300.0128631591797,310.8890380859375,314.44187927246094,323.12982177734375,304.86106872558594,305.99134826660156,305.2040252685547,298.7408752441406,318.6297149658203,314.0880584716797,322.9518127441406,333.3638000488281,306.94981384277344,337.9243927001953,332.31935119628906,322.84132385253906,327.34375,331.23353576660156,334.62831115722656,344.377197265625,343.7694549560547,342.51226806640625,336.7163848876953,341.7593231201172,337.0226135253906,336.9386901855469,336.3888397216797,321.9252014160156,337.1937255859375,297.44032287597656,294.80210876464844,256.88319396972656,284.1786804199219,303.54872131347656,271.62171936035156,237.56329345703125,159.93899536132812,210.56893920898438,220.180908203125,48.5738525390625,116.38470458984375,40.111297607421875,-5.034942626953125,-27.37286376953125,-198.317626953125,-269.83807373046875,-407.4122314453125,-476.68701171875,-553.7274169921875,-616.5611572265625,-535.117431640625,-613.5323486328125,-474.8389892578125,-527.3245849609375,-597.313720703125,-620.66796875,-764.6324462890625,-897.3555908203125,-792.2662353515625,-722.471435546875,-819.2713623046875,-618.5400390625,-592.2559814453125,-793.374267578125,-560.3643798828125,-578.362548828125,-775.4285888671875,-579.7384033203125,-780.03369140625,-653.9664306640625,-870.873779296875,-848.03662109375,-811.438720703125,-756.4302978515625,-720.6326904296875,-736.601806640625,-934.302490234375,-714.6663818359375,-832.1578369140625,-696.833251953125,-655.56103515625,-778.0758056640625,-699.1055908203125,-772.4619140625,-653.3076171875,-709.3701171875,-614.2169189453125,-607.0687255859375,-631.6248779296875,-716.638671875,-724.6090087890625,-959.638916015625,-600.606201171875,-593.4327392578125,-652.6522216796875,-731.9735107421875,-626.7486572265625,-669.685546875,-601.7982177734375,-591.735595703125,-691.0924072265625,-579.3419189453125,-540.4881591796875,-449.97607421875,-396.92852783203125,-379.4586181640625,-335.03302001953125,-406.60052490234375,-337.674560546875,-336.123291015625,-268.6474609375,-209.9732666015625,-215.4097900390625,-282.9991455078125,-134.330810546875,-264.74993896484375,-210.34759521484375,-341.06298828125,-205.75054931640625,-136.2109375,-6.359405517578125,-18.5501708984375,-58.35052490234375,36.622833251953125,-29.41607666015625,96.18511962890625,80.58419799804688,70.37295532226562,94.92562866210938,103.2833251953125,59.49432373046875,121.5230712890625,64.75650024414062,121.07815551757812
"S370",393.96068572998047,160.10000610351562,276.50291442871094,385.9838638305664,374.6759948730469,434.5105209350586,439.4191589355469,440.3674850463867,441.19409942626953,441.9250717163086,442.5873374938965,443.1649398803711,443.7045249938965,444.1411781311035,444.42355728149414,389.5904769897461,444.85494232177734,444.95522689819336,445.03613662719727,445.04723739624023,445.0500907897949,444.9901008605957,444.9081687927246,444.7819519042969,444.62350845336914,444.3906364440918,444.100399017334,443.78649520874023,443.38089752197266,442.91529846191406,442.33895111083984,441.6866989135742,440.96025466918945,440.14273834228516,439.18394470214844,438.1094398498535,436.9200134277344,435.6187210083008,408.77584075927734,432.6839294433594,431.0199890136719,429.2452087402344,418.0299301147461,421.64170837402344,423.3385925292969,399.47503662109375,306.8230438232422,390.62703704833984,368.48944091796875,382.32550048828125,349.5871276855469,300.13099670410156,290.1108856201172,267.19432067871094,234.86553955078125,268.1156311035156,263.8601531982422,264.7467803955078,223.12246704101562,258.01219177246094,234.22225952148438,198.28799438476562,235.97503662109375,82.21432495117188,26.627471923828125,54.595794677734375,138.2445068359375,91.45184326171875,229.71096801757812,141.87884521484375,107.37551879882812,227.6893310546875,202.1573486328125,224.06924438476562,237.17022705078125,-53.028076171875,216.40304565429688,187.12384033203125,150.65643310546875,141.49407958984375,62.789459228515625,181.26925659179688,263.4464111328125,208.279052734375,216.80499267578125,243.72747802734375,211.9224853515625,157.73440551757812,192.79150390625,131.90142822265625,187.2669677734375,204.76739501953125,189.56982421875,198.955810546875,186.3143310546875,201.85650634765625,152.05584716796875,172.84124755859375,213.8927001953125,201.32778930664062,230.86941528320312,222.922607421875,148.35574340820312,183.46697998046875,165.215576171875,167.304443359375,136.58200073242188,159.9429931640625,199.2012939453125,225.75469970703125,197.68783569335938,201.19894409179688,212.8328857421875,224.87091064453125,216.77896118164062,226.38095092773438,267.77345275878906,265.6782989501953,226.40512084960938,261.9658660888672,257.4602508544922,284.84967041015625,285.3102111816406,227.55923461914062,196.73995971679688,269.0901336669922,339.98834228515625,344.7422790527344,331.40203857421875,373.4396209716797,374.48050689697266,342.8711242675781,379.5707702636719,377.04911041259766,275.6560363769531,304.7397918701172,380.69933319091797,375.97296142578125,372.83483123779297,390.9071502685547,387.8776397705078
"S371",355.5818176269531,357.8530731201172,363.8618927001953,366.5525207519531,369.0421142578125,354.5629425048828,371.08912658691406,367.74249267578125,367.55487060546875,378.75614166259766,380.14161682128906,381.3492736816406,382.42372131347656,383.3534393310547,383.93704986572266,381.29293060302734,384.79524993896484,385.03466033935547,385.16614532470703,385.17174530029297,385.1752166748047,385.04125213623047,384.8758087158203,384.5818328857422,384.25294494628906,383.7517623901367,383.19171142578125,382.5040969848633,381.6665954589844,380.68597412109375,379.48755645751953,378.1279830932617,376.5785140991211,374.8324203491211,372.8412857055664,370.62550354003906,368.13348388671875,365.39894104003906,362.4542541503906,359.27391052246094,355.7782440185547,352.0856628417969,348.1879577636719,344.0735626220703,339.67823791503906,335.0904541015625,330.42250061035156,325.52537536621094,311.99436950683594,293.71240234375,309.1869201660156,290.23858642578125,264.9626159667969,231.10977172851562,225.9610595703125,206.38836669921875,224.9688720703125,200.9071044921875,167.677978515625,209.12225341796875,155.29803466796875,165.83502197265625,177.78152465820312,145.3125,169.96755981445312,173.22622680664062,178.31448364257812,152.25555419921875,167.11135864257812,171.870849609375,159.602783203125,152.55697631835938,142.98049926757812,133.7119140625,124.62774658203125,-81.70672607421875,65.79827880859375,81.44522094726562,89.19537353515625,80.99118041992188,73.126220703125,65.56884765625,58.259796142578125,51.353729248046875,45.192962646484375,39.3563232421875,33.6866455078125,28.568817138671875,23.76885986328125,19.642669677734375,15.742919921875,12.538970947265625,9.950653076171875,7.867279052734375,6.44952392578125,5.73052978515625,5.80230712890625,6.382537841796875,8.04205322265625,10.4908447265625,13.51641845703125,17.1046142578125,21.5322265625,26.55914306640625,32.412139892578125,38.567657470703125,44.983428955078125,51.850341796875,58.94384765625,66.61953735351562,74.7744140625,83.05642700195312,91.57150268554688,100.38241577148438,109.126220703125,118.42282104492188,127.781005859375,137.25146484375,122.63702392578125,155.43667602539062,166.7518310546875,165.373291015625,187.19717407226562,197.25009155273438,158.57766723632812,187.14935302734375,154.105712890625,226.38943481445312,227.7752685546875,207.83596801757812,148.58755493164062,165.0970458984375,215.28585815429688,229.99661254882812,233.78741455078125,243.35049438476562,267.25096130371094,273.5668640136719,268.4593963623047,229.32717895507812,307.5037841796875
"S372",-Infinity,-Infinity,-Infinity,-Infinity,-Infinity,-Infinity,-Infinity,-Infinity,-Infinity,-Infinity,-Infinity,-Infinity,-Infinity,-Infinity,-Infinity,-Infinity,-Infinity,-Infinity,-Infinity,-Infinity,-Infinity,-Infinity,-Infinity,-Infinity,-Infinity,-Infinity,-Infinity,-Infinity,-Infinity,-Infinity,-Infinity,-Infinity,-Infinity,-Infinity,-Infinity,-Infinity,-Infinity,-Infinity,-Infinity,-Infinity,-Infinity,-Infinity,-Infinity,-Infinity,-Infinity,-Infinity,-Infinity,-Infinity,-Infinity,-Infinity,-Infinity,-Infinity,-Infinity,-Infinity,-Infinity,-Infinity,-Infinity,-Infinity,-Infinity,-Infinity,-Infinity,-Infinity,-Infinity,-Infinity,-Infinity,-Infinity,-Infinity,-Infinity,-Infinity,-Infinity,-Infinity,-Infinity,-Infinity,-Infinity,-Infinity,-Infinity,-Infinity,-Infinity,-Infinity,-Infinity,-Infinity,-Infinity,-Infinity,-Infinity,-Infinity,-Infinity,-Infinity,-Infinity,-Infinity,-Infinity,-Infinity,-Infinity,-Infinity,-Infinity,-Infinity,-Infinity,-Infinity,-Infinity,-Infinity,-Infinity,-Infinity,-Infinity,-Infinity,-Infinity,-Infinity,-Infinity,-Infinity,-Infinity,-Infinity,-Infinity,-Infinity,-Infinity,-Infinity,-Infinity,-Infinity,-Infinity,-Infinity,-Infinity,-Infinity,-Infinity,-Infinity,-Infinity,-Infinity,-Infinity,-Infinity,-Infinity,-Infinity,-Infinity,-Infinity,-Infinity,-Infinity,-Infinity,-Infinity,-Infinity,-Infinity,-Infinity,-Infinity,-Infinity,-Infinity,-Infinity,-Infinity
"S373",-Infinity,-Infinity,-Infinity,-Infinity,-Infinity,-Infinity,-Infinity,-Infinity,-Infinity,-Infinity,-Infinity,-Infinity,-Infinity,-Infinity,-Infinity,-Infinity,-Infinity,-Infinity,-Infinity,-Infinity,-Infinity,-Infinity,-Infinity,-Infinity,-Infinity,-Infinity,-Infinity,-Infinity,-Infinity,-Infinity,-Infinity,-Infinity,-Infinity,-Infinity,-Infinity,-Infinity,-Infinity,-Infinity,-Infinity,-Infinity,-Infinity,-Infinity,-Infinity,-Infinity,-Infinity,-Infinity,-Infinity,-Infinity,-Infinity,-Infinity,-Infinity,-Infinity,-Infinity,-Infinity,-Infinity,-Infinity,-Infinity,-Infinity,-Infinity,-Infinity,-Infinity,-Infinity,-Infinity,-Infinity,-Infinity,-Infinity,-Infinity,-Infinity,-Infinity,-Infinity,-Infinity,-Infinity,-Infinity,-Infinity,-Infinity,-Infinity,-Infinity,-Infinity,-Infinity,-Infinity,-Infinity,-Infinity,-Infinity,-Infinity,-Infinity,-Infinity,-Infinity,-Infinity,-Infinity,-Infinity,-Infinity,-Infinity,-Infinity,-Infinity,-Infinity,-Infinity,-Infinity,-Infinity,-Infinity,-Infinity,-Infinity,-Infinity,-Infinity,-Infinity,-Infinity,-Infinity,-Infinity,-Infinity,-Infinity,-Infinity,-Infinity,-Infinity,-Infinity,-Infinity,-Infinity,-Infinity,-Infinity,-Infinity,-Infinity,-Infinity,-Infinity,-Infinity,-Infinity,-Infinity,-Infinity,-Infinity,-Infinity,-Infinity,-Infinity,-Infinity,-Infinity,-Infinity,-Infinity,-Infinity,-Infinity,-Infinity,-Infinity,-Infinity,-Infinity,-Infinity,-Infinity
"S374",-Infinity,-Infinity,-Infinity,-Infinity,-Infinity,-Infinity,-Infinity,-Infinity,-Infinity,-Infinity,-Infinity,-Infinity,-Infinity,-Infinity,-Infinity,-Infinity,-Infinity,-Infinity,-Infinity,-Infinity,-Infinity,-Infinity,-Infinity,-Infinity,-Infinity,-Infinity,-Infinity,-Infinity,-Infinity,-Infinity,-Infinity,-Infinity,-Infinity,-Infinity,-Infinity,-Infinity,-Infinity,-Infinity,-Infinity,-Infinity,-Infinity,-Infinity,-Infinity,-Infinity,-Infinity,-Infinity,-Infinity,-Infinity,-Infinity,-Infinity,-Infinity,-Infinity,-Infinity,-Infinity,-Infinity,-Infinity,-Infinity,-Infinity,-Infinity,-Infinity,-Infinity,-Infinity,-Infinity,-Infinity,-Infinity,-Infinity,-Infinity,-Infinity,-Infinity,-Infinity,-Infinity,-Infinity,-Infinity,-Infinity,-Infinity,-Infinity,-Infinity,-Infinity,-Infinity,-Infinity,-Infinity,-Infinity,-Infinity,-Infinity,-Infinity,-Infinity,-Infinity,-Infinity,-Infinity,-Infinity,-Infinity,-Infinity,-Infinity,-Infinity,-Infinity,-Infinity,-Infinity,-Infinity,-Infinity,-Infinity,-Infinity,-Infinity,-Infinity,-Infinity,-Infinity,-Infinity,-Infinity,-Infinity,-Infinity,-Infinity,-Infinity,-Infinity,-Infinity,-Infinity,-Infinity,-Infinity,-Infinity,-Infinity,-Infinity,-Infinity,-Infinity,-Infinity,-Infinity,-Infinity,-Infinity,-Infinity,-Infinity,-Infinity,-Infinity,-Infinity,-Infinity,-Infinity,-Infinity,-Infinity,-Infinity,-Infinity,-Infinity,-Infinity,-Infinity,-Infinity,-Infinity
"S375",-Infinity,-Infinity,-Infinity,-Infinity,-Infinity,-Infinity,-Infinity,-Infinity,-Infinity,-Infinity,-Infinity,-Infinity,-Infinity,-Infinity,-Infinity,-Infinity,-Infinity,-Infinity,-Infinity,-Infinity,-Infinity,-Infinity,-Infinity,-Infinity,-Infinity,-Infinity,-Infinity,-Infinity,-Infinity,-Infinity,-Infinity,-Infinity,-Infinity,-Infinity,-Infinity,-Infinity,-Infinity,-Infinity,-Infinity,-Infinity,-Infinity,-Infinity,-Infinity,-Infinity,-Infinity,-Infinity,-Infinity,-Infinity,-Infinity,-Infinity,-Infinity,-Infinity,-Infinity,-Infinity,-Infinity,-Infinity,-Infinity,-Infinity,-Infinity,-Infinity,-Infinity,-Infinity,-Infinity,-Infinity,-Infinity,-Infinity,-Infinity,-Infinity,-Infinity,-Infinity,-Infinity,-Infinity,-Infinity,-Infinity,-Infinity,-Infinity,-Infinity,-Infinity,-Infinity,-Infinity,-Infinity,-Infinity,-Infinity,-Infinity,-Infinity,-Infinity,-Infinity,-Infinity,-Infinity,-Infinity,-Infinity,-Infinity,-Infinity,-Infinity,-Infinity,-Infinity,-Infinity,-Infinity,-Infinity,-Infinity,-Infinity,-Infinity,-Infinity,-Infinity,-Infinity,-Infinity,-Infinity,-Infinity,-Infinity,-Infinity,-Infinity,-Infinity,-Infinity,-Infinity,-Infinity,-Infinity,-Infinity,-Infinity,-Infinity,-Infinity,-Infinity,-Infinity,-Infinity,-Infinity,-Infinity,-Infinity,-Infinity,-Infinity,-Infinity,-Infinity,-Infinity,-Infinity,-Infinity,-Infinity,-Infinity,-Infinity,-Infinity,-Infinity,-Infinity,-Infinity,-Infinity
"S376",-Infinity,-Infinity,-Infinity,-Infinity,-Infinity,-Infinity,-Infinity,-Infinity,-Infinity,-Infinity,-Infinity,-Infinity,-Infinity,-Infinity,-Infinity,-Infinity,-Infinity,-Infinity,-Infinity,-Infinity,-Infinity,-Infinity,-Infinity,-Infinity,-Infinity,-Infinity,-Infinity,-Infinity,-Infinity,-Infinity,-Infinity,-Infinity,-Infinity,-Infinity,-Infinity,-Infinity,-Infinity,-Infinity,-Infinity,-Infinity,-Infinity,-Infinity,-Infinity,-Infinity,-Infinity,-Infinity,-Infinity,-Infinity,-Infinity,-Infinity,-Infinity,-Infinity,-Infinity,-Infinity,-Infinity,-Infinity,-Infinity,-Infinity,-Infinity,-Infinity,-Infinity,-Infinity,-Infinity,-Infinity,-Infinity,-Infinity,-Infinity,-Infinity,-Infinity,-Infinity,-Infinity,-Infinity,-Infinity,-Infinity,-Infinity,-Infinity,-Infinity,-Infinity,-Infinity,-Infinity,-Infinity,-Infinity,-Infinity,-Infinity,-Infinity,-Infinity,-Infinity,-Infinity,-Infinity,-Infinity,-Infinity,-Infinity,-Infinity,-Infinity,-Infinity,-Infinity,-Infinity,-Infinity,-Infinity,-Infinity,-Infinity,-Infinity,-Infinity,-Infinity,-Infinity,-Infinity,-Infinity,-Infinity,-Infinity,-Infinity,-Infinity,-Infinity,-Infinity,-Infinity,-Infinity,-Infinity,-Infinity,-Infinity,-Infinity,-Infinity,-Infinity,-Infinity,-Infinity,-Infinity,-Infinity,-Infinity,-Infinity,-Infinity,-Infinity,-Infinity,-Infinity,-Infinity,-Infinity,-Infinity,-Infinity,-Infinity,-Infinity,-Infinity,-Infinity,-Infinity,-Infinity
"S377",-Infinity,-Infinity,-Infinity,-Infinity,-Infinity,-Infinity,-Infinity,-Infinity,-Infinity,-Infinity,-Infinity,-Infinity,-Infinity,-Infinity,-Infinity,-Infinity,-Infinity,-Infinity,-Infinity,-Infinity,-Infinity,-Infinity,-Infinity,-Infinity,-Infinity,-Infinity,-Infinity,-Infinity,-Infinity,-Infinity,-Infinity,-Infinity,-Infinity,-Infinity,-Infinity,-Infinity,-Infinity,-Infinity,-Infinity,-Infinity,-Infinity,-Infinity,-Infinity,-Infinity,-Infinity,-Infinity,-Infinity,-Infinity,-Infinity,-Infinity,-Infinity,-Infinity,-Infinity,-Infinity,-Infinity,-Infinity,-Infinity,-Infinity,-Infinity,-Infinity,-Infinity,-Infinity,-Infinity,-Infinity,-Infinity,-Infinity,-Infinity,-Infinity,-Infinity,-Infinity,-Infinity,-Infinity,-Infinity,-Infinity,-Infinity,-Infinity,-Infinity,-Infinity,-Infinity,-Infinity,-Infinity,-Infinity,-Infinity,-Infinity,-Infinity,-Infinity,-Infinity,-Infinity,-Infinity,-Infinity,-Infinity,-Infinity,-Infinity,-Infinity,-Infinity,-Infinity,-Infinity,-Infinity,-Infinity,-Infinity,-Infinity,-Infinity,-Infinity,-Infinity,-Infinity,-Infinity,-Infinity,-Infinity,-Infinity,-Infinity,-Infinity,-Infinity,-Infinity,-Infinity,-Infinity,-Infinity,-Infinity,-Infinity,-Infinity,-Infinity,-Infinity,-Infinity,-Infinity,-Infinity,-Infinity,-Infinity,-Infinity,-Infinity,-Infinity,-Infinity,-Infinity,-Infinity,-Infinity,-Infinity,-Infinity,-Infinity,-Infinity,-Infinity,-Infinity,-Infinity,-Infinity
"S378",-Infinity,-Infinity,-Infinity,-Infinity,-Infinity,-Infinity,-Infinity,-Infinity,-Infinity,-Infinity,-Infinity,-Infinity,-Infinity,-Infinity,-Infinity,-Infinity,-Infinity,-Infinity,-Infinity,-Infinity,-Infinity,-Infinity,-Infinity,-Infinity,-Infinity,-Infinity,-Infinity,-Infinity,-Infinity,-Infinity,-Infinity,-Infinity,-Infinity,-Infinity,-Infinity,-Infinity,-Infinity,-Infinity,-Infinity,-Infinity,-Infinity,-Infinity,-Infinity,-Infinity,-Infinity,-Infinity,-Infinity,-Infinity,-Infinity,-Infinity,-Infinity,-Infinity,-Infinity,-Infinity,-Infinity,-Infinity,-Infinity,-Infinity,-Infinity,-Infinity,-Infinity,-Infinity,-Infinity,-Infinity,-Infinity,-Infinity,-Infinity,-Infinity,-Infinity,-Infinity,-Infinity,-Infinity,-Infinity,-Infinity,-Infinity,-Infinity,-Infinity,-Infinity,-Infinity,-Infinity,-Infinity,-Infinity,-Infinity,-Infinity,-Infinity,-Infinity,-Infinity,-Infinity,-Infinity,-Infinity,-Infinity,-Infinity,-Infinity,-Infinity,-Infinity,-Infinity,-Infinity,-Infinity,-Infinity,-Infinity,-Infinity,-Infinity,-Infinity,-Infinity,-Infinity,-Infinity,-Infinity,-Infinity,-Infinity,-Infinity,-Infinity,-Infinity,-Infinity,-Infinity,-Infinity,-Infinity,-Infinity,-Infinity,-Infinity,-Infinity,-Infinity,-Infinity,-Infinity,-Infinity,-Infinity,-Infinity,-Infinity,-Infinity,-Infinity,-Infinity,-Infinity,-Infinity,-Infinity,-Infinity,-Infinity,-Infinity,-Infinity,-Infinity,-Infinity,-Infinity,-Infinity
"S379",-Infinity,-Infinity,-Infinity,-Infinity,-Infinity,-Infinity,-Infinity,-Infinity,-Infinity,-Infinity,-Infinity,-Infinity,-Infinity,-Infinity,-Infinity,-Infinity,-Infinity,-Infinity,-Infinity,-Infinity,-Infinity,-Infinity,-Infinity,-Infinity,-Infinity,-Infinity,-Infinity,-Infinity,-Infinity,-Infinity,-Infinity,-Infinity,-Infinity,-Infinity,-Infinity,-Infinity,-Infinity,-Infinity,-Infinity,-Infinity,-Infinity,-Infinity,-Infinity,-Infinity,-Infinity,-Infinity,-Infinity,-Infinity,-Infinity,-Infinity,-Infinity,-Infinity,-Infinity,-Infinity,-Infinity,-Infinity,-Infinity,-Infinity,-Infinity,-Infinity,-Infinity,-Infinity,-Infinity,-Infinity,-Infinity,-Infinity,-Infinity,-Infinity,-Infinity,-Infinity,-Infinity,-Infinity,-Infinity,-Infinity,-Infinity,-Infinity,-Infinity,-Infinity,-Infinity,-Infinity,-Infinity,-Infinity,-Infinity,-Infinity,-Infinity,-Infinity,-Infinity,-Infinity,-Infinity,-Infinity,-Infinity,-Infinity,-Infinity,-Infinity,-Infinity,-Infinity,-Infinity,-Infinity,-Infinity,-Infinity,-Infinity,-Infinity,-Infinity,-Infinity,-Infinity,-Infinity,-Infinity,-Infinity,-Infinity,-Infinity,-Infinity,-Infinity,-Infinity,-Infinity,-Infinity,-Infinity,-Infinity,-Infinity,-Infinity,-Infinity,-Infinity,-Infinity,-Infinity,-Infinity,-Infinity,-Infinity,-Infinity,-Infinity,-Infinity,-Infinity,-Infinity,-Infinity,-Infinity,-Infinity,-Infinity,-Infinity,-Infinity,-Infinity,-Infinity,-Infinity,-Infinity
"S380",-Infinity,-Infinity,-Infinity,-Infinity,-Infinity,-Infinity,-Infinity,-Infinity,-Infinity,-Infinity,-Infinity,-Infinity,-Infinity,-Infinity,-Infinity,-Infinity,-Infinity,-Infinity,-Infinity,-Infinity,-Infinity,-Infinity,-Infinity,-Infinity,-Infinity,-Infinity,-Infinity,-Infinity,-Infinity,-Infinity,-Infinity,-Infinity,-Infinity,-Infinity,-Infinity,-Infinity,-Infinity,-Infinity,-Infinity,-Infinity,-Infinity,-Infinity,-Infinity,-Infinity,-Infinity,-Infinity,-Infinity,-Infinity,-Infinity,-Infinity,-Infinity,-Infinity,-Infinity,-Infinity,-Infinity,-Infinity,-Infinity,-Infinity,-Infinity,-Infinity,-Infinity,-Infinity,-Infinity,-Infinity,-Infinity,-Infinity,-Infinity,-Infinity,-Infinity,-Infinity,-Infinity,-Infinity,-Infinity,-Infinity,-Infinity,-Infinity,-Infinity,-Infinity,-Infinity,-Infinity,-Infinity,-Infinity,-Infinity,-Infinity,-Infinity,-Infinity,-Infinity,-Infinity,-Infinity,-Infinity,-Infinity,-Infinity,-Infinity,-Infinity,-Infinity,-Infinity,-Infinity,-Infinity,-Infinity,-Infinity,-Infinity,-Infinity,-Infinity,-Infinity,-Infinity,-Infinity,-Infinity,-Infinity,-Infinity,-Infinity,-Infinity,-Infinity,-Infinity,-Infinity,-Infinity,-Infinity,-Infinity,-Infinity,-Infinity,-Infinity,-Infinity,-Infinity,-Infinity,-Infinity,-Infinity,-Infinity,-Infinity,-Infinity,-Infinity,-Infinity,-Infinity,-Infinity,-Infinity,-Infinity,-Infinity,-Infinity,-Infinity,-Infinity,-Infinity,-Infinity,-Infinity
"S381",-Infinity,-Infinity,-Infinity,-Infinity,-Infinity,-Infinity,-Infinity,-Infinity,-Infinity,-Infinity,-Infinity,-Infinity,-Infinity,-Infinity,-Infinity,-Infinity,-Infinity,-Infinity,-Infinity,-Infinity,-Infinity,-Infinity,-Infinity,-Infinity,-Infinity,-Infinity,-Infinity,-Infinity,-Infinity,-Infinity,-Infinity,-Infinity,-Infinity,-Infinity,-Infinity,-Infinity,-Infinity,-Infinity,-Infinity,-Infinity,-Infinity,-Infinity,-Infinity,-Infinity,-Infinity,-Infinity,-Infinity,-Infinity,-Infinity,-Infinity,-Infinity,-Infinity,-Infinity,-Infinity,-Infinity,-Infinity,-Infinity,-Infinity,-Infinity,-Infinity,-Infinity,-Infinity,-Infinity,-Infinity,-Infinity,-Infinity,-Infinity,-Infinity,-Infinity,-Infinity,-Infinity,-Infinity,-Infinity,-Infinity,-Infinity,-Infinity,-Infinity,-Infinity,-Infinity,-Infinity,-Infinity,-Infinity,-Infinity,-Infinity,-Infinity,-Infinity,-Infinity,-Infinity,-Infinity,-Infinity,-Infinity,-Infinity,-Infinity,-Infinity,-Infinity,-Infinity,-Infinity,-Infinity,-Infinity,-Infinity,-Infinity,-Infinity,-Infinity,-Infinity,-Infinity,-Infinity,-Infinity,-Infinity,-Infinity,-Infinity,-Infinity,-Infinity,-Infinity,-Infinity,-Infinity,-Infinity,-Infinity,-Infinity,-Infinity,-Infinity,-Infinity,-Infinity,-Infinity,-Infinity,-Infinity,-Infinity,-Infinity,-Infinity,-Infinity,-Infinity,-Infinity,-Infinity,-Infinity,-Infinity,-Infinity,-Infinity,-Infinity,-Infinity,-Infinity,-Infinity,-Infinity
"S382",-Infinity,-Infinity,-Infinity,-Infinity,-Infinity,-Infinity,-Infinity,-Infinity,-Infinity,-Infinity,-Infinity,-Infinity,-Infinity,-Infinity,-Infinity,-Infinity,-Infinity,-Infinity,-Infinity,-Infinity,-Infinity,-Infinity,-Infinity,-Infinity,-Infinity,-Infinity,-Infinity,-Infinity,-Infinity,-Infinity,-Infinity,-Infinity,-Infinity,-Infinity,-Infinity,-Infinity,-Infinity,-Infinity,-Infinity,-Infinity,-Infinity,-Infinity,-Infinity,-Infinity,-Infinity,-Infinity,-Infinity,-Infinity,-Infinity,-Infinity,-Infinity,-Infinity,-Infinity,-Infinity,-Infinity,-Infinity,-Infinity,-Infinity,-Infinity,-Infinity,-Infinity,-Infinity,-Infinity,-Infinity,-Infinity,-Infinity,-Infinity,-Infinity,-Infinity,-Infinity,-Infinity,-Infinity,-Infinity,-Infinity,-Infinity,-Infinity,-Infinity,-Infinity,-Infinity,-Infinity,-Infinity,-Infinity,-Infinity,-Infinity,-Infinity,-Infinity,-Infinity,-Infinity,-Infinity,-Infinity,-Infinity,-Infinity,-Infinity,-Infinity,-Infinity,-Infinity,-Infinity,-Infinity,-Infinity,-Infinity,-Infinity,-Infinity,-Infinity,-Infinity,-Infinity,-Infinity,-Infinity,-Infinity,-Infinity,-Infinity,-Infinity,-Infinity,-Infinity,-Infinity,-Infinity,-Infinity,-Infinity,-Infinity,-Infinity,-Infinity,-Infinity,-Infinity,-Infinity,-Infinity,-Infinity,-Infinity,-Infinity,-Infinity,-Infinity,-Infinity,-Infinity,-Infinity,-Infinity,-Infinity,-Infinity,-Infinity,-Infinity,-Infinity,-Infinity,-Infinity,-Infinity
"S383",-Infinity,-Infinity,-Infinity,-Infinity,-Infinity,-Infinity,-Infinity,-Infinity,-Infinity,-Infinity,-Infinity,-Infinity,-Infinity,-Infinity,-Infinity,-Infinity,-Infinity,-Infinity,-Infinity,-Infinity,-Infinity,-Infinity,-Infinity,-Infinity,-Infinity,-Infinity,-Infinity,-Infinity,-Infinity,-Infinity,-Infinity,-Infinity,-Infinity,-Infinity,-Infinity,-Infinity,-Infinity,-Infinity,-Infinity,-Infinity,-Infinity,-Infinity,-Infinity,-Infinity,-Infinity,-Infinity,-Infinity,-Infinity,-Infinity,-Infinity,-Infinity,-Infinity,-Infinity,-Infinity,-Infinity,-Infinity,-Infinity,-Infinity,-Infinity,-Infinity,-Infinity,-Infinity,-Infinity,-Infinity,-Infinity,-Infinity,-Infinity,-Infinity,-Infinity,-Infinity,-Infinity,-Infinity,-Infinity,-Infinity,-Infinity,-Infinity,-Infinity,-Infinity,-Infinity,-Infinity,-Infinity,-Infinity,-Infinity,-Infinity,-Infinity,-Infinity,-Infinity,-Infinity,-Infinity,-Infinity,-Infinity,-Infinity,-Infinity,-Infinity,-Infinity,-Infinity,-Infinity,-Infinity,-Infinity,-Infinity,-Infinity,-Infinity,-Infinity,-Infinity,-Infinity,-Infinity,-Infinity,-Infinity,-Infinity,-Infinity,-Infinity,-Infinity,-Infinity,-Infinity,-Infinity,-Infinity,-Infinity,-Infinity,-Infinity,-Infinity,-Infinity,-Infinity,-Infinity,-Infinity,-Infinity,-Infinity,-Infinity,-Infinity,-Infinity,-Infinity,-Infinity,-Infinity,-Infinity,-Infinity,-Infinity,-Infinity,-Infinity,-Infinity,-Infinity,-Infinity,-Infinity
"S384",-288.43994140625,-176.7484130859375,-161.88653564453125,-53.69830322265625,47.71893310546875,-165.7379150390625,-210.56317138671875,-287.08050537109375,-218.031494140625,-50.2564697265625,100.792724609375,73.713623046875,87.26910400390625,29.77825927734375,-20.7501220703125,-7.560150146484375,-94.2169189453125,94.42764282226562,103.37612915039062,169.4161376953125,184.58206176757812,169.5885009765625,192.39065551757812,192.70672607421875,186.91543579101562,215.75384521484375,199.51046752929688,218.51785278320312,232.83792114257812,205.62738037109375,201.4210205078125,202.81597900390625,215.58377075195312,184.71759033203125,224.1600341796875,205.91949462890625,185.12945556640625,199.90350341796875,200.52294921875,158.14224243164062,183.20501708984375,130.09988403320312,130.24197387695312,127.01663208007812,48.1361083984375,34.6788330078125,-21.3980712890625,-42.36993408203125,-104.47186279296875,-104.2265625,-174.67010498046875,-249.763671875,-204.96429443359375,-244.7330322265625,-328.331298828125,-410.85052490234375,-324.2493896484375,-494.11444091796875,-533.3154296875,-494.76171875,-454.96112060546875,-416.24737548828125,-509.59320068359375,-599.4180908203125,-778.590087890625,-569.1318359375,-568.43798828125,-630.5189208984375,-560.8739013671875,-647.253173828125,-588.37353515625,-654.0146484375,-557.829345703125,-540.954345703125,-573.662109375,-516.966796875,-576.3033447265625,-539.39501953125,-568.899169921875,-594.9561767578125,-643.814208984375,-544.245849609375,-675.7120361328125,-776.3177490234375,-669.2642822265625,-622.954345703125,-776.2911376953125,-652.592041015625,-740.201416015625,-823.7501220703125,-755.32763671875,-701.8896484375,-676.7437744140625,-754.9798583984375,-789.8370361328125,-857.2509765625,-835.0560302734375,-765.009521484375,-927.0731201171875,-772.6796875,-744.4957275390625,-695.451416015625,-825.9521484375,-812.4158935546875,-765.9283447265625,-855.6954345703125,-783.83154296875,-706.2799072265625,-811.2523193359375,-817.05615234375,-637.6500244140625,-691.05517578125,-716.50830078125,-742.0206298828125,-703.397705078125,-643.4337158203125,-617.6591796875,-570.3970947265625,-479.0205078125,-462.311279296875,-365.18414306640625,-326.0526123046875,-330.40814208984375,-342.35406494140625,-271.12310791015625,-277.4473876953125,-427.10137939453125,-478.91473388671875,-368.27764892578125,-340.95916748046875,-232.65509033203125,-240.46282958984375,-317.779052734375,-222.55291748046875,-282.28826904296875,-340.42547607421875,-269.8148193359375,-173.10595703125,-181.670166015625,-159.38018798828125,-227.7313232421875
"S385",-482.434814453125,-400.670166015625,-462.51751708984375,-258.55126953125,-177.5709228515625,-339.41546630859375,-320.38189697265625,-173.619384765625,-138.86279296875,-92.05419921875,-150.25982666015625,-113.783935546875,-186.14483642578125,-13.0601806640625,-61.54498291015625,-108.8677978515625,-32.80224609375,-12.941162109375,4.305206298828125,26.358642578125,37.6937255859375,31.9794921875,42.2364501953125,48.811309814453125,73.82379150390625,83.39883422851562,56.3568115234375,101.72476196289062,89.29473876953125,68.02151489257812,81.56777954101562,80.7222900390625,68.54165649414062,43.898468017578125,92.66854858398438,29.532135009765625,-8.86627197265625,80.63327026367188,43.225189208984375,-28.756103515625,19.558929443359375,-22.146240234375,-28.517333984375,-97.67938232421875,-237.3468017578125,-276.48046875,-369.171142578125,-420.74639892578125,-481.7493896484375,-479.9676513671875,-622.9794921875,-726.8040771484375,-747.737060546875,-696.227294921875,-729.3046875,-880.3646240234375,-814.6724853515625,-805.664794921875,-846.115234375,-956.2657470703125,-1038.65087890625,-931.7061767578125,-1055.0123291015625,-1020.603759765625,-1211.486083984375,-1023.4993896484375,-1034.9222412109375,-1084.6114501953125,-1239.142822265625,-1132.08251953125,-1093.2557373046875,-1035.322998046875,-1011.934814453125,-969.2362060546875,-1139.394775390625,-992.4207763671875,-1341.64599609375,-1051.1640625,-1097.0963134765625,-1056.403076171875,-1200.7230224609375,-1087.4600830078125,-1169.1790771484375,-1122.149658203125,-1191.0728759765625,-1091.3223876953125,-1241.576171875,-1100.8382568359375,-1069.20703125,-1278.2100830078125,-1304.3470458984375,-1273.515869140625,-1026.23779296875,-1004.75341796875,-1097.422119140625,-1073.8924560546875,-1147.8787841796875,-1208.7818603515625,-1109.3763427734375,-1142.2166748046875,-1111.966552734375,-1103.894775390625,-1265.8504638671875,-1161.2291259765625,-1212.9947509765625,-1324.9713134765625,-1241.894287109375,-1205.24755859375,-1383.98388671875,-1195.6806640625,-1101.1470947265625,-1244.2340087890625,-1264.0836181640625,-1139.5189208984375,-1331.8489990234375,-1127.337158203125,-1229.8599853515625,-1318.66748046875,-1150.748291015625,-1077.8798828125,-984.5528564453125,-907.84619140625,-898.106201171875,-904.54248046875,-871.325439453125,-972.322021484375,-888.6820068359375,-959.9351806640625,-866.8614501953125,-1013.8194580078125,-721.935302734375,-828.1510009765625,-926.678466796875,-756.8963623046875,-807.7320556640625,-875.0543212890625,-799.7628173828125,-897.988525390625,-949.236083984375,-837.5086669921875,-686.5875244140625
"S386",61.52996826171875,101.669677734375,114.88177490234375,123.47613525390625,164.01498413085938,182.11715698242188,138.25164794921875,207.90423583984375,177.55038452148438,189.19732666015625,188.26229858398438,210.37228393554688,187.9827880859375,233.79556274414062,219.77435302734375,238.44049072265625,258.35523986816406,247.77252197265625,247.59548950195312,261.4366912841797,270.5162353515625,270.9698944091797,284.4452667236328,274.72027587890625,276.9729461669922,282.6920166015625,290.9696960449219,282.9878845214844,296.65357971191406,294.76123046875,285.36175537109375,297.1518859863281,297.852294921875,266.20233154296875,304.98309326171875,271.3979034423828,247.3785858154297,296.866455078125,287.7493438720703,242.47262573242188,262.1820526123047,247.85894775390625,190.58380126953125,224.51974487304688,157.032470703125,133.635986328125,29.008270263671875,74.00503540039062,8.94195556640625,-110.85052490234375,-135.06512451171875,-105.02288818359375,-299.44219970703125,-207.6048583984375,-235.68768310546875,-386.01043701171875,-244.79412841796875,-190.47637939453125,-192.2781982421875,-249.8641357421875,-343.30682373046875,-266.63824462890625,-315.52056884765625,-313.3189697265625,-333.23248291015625,-312.90936279296875,-387.19512939453125,-354.12420654296875,-427.15643310546875,-362.0872802734375,-379.677734375,-358.2974853515625,-443.61669921875,-366.775146484375,-461.57470703125,-445.1597900390625,-583.072998046875,-428.27838134765625,-612.5306396484375,-575.0201416015625,-478.71942138671875,-571.1854248046875,-450.34588623046875,-371.0760498046875,-453.84063720703125,-390.978515625,-369.46258544921875,-540.3818359375,-337.7791748046875,-424.623291015625,-380.98248291015625,-451.26971435546875,-379.7391357421875,-363.3251953125,-366.33868408203125,-375.9449462890625,-411.738525390625,-470.86077880859375,-307.62615966796875,-408.61968994140625,-361.4207763671875,-358.23651123046875,-399.12457275390625,-359.20526123046875,-390.20672607421875,-435.576416015625,-469.9700927734375,-534.40234375,-664.77587890625,-385.85467529296875,-389.3070068359375,-576.494384765625,-422.0185546875,-284.93377685546875,-429.140380859375,-360.13555908203125,-362.13134765625,-363.00457763671875,-351.89410400390625,-361.57843017578125,-285.38330078125,-316.91162109375,-236.9078369140625,-214.03472900390625,-235.2674560546875,-280.24090576171875,-153.32958984375,-188.7689208984375,-148.35888671875,-239.73638916015625,-122.9464111328125,-218.8829345703125,-203.4725341796875,-106.701171875,-129.56268310546875,-167.17620849609375,-74.76690673828125,-115.77362060546875,-228.518310546875,-123.94110107421875,-88.566650390625
"S387",95.80062866210938,89.35794067382812,172.14871215820312,119.01742553710938,122.42721557617188,180.85891723632812,86.22872924804688,154.973388671875,132.028076171875,180.67807006835938,195.32974243164062,227.75833129882812,234.1376953125,222.10653686523438,252.12156677246094,250.34486389160156,259.2514953613281,209.76571655273438,266.11830139160156,248.92503356933594,273.0989227294922,284.3569030761719,266.2342071533203,237.6512451171875,301.7961730957031,316.5296936035156,298.82664489746094,304.2574157714844,319.4765930175781,330.47474670410156,324.3744201660156,330.5376739501953,344.0961456298828,339.34657287597656,341.0608673095703,342.70960998535156,335.42811584472656,336.5818328857422,327.79689025878906,318.4456024169922,307.6229705810547,307.5271301269531,286.4720764160156,264.28192138671875,261.4154357910156,236.63558959960938,206.87457275390625,183.8153076171875,101.8443603515625,109.8597412109375,94.70510864257812,41.2054443359375,95.44970703125,-10.55450439453125,-41.7164306640625,33.50146484375,42.046905517578125,-13.54254150390625,52.565216064453125,35.51617431640625,75.51904296875,17.132293701171875,16.136566162109375,-68.09906005859375,-48.9986572265625,-3.80718994140625,-126.33502197265625,-21.66015625,2.052886962890625,4.80914306640625,8.706756591796875,-40.53363037109375,-51.03131103515625,-93.15924072265625,-14.7869873046875,-75.82073974609375,-48.96246337890625,-127.6629638671875,-103.181640625,-153.58538818359375,-197.90234375,-133.978271484375,-240.9339599609375,-185.4788818359375,-310.58642578125,-251.438232421875,-181.679443359375,-162.42816162109375,-127.5401611328125,-94.08843994140625,-101.552978515625,-110.832275390625,-86.45751953125,-86.1357421875,-83.791259765625,-68.07366943359375,-77.9320068359375,-114.51507568359375,-137.4166259765625,-97.08245849609375,-185.58245849609375,-110.10723876953125,-92.87176513671875,-142.99725341796875,-80.27325439453125,-41.63238525390625,-126.9927978515625,-108.455810546875,-117.02398681640625,-112.51043701171875,-59.41455078125,-29.5272216796875,-120.688720703125,-12.1453857421875,-60.26611328125,16.974853515625,41.832305908203125,-33.6824951171875,30.86480712890625,17.22906494140625,-30.0697021484375,17.410308837890625,-62.3790283203125,-70.56719970703125,8.06878662109375,1.060882568359375,24.08575439453125,17.86309814453125,-6.895477294921875,-102.40338134765625,-74.2623291015625,43.8565673828125,45.855926513671875,18.267730712890625,21.72271728515625,68.40585327148438,115.18353271484375,44.68218994140625,68.96865844726562,104.62261962890625,119.80258178710938
"S388",88.32916259765625,111.43252563476562,149.78900146484375,130.08731079101562,126.281005859375,199.3070068359375,138.8382568359375,176.8704833984375,190.98226928710938,208.11715698242188,231.56484985351562,239.27178955078125,250.4797821044922,236.05072021484375,238.14492797851562,274.6077117919922,281.4932861328125,260.9302673339844,282.6580810546875,260.9290771484375,291.4751434326172,298.5774230957031,299.3187561035156,281.63719177246094,305.1131591796875,329.12139892578125,317.53533935546875,304.5110626220703,327.0662384033203,334.24073791503906,315.68592834472656,338.5933532714844,341.71775817871094,335.04612731933594,333.26910400390625,323.9662170410156,324.46612548828125,318.3117218017578,286.2690887451172,305.13316345214844,299.69496154785156,287.55455017089844,267.75927734375,245.2195587158203,204.7000732421875,126.99298095703125,105.66177368164062,124.70901489257812,-2.458343505859375,-22.2911376953125,-39.594482421875,-121.493896484375,-15.8529052734375,-149.8984375,-192.2357177734375,-87.89703369140625,-164.30206298828125,-158.7816162109375,-162.7777099609375,-167.8834228515625,-115.58514404296875,-166.23480224609375,-148.22027587890625,-231.364990234375,-153.62567138671875,-146.68853759765625,-209.01983642578125,-172.5888671875,-176.27117919921875,-165.36346435546875,-155.61688232421875,-189.98284912109375,-181.5623779296875,-227.51983642578125,-147.890380859375,-246.94573974609375,-246.95843505859375,-316.68145751953125,-288.73846435546875,-356.49176025390625,-397.93560791015625,-398.83154296875,-364.509033203125,-379.2484130859375,-462.31878662109375,-525.751953125,-360.1773681640625,-329.3818359375,-328.84332275390625,-230.52630615234375,-258.34136962890625,-267.8863525390625,-183.91253662109375,-230.292236328125,-260.78497314453125,-206.6544189453125,-198.20758056640625,-188.59625244140625,-205.5638427734375,-182.181640625,-274.63848876953125,-245.9849853515625,-185.95733642578125,-191.918212890625,-156.37030029296875,-152.7908935546875,-196.72186279296875,-174.24578857421875,-157.043212890625,-199.5489501953125,-118.3548583984375,-112.110595703125,-178.4344482421875,-83.0228271484375,-112.257080078125,-198.53375244140625,-38.349365234375,-85.0911865234375,-25.0369873046875,-189.03680419921875,-311.009033203125,-124.015380859375,-151.1810302734375,-201.68377685546875,-67.972900390625,-52.77325439453125,-10.552490234375,14.27703857421875,-60.0693359375,-106.81121826171875,-44.4345703125,24.8038330078125,40.4073486328125,-1.02392578125,40.27301025390625,65.93002319335938,121.49832153320312,44.22283935546875,25.225982666015625,15.3702392578125,120.36276245117188
"S389",-60.63421630859375,63.075958251953125,38.788726806640625,45.203399658203125,57.3184814453125,48.79962158203125,40.655364990234375,140.59906005859375,185.94100952148438,180.5654296875,216.82162475585938,188.84689331054688,217.77008056640625,180.73318481445312,161.79251098632812,259.0841064453125,226.62445068359375,275.8152313232422,241.63369750976562,209.41439819335938,262.82594299316406,263.1206359863281,275.6637725830078,301.0080871582031,255.86949157714844,284.1606903076172,296.51475524902344,244.92547607421875,293.6243591308594,291.55780029296875,243.7987060546875,295.2002410888672,287.3618469238281,266.0157775878906,268.0350646972656,248.06201171875,235.88198852539062,216.22799682617188,178.44577026367188,203.7498779296875,216.34677124023438,156.78976440429688,159.07037353515625,122.03994750976562,20.7965087890625,-187.06304931640625,-195.21502685546875,-104.65692138671875,-296.01495361328125,-376.0263671875,-415.8798828125,-586.385009765625,-377.673828125,-577.0506591796875,-649.706787109375,-475.6553955078125,-700.3118896484375,-580.6363525390625,-737.8607177734375,-756.6070556640625,-635.2730712890625,-708.0804443359375,-778.0689697265625,-775.7452392578125,-607.3487548828125,-652.9447021484375,-537.946533203125,-631.7119140625,-690.7255859375,-651.597900390625,-611.858154296875,-622.72802734375,-654.8089599609375,-657.6434326171875,-644.8037109375,-769.0096435546875,-838.2701416015625,-859.031494140625,-882.416748046875,-916.936279296875,-1006.3858642578125,-1023.7880859375,-799.7606201171875,-916.0198974609375,-974.3743896484375,-1192.8074951171875,-930.350830078125,-827.5360107421875,-858.2606201171875,-701.1220703125,-731.693603515625,-723.5078125,-616.2218017578125,-663.801513671875,-769.7874755859375,-718.7708740234375,-586.88671875,-550.0626220703125,-544.8505859375,-499.20831298828125,-656.676513671875,-669.6353759765625,-610.5804443359375,-524.8857421875,-548.242431640625,-558.7025146484375,-461.10894775390625,-537.599609375,-486.3477783203125,-584.783203125,-441.95587158203125,-430.0985107421875,-432.304443359375,-409.88043212890625,-450.97637939453125,-747.8677978515625,-429.97344970703125,-378.502685546875,-335.836669921875,-668.132080078125,-859.8458251953125,-514.693115234375,-410.95233154296875,-577.8680419921875,-340.8226318359375,-282.58514404296875,-231.231201171875,-172.54815673828125,-261.04827880859375,-263.14068603515625,-155.1632080078125,-205.51617431640625,-150.2833251953125,-136.135986328125,-87.48992919921875,-99.500732421875,-21.03662109375,-101.21453857421875,-188.6275634765625,-277.20745849609375,-45.9554443359375
"S390",182.73208618164062,-62.281005859375,83.8792724609375,208.95089721679688,163.98892211914062,39.335662841796875,254.7484130859375,233.45932006835938,259.09666442871094,267.1299591064453,306.4581298828125,323.4580383300781,346.3724365234375,326.217529296875,316.9936218261719,339.5874481201172,321.9328155517578,348.3280792236328,321.13243103027344,306.0234832763672,234.44973754882812,333.6767883300781,342.3210754394531,348.7893829345703,327.15968322753906,334.33518981933594,347.3600158691406,325.5742492675781,353.02415466308594,349.0911102294922,297.08958435058594,265.99830627441406,268.785888671875,334.0179443359375,333.6582336425781,324.68370056152344,296.1453552246094,326.72206115722656,284.55413818359375,200.02447509765625,251.4792938232422,227.29537963867188,165.32986450195312,209.77865600585938,187.926025390625,-40.16131591796875,5.623565673828125,35.075347900390625,-46.38623046875,-49.36822509765625,-257.55865478515625,-295.1488037109375,-339.84716796875,-539.3697509765625,-525.475830078125,-480.0848388671875,-462.8046875,-557.5245361328125,-554.7882080078125,-638.7054443359375,-494.82110595703125,-711.927734375,-713.568359375,-905.1859130859375,-938.1063232421875,-888.966796875,-709.8011474609375,-870.5848388671875,-769.193115234375,-705.23876953125,-701.619384765625,-633.110595703125,-832.622802734375,-544.6990966796875,-567.852783203125,-733.6103515625,-583.2462158203125,-674.873779296875,-834.199462890625,-751.7525634765625,-944.6295166015625,-634.6502685546875,-690.6240234375,-894.200439453125,-923.864501953125,-625.2117919921875,-638.205810546875,-872.200927734375,-710.1141357421875,-773.629150390625,-784.096435546875,-875.063720703125,-839.2003173828125,-625.5177001953125,-888.7244873046875,-556.9713134765625,-634.0634765625,-811.67919921875,-842.2530517578125,-540.709228515625,-643.3067626953125,-614.491455078125,-625.044189453125,-700.9013671875,-784.943603515625,-657.98193359375,-676.1033935546875,-693.1802978515625,-760.587890625,-654.0244140625,-699.3807373046875,-852.7938232421875,-982.0394287109375,-1011.5252685546875,-1186.3245849609375,-996.144775390625,-1023.113525390625,-842.9384765625,-879.6661376953125,-825.498046875,-822.3541259765625,-763.7420654296875,-853.0443115234375,-902.2513427734375,-861.233154296875,-636.6561279296875,-234.703125,-291.708251953125,-235.83099365234375,-390.78741455078125,-111.382568359375,-221.25958251953125,-238.95758056640625,-209.4827880859375,-114.08447265625,-68.2086181640625,-121.0809326171875,-273.9412841796875,-34.6837158203125,-23.54638671875,27.58331298828125
"S391",303.4807891845703,145.285888671875,253.0364990234375,338.9997100830078,295.2979736328125,360.46482849121094,364.6620788574219,306.85838317871094,354.18247985839844,369.0004119873047,388.81212615966797,368.5430450439453,403.68782806396484,388.03981018066406,398.5915756225586,406.49044036865234,404.38636016845703,400.24449920654297,405.1850814819336,393.7241973876953,388.1460723876953,402.66771697998047,404.0551528930664,396.8076858520508,402.7658004760742,386.2068557739258,399.7699508666992,400.9308624267578,400.44193267822266,402.9050750732422,355.6272888183594,300.3052978515625,326.47206115722656,400.70699310302734,391.9109573364258,394.0651397705078,376.4290771484375,383.5413360595703,353.59886169433594,372.0060272216797,363.1450653076172,378.96473693847656,326.53411865234375,328.12074279785156,329.44456481933594,333.7314453125,236.47213745117188,280.5027313232422,248.42105102539062,233.6790771484375,213.55416870117188,126.19210815429688,124.682861328125,11.482208251953125,20.6566162109375,49.62432861328125,11.949615478515625,-28.7708740234375,-72.5355224609375,-24.0789794921875,-30.7891845703125,-64.91162109375,-83.76397705078125,-228.193603515625,-252.56060791015625,-186.48028564453125,-155.71990966796875,-223.09661865234375,-110.36602783203125,-196.8074951171875,-261.2896728515625,-119.6082763671875,-161.71337890625,-94.8529052734375,-85.2320556640625,-363.42510986328125,-175.09710693359375,-97.71478271484375,-201.86260986328125,-162.28179931640625,-154.76275634765625,-194.4669189453125,-153.99871826171875,-127.89752197265625,-177.978515625,-118.860595703125,-136.18896484375,-190.13189697265625,-178.25213623046875,-122.944580078125,-158.306396484375,-216.9163818359375,-167.99700927734375,-127.021484375,-194.6312255859375,-133.6259765625,-159.8349609375,-128.60833740234375,-190.22454833984375,-116.5811767578125,-128.51123046875,-228.90484619140625,-178.7578125,-216.03814697265625,-88.150634765625,-153.54815673828125,-144.4876708984375,-138.2509765625,-145.8525390625,-112.5657958984375,-39.84112548828125,-81.1553955078125,-161.76812744140625,0.44476318359375,-22.66766357421875,22.55224609375,68.3299560546875,47.2730712890625,68.54275512695312,96.09466552734375,39.236968994140625,60.490325927734375,103.46920776367188,110.49490356445312,4.2291259765625,142.40176391601562,195.83346557617188,193.47103881835938,204.28701782226562,235.53399658203125,245.77464294433594,214.915771484375,232.1719970703125,255.12094116210938,215.8997802734375,207.26611328125,254.5433807373047,256.3669738769531,208.46444702148438,254.2621307373047,263.6018371582031
"S392",358.080322265625,361.0415496826172,363.8618927001953,366.5525207519531,369.0421142578125,371.4391326904297,373.5383987426758,374.28759002685547,377.25006103515625,378.75614166259766,380.14161682128906,381.3492736816406,382.42372131347656,383.3534393310547,383.93704986572266,384.4203186035156,384.79524993896484,385.03466033935547,385.16614532470703,385.17174530029297,385.1752166748047,385.04125213623047,384.8758087158203,384.5818328857422,384.25294494628906,383.7517623901367,383.19171142578125,382.5040969848633,381.6665954589844,380.68597412109375,379.48755645751953,378.1279830932617,376.5785140991211,374.8324203491211,372.8412857055664,370.62550354003906,368.13348388671875,365.39894104003906,362.4542541503906,359.27391052246094,355.7782440185547,352.0856628417969,348.1879577636719,344.0735626220703,339.67823791503906,335.0904541015625,330.42250061035156,325.52537536621094,320.6781005859375,308.52549743652344,310.2809295654297,285.007080078125,275.00331115722656,191.91354370117188,213.92266845703125,225.64849853515625,205.745361328125,182.22848510742188,151.83981323242188,186.05780029296875,165.498046875,157.00625610351562,164.3623046875,124.77688598632812,117.781494140625,157.57073974609375,147.51821899414062,153.24490356445312,151.08407592773438,147.45571899414062,55.158966064453125,129.15493774414062,94.77145385742188,133.7119140625,124.62774658203125,-145.348388671875,70.6702880859375,97.59951782226562,89.19537353515625,80.99118041992188,73.126220703125,65.56884765625,58.259796142578125,51.353729248046875,45.192962646484375,39.3563232421875,33.6866455078125,28.568817138671875,23.76885986328125,19.642669677734375,15.742919921875,12.538970947265625,9.950653076171875,7.867279052734375,6.44952392578125,5.73052978515625,5.80230712890625,6.382537841796875,8.04205322265625,10.4908447265625,13.51641845703125,14.656402587890625,21.5322265625,20.539581298828125,32.412139892578125,38.567657470703125,44.983428955078125,51.850341796875,58.94384765625,66.61953735351562,74.7744140625,83.05642700195312,64.53402709960938,100.38241577148438,109.126220703125,118.42282104492188,127.781005859375,137.25146484375,146.86624145507812,156.73077392578125,166.7518310546875,176.8892822265625,187.19717407226562,197.25009155273438,207.01040649414062,217.09622192382812,226.99850463867188,236.468994140625,245.65371704101562,254.71563720703125,263.13609313964844,271.4593200683594,279.3907928466797,286.919677734375,294.04933166503906,300.8861083984375,307.4247741699219,313.4918518066406,275.29498291015625,324.4050750732422,329.50318908691406
"S393",-Infinity,-Infinity,-Infinity,-Infinity,-Infinity,-Infinity,-Infinity,-Infinity,-Infinity,-Infinity,-Infinity,-Infinity,-Infinity,-Infinity,-Infinity,-Infinity,-Infinity,-Infinity,-Infinity,-Infinity,-Infinity,-Infinity,-Infinity,-Infinity,-Infinity,-Infinity,-Infinity,-Infinity,-Infinity,-Infinity,-Infinity,-Infinity,-Infinity,-Infinity,-Infinity,-Infinity,-Infinity,-Infinity,-Infinity,-Infinity,-Infinity,-Infinity,-Infinity,-Infinity,-Infinity,-Infinity,-Infinity,-Infinity,-Infinity,-Infinity,-Infinity,-Infinity,-Infinity,-Infinity,-Infinity,-Infinity,-Infinity,-Infinity,-Infinity,-Infinity,-Infinity,-Infinity,-Infinity,-Infinity,-Infinity,-Infinity,-Infinity,-Infinity,-Infinity,-Infinity,-Infinity,-Infinity,-Infinity,-Infinity,-Infinity,-Infinity,-Infinity,-Infinity,-Infinity,-Infinity,-Infinity,-Infinity,-Infinity,-Infinity,-Infinity,-Infinity,-Infinity,-Infinity,-Infinity,-Infinity,-Infinity,-Infinity,-Infinity,-Infinity,-Infinity,-Infinity,-Infinity,-Infinity,-Infinity,-Infinity,-Infinity,-Infinity,-Infinity,-Infinity,-Infinity,-Infinity,-Infinity,-Infinity,-Infinity,-Infinity,-Infinity,-Infinity,-Infinity,-Infinity,-Infinity,-Infinity,-Infinity,-Infinity,-Infinity,-Infinity,-Infinity,-Infinity,-Infinity,-Infinity,-Infinity,-Infinity,-Infinity,-Infinity,-Infinity,-Infinity,-Infinity,-Infinity,-Infinity,-Infinity,-Infinity,-Infinity,-Infinity,-Infinity,-Infinity,-Infinity,-Infinity
"S394",-Infinity,-Infinity,-Infinity,-Infinity,-Infinity,-Infinity,-Infinity,-Infinity,-Infinity,-Infinity,-Infinity,-Infinity,-Infinity,-Infinity,-Infinity,-Infinity,-Infinity,-Infinity,-Infinity,-Infinity,-Infinity,-Infinity,-Infinity,-Infinity,-Infinity,-Infinity,-Infinity,-Infinity,-Infinity,-Infinity,-Infinity,-Infinity,-Infinity,-Infinity,-Infinity,-Infinity,-Infinity,-Infinity,-Infinity,-Infinity,-Infinity,-Infinity,-Infinity,-Infinity,-Infinity,-Infinity,-Infinity,-Infinity,-Infinity,-Infinity,-Infinity,-Infinity,-Infinity,-Infinity,-Infinity,-Infinity,-Infinity,-Infinity,-Infinity,-Infinity,-Infinity,-Infinity,-Infinity,-Infinity,-Infinity,-Infinity,-Infinity,-Infinity,-Infinity,-Infinity,-Infinity,-Infinity,-Infinity,-Infinity,-Infinity,-Infinity,-Infinity,-Infinity,-Infinity,-Infinity,-Infinity,-Infinity,-Infinity,-Infinity,-Infinity,-Infinity,-Infinity,-Infinity,-Infinity,-Infinity,-Infinity,-Infinity,-Infinity,-Infinity,-Infinity,-Infinity,-Infinity,-Infinity,-Infinity,-Infinity,-Infinity,-Infinity,-Infinity,-Infinity,-Infinity,-Infinity,-Infinity,-Infinity,-Infinity,-Infinity,-Infinity,-Infinity,-Infinity,-Infinity,-Infinity,-Infinity,-Infinity,-Infinity,-Infinity,-Infinity,-Infinity,-Infinity,-Infinity,-Infinity,-Infinity,-Infinity,-Infinity,-Infinity,-Infinity,-Infinity,-Infinity,-Infinity,-Infinity,-Infinity,-Infinity,-Infinity,-Infinity,-Infinity,-Infinity,-Infinity,-Infinity
"S395",-Infinity,-Infinity,-Infinity,-Infinity,-Infinity,-Infinity,-Infinity,-Infinity,-Infinity,-Infinity,-Infinity,-Infinity,-Infinity,-Infinity,-Infinity,-Infinity,-Infinity,-Infinity,-Infinity,-Infinity,-Infinity,-Infinity,-Infinity,-Infinity,-Infinity,-Infinity,-Infinity,-Infinity,-Infinity,-Infinity,-Infinity,-Infinity,-Infinity,-Infinity,-Infinity,-Infinity,-Infinity,-Infinity,-Infinity,-Infinity,-Infinity,-Infinity,-Infinity,-Infinity,-Infinity,-Infinity,-Infinity,-Infinity,-Infinity,-Infinity,-Infinity,-Infinity,-Infinity,-Infinity,-Infinity,-Infinity,-Infinity,-Infinity,-Infinity,-Infinity,-Infinity,-Infinity,-Infinity,-Infinity,-Infinity,-Infinity,-Infinity,-Infinity,-Infinity,-Infinity,-Infinity,-Infinity,-Infinity,-Infinity,-Infinity,-Infinity,-Infinity,-Infinity,-Infinity,-Infinity,-Infinity,-Infinity,-Infinity,-Infinity,-Infinity,-Infinity,-Infinity,-Infinity,-Infinity,-Infinity,-Infinity,-Infinity,-Infinity,-Infinity,-Infinity,-Infinity,-Infinity,-Infinity,-Infinity,-Infinity,-Infinity,-Infinity,-Infinity,-Infinity,-Infinity,-Infinity,-Infinity,-Infinity,-Infinity,-Infinity,-Infinity,-Infinity,-Infinity,-Infinity,-Infinity,-Infinity,-Infinity,-Infinity,-Infinity,-Infinity,-Infinity,-Infinity,-Infinity,-Infinity,-Infinity,-Infinity,-Infinity,-Infinity,-Infinity,-Infinity,-Infinity,-Infinity,-Infinity,-Infinity,-Infinity,-Infinity,-Infinity,-Infinity,-Infinity,-Infinity,-Infinity
"S396",-Infinity,-Infinity,-Infinity,-Infinity,-Infinity,-Infinity,-Infinity,-Infinity,-Infinity,-Infinity,-Infinity,-Infinity,-Infinity,-Infinity,-Infinity,-Infinity,-Infinity,-Infinity,-Infinity,-Infinity,-Infinity,-Infinity,-Infinity,-Infinity,-Infinity,-Infinity,-Infinity,-Infinity,-Infinity,-Infinity,-Infinity,-Infinity,-Infinity,-Infinity,-Infinity,-Infinity,-Infinity,-Infinity,-Infinity,-Infinity,-Infinity,-Infinity,-Infinity,-Infinity,-Infinity,-Infinity,-Infinity,-Infinity,-Infinity,-Infinity,-Infinity,-Infinity,-Infinity,-Infinity,-Infinity,-Infinity,-Infinity,-Infinity,-Infinity,-Infinity,-Infinity,-Infinity,-Infinity,-Infinity,-Infinity,-Infinity,-Infinity,-Infinity,-Infinity,-Infinity,-Infinity,-Infinity,-Infinity,-Infinity,-Infinity,-Infinity,-Infinity,-Infinity,-Infinity,-Infinity,-Infinity,-Infinity,-Infinity,-Infinity,-Infinity,-Infinity,-Infinity,-Infinity,-Infinity,-Infinity,-Infinity,-Infinity,-Infinity,-Infinity,-Infinity,-Infinity,-Infinity,-Infinity,-Infinity,-Infinity,-Infinity,-Infinity,-Infinity,-Infinity,-Infinity,-Infinity,-Infinity,-Infinity,-Infinity,-Infinity,-Infinity,-Infinity,-Infinity,-Infinity,-Infinity,-Infinity,-Infinity,-Infinity,-Infinity,-Infinity,-Infinity,-Infinity,-Infinity,-Infinity,-Infinity,-Infinity,-Infinity,-Infinity,-Infinity,-Infinity,-Infinity,-Infinity,-Infinity,-Infinity,-Infinity,-Infinity,-Infinity,-Infinity,-Infinity,-Infinity,-Infinity
"S397",-Infinity,-Infinity,-Infinity,-Infinity,-Infinity,-Infinity,-Infinity,-Infinity,-Infinity,-Infinity,-Infinity,-Infinity,-Infinity,-Infinity,-Infinity,-Infinity,-Infinity,-Infinity,-Infinity,-Infinity,-Infinity,-Infinity,-Infinity,-Infinity,-Infinity,-Infinity,-Infinity,-Infinity,-Infinity,-Infinity,-Infinity,-Infinity,-Infinity,-Infinity,-Infinity,-Infinity,-Infinity,-Infinity,-Infinity,-Infinity,-Infinity,-Infinity,-Infinity,-Infinity,-Infinity,-Infinity,-Infinity,-Infinity,-Infinity,-Infinity,-Infinity,-Infinity,-Infinity,-Infinity,-Infinity,-Infinity,-Infinity,-Infinity,-Infinity,-Infinity,-Infinity,-Infinity,-Infinity,-Infinity,-Infinity,-Infinity,-Infinity,-Infinity,-Infinity,-Infinity,-Infinity,-Infinity,-Infinity,-Infinity,-Infinity,-Infinity,-Infinity,-Infinity,-Infinity,-Infinity,-Infinity,-Infinity,-Infinity,-Infinity,-Infinity,-Infinity,-Infinity,-Infinity,-Infinity,-Infinity,-Infinity,-Infinity,-Infinity,-Infinity,-Infinity,-Infinity,-Infinity,-Infinity,-Infinity,-Infinity,-Infinity,-Infinity,-Infinity,-Infinity,-Infinity,-Infinity,-Infinity,-Infinity,-Infinity,-Infinity,-Infinity,-Infinity,-Infinity,-Infinity,-Infinity,-Infinity,-Infinity,-Infinity,-Infinity,-Infinity,-Infinity,-Infinity,-Infinity,-Infinity,-Infinity,-Infinity,-Infinity,-Infinity,-Infinity,-Infinity,-Infinity,-Infinity,-Infinity,-Infinity,-Infinity,-Infinity,-Infinity,-Infinity,-Infinity,-Infinity,-Infinity
"S398",-Infinity,-Infinity,-Infinity,-Infinity,-Infinity,-Infinity,-Infinity,-Infinity,-Infinity,-Infinity,-Infinity,-Infinity,-Infinity,-Infinity,-Infinity,-Infinity,-Infinity,-Infinity,-Infinity,-Infinity,-Infinity,-Infinity,-Infinity,-Infinity,-Infinity,-Infinity,-Infinity,-Infinity,-Infinity,-Infinity,-Infinity,-Infinity,-Infinity,-Infinity,-Infinity,-Infinity,-Infinity,-Infinity,-Infinity,-Infinity,-Infinity,-Infinity,-Infinity,-Infinity,-Infinity,-Infinity,-Infinity,-Infinity,-Infinity,-Infinity,-Infinity,-Infinity,-Infinity,-Infinity,-Infinity,-Infinity,-Infinity,-Infinity,-Infinity,-Infinity,-Infinity,-Infinity,-Infinity,-Infinity,-Infinity,-Infinity,-Infinity,-Infinity,-Infinity,-Infinity,-Infinity,-Infinity,-Infinity,-Infinity,-Infinity,-Infinity,-Infinity,-Infinity,-Infinity,-Infinity,-Infinity,-Infinity,-Infinity,-Infinity,-Infinity,-Infinity,-Infinity,-Infinity,-Infinity,-Infinity,-Infinity,-Infinity,-Infinity,-Infinity,-Infinity,-Infinity,-Infinity,-Infinity,-Infinity,-Infinity,-Infinity,-Infinity,-Infinity,-Infinity,-Infinity,-Infinity,-Infinity,-Infinity,-Infinity,-Infinity,-Infinity,-Infinity,-Infinity,-Infinity,-Infinity,-Infinity,-Infinity,-Infinity,-Infinity,-Infinity,-Infinity,-Infinity,-Infinity,-Infinity,-Infinity,-Infinity,-Infinity,-Infinity,-Infinity,-Infinity,-Infinity,-Infinity,-Infinity,-Infinity,-Infinity,-Infinity,-Infinity,-Infinity,-Infinity,-Infinity,-Infinity
"S399",-Infinity,-Infinity,-Infinity,-Infinity,-Infinity,-Infinity,-Infinity,-Infinity,-Infinity,-Infinity,-Infinity,-Infinity,-Infinity,-Infinity,-Infinity,-Infinity,-Infinity,-Infinity,-Infinity,-Infinity,-Infinity,-Infinity,-Infinity,-Infinity,-Infinity,-Infinity,-Infinity,-Infinity,-Infinity,-Infinity,-Infinity,-Infinity,-Infinity,-Infinity,-Infinity,-Infinity,-Infinity,-Infinity,-Infinity,-Infinity,-Infinity,-Infinity,-Infinity,-Infinity,-Infinity,-Infinity,-Infinity,-Infinity,-Infinity,-Infinity,-Infinity,-Infinity,-Infinity,-Infinity,-Infinity,-Infinity,-Infinity,-Infinity,-Infinity,-Infinity,-Infinity,-Infinity,-Infinity,-Infinity,-Infinity,-Infinity,-Infinity,-Infinity,-Infinity,-Infinity,-Infinity,-Infinity,-Infinity,-Infinity,-Infinity,-Infinity,-Infinity,-Infinity,-Infinity,-Infinity,-Infinity,-Infinity,-Infinity,-Infinity,-Infinity,-Infinity,-Infinity,-Infinity,-Infinity,-Infinity,-Infinity,-Infinity,-Infinity,-Infinity,-Infinity,-Infinity,-Infinity,-Infinity,-Infinity,-Infinity,-Infinity,-Infinity,-Infinity,-Infinity,-Infinity,-Infinity,-Infinity,-Infinity,-Infinity,-Infinity,-Infinity,-Infinity,-Infinity,-Infinity,-Infinity,-Infinity,-Infinity,-Infinity,-Infinity,-Infinity,-Infinity,-Infinity,-Infinity,-Infinity,-Infinity,-Infinity,-Infinity,-Infinity,-Infinity,-Infinity,-Infinity,-Infinity,-Infinity,-Infinity,-Infinity,-Infinity,-Infinity,-Infinity,-Infinity,-Infinity,-Infinity
"S400",-Infinity,-Infinity,-Infinity,-Infinity,-Infinity,-Infinity,-Infinity,-Infinity,-Infinity,-Infinity,-Infinity,-Infinity,-Infinity,-Infinity,-Infinity,-Infinity,-Infinity,-Infinity,-Infinity,-Infinity,-Infinity,-Infinity,-Infinity,-Infinity,-Infinity,-Infinity,-Infinity,-Infinity,-Infinity,-Infinity,-Infinity,-Infinity,-Infinity,-Infinity,-Infinity,-Infinity,-Infinity,-Infinity,-Infinity,-Infinity,-Infinity,-Infinity,-Infinity,-Infinity,-Infinity,-Infinity,-Infinity,-Infinity,-Infinity,-Infinity,-Infinity,-Infinity,-Infinity,-Infinity,-Infinity,-Infinity,-Infinity,-Infinity,-Infinity,-Infinity,-Infinity,-Infinity,-Infinity,-Infinity,-Infinity,-Infinity,-Infinity,-Infinity,-Infinity,-Infinity,-Infinity,-Infinity,-Infinity,-Infinity,-Infinity,-Infinity,-Infinity,-Infinity,-Infinity,-Infinity,-Infinity,-Infinity,-Infinity,-Infinity,-Infinity,-Infinity,-Infinity,-Infinity,-Infinity,-Infinity,-Infinity,-Infinity,-Infinity,-Infinity,-Infinity,-Infinity,-Infinity,-Infinity,-Infinity,-Infinity,-Infinity,-Infinity,-Infinity,-Infinity,-Infinity,-Infinity,-Infinity,-Infinity,-Infinity,-Infinity,-Infinity,-Infinity,-Infinity,-Infinity,-Infinity,-Infinity,-Infinity,-Infinity,-Infinity,-Infinity,-Infinity,-Infinity,-Infinity,-Infinity,-Infinity,-Infinity,-Infinity,-Infinity,-Infinity,-Infinity,-Infinity,-Infinity,-Infinity,-Infinity,-Infinity,-Infinity,-Infinity,-Infinity,-Infinity,-Infinity,-Infinity
"S401",-Infinity,-Infinity,-Infinity,-Infinity,-Infinity,-Infinity,-Infinity,-Infinity,-Infinity,-Infinity,-Infinity,-Infinity,-Infinity,-Infinity,-Infinity,-Infinity,-Infinity,-Infinity,-Infinity,-Infinity,-Infinity,-Infinity,-Infinity,-Infinity,-Infinity,-Infinity,-Infinity,-Infinity,-Infinity,-Infinity,-Infinity,-Infinity,-Infinity,-Infinity,-Infinity,-Infinity,-Infinity,-Infinity,-Infinity,-Infinity,-Infinity,-Infinity,-Infinity,-Infinity,-Infinity,-Infinity,-Infinity,-Infinity,-Infinity,-Infinity,-Infinity,-Infinity,-Infinity,-Infinity,-Infinity,-Infinity,-Infinity,-Infinity,-Infinity,-Infinity,-Infinity,-Infinity,-Infinity,-Infinity,-Infinity,-Infinity,-Infinity,-Infinity,-Infinity,-Infinity,-Infinity,-Infinity,-Infinity,-Infinity,-Infinity,-Infinity,-Infinity,-Infinity,-Infinity,-Infinity,-Infinity,-Infinity,-Infinity,-Infinity,-Infinity,-Infinity,-Infinity,-Infinity,-Infinity,-Infinity,-Infinity,-Infinity,-Infinity,-Infinity,-Infinity,-Infinity,-Infinity,-Infinity,-Infinity,-Infinity,-Infinity,-Infinity,-Infinity,-Infinity,-Infinity,-Infinity,-Infinity,-Infinity,-Infinity,-Infinity,-Infinity,-Infinity,-Infinity,-Infinity,-Infinity,-Infinity,-Infinity,-Infinity,-Infinity,-Infinity,-Infinity,-Infinity,-Infinity,-Infinity,-Infinity,-Infinity,-Infinity,-Infinity,-Infinity,-Infinity,-Infinity,-Infinity,-Infinity,-Infinity,-Infinity,-Infinity,-Infinity,-Infinity,-Infinity,-Infinity,-Infinity
"S402",-Infinity,-Infinity,-Infinity,-Infinity,-Infinity,-Infinity,-Infinity,-Infinity,-Infinity,-Infinity,-Infinity,-Infinity,-Infinity,-Infinity,-Infinity,-Infinity,-Infinity,-Infinity,-Infinity,-Infinity,-Infinity,-Infinity,-Infinity,-Infinity,-Infinity,-Infinity,-Infinity,-Infinity,-Infinity,-Infinity,-Infinity,-Infinity,-Infinity,-Infinity,-Infinity,-Infinity,-Infinity,-Infinity,-Infinity,-Infinity,-Infinity,-Infinity,-Infinity,-Infinity,-Infinity,-Infinity,-Infinity,-Infinity,-Infinity,-Infinity,-Infinity,-Infinity,-Infinity,-Infinity,-Infinity,-Infinity,-Infinity,-Infinity,-Infinity,-Infinity,-Infinity,-Infinity,-Infinity,-Infinity,-Infinity,-Infinity,-Infinity,-Infinity,-Infinity,-Infinity,-Infinity,-Infinity,-Infinity,-Infinity,-Infinity,-Infinity,-Infinity,-Infinity,-Infinity,-Infinity,-Infinity,-Infinity,-Infinity,-Infinity,-Infinity,-Infinity,-Infinity,-Infinity,-Infinity,-Infinity,-Infinity,-Infinity,-Infinity,-Infinity,-Infinity,-Infinity,-Infinity,-Infinity,-Infinity,-Infinity,-Infinity,-Infinity,-Infinity,-Infinity,-Infinity,-Infinity,-Infinity,-Infinity,-Infinity,-Infinity,-Infinity,-Infinity,-Infinity,-Infinity,-Infinity,-Infinity,-Infinity,-Infinity,-Infinity,-Infinity,-Infinity,-Infinity,-Infinity,-Infinity,-Infinity,-Infinity,-Infinity,-Infinity,-Infinity,-Infinity,-Infinity,-Infinity,-Infinity,-Infinity,-Infinity,-Infinity,-Infinity,-Infinity,-Infinity,-Infinity,-Infinity
"S403",-Infinity,-Infinity,-Infinity,-Infinity,-Infinity,-Infinity,-Infinity,-Infinity,-Infinity,-Infinity,-Infinity,-Infinity,-Infinity,-Infinity,-Infinity,-Infinity,-Infinity,-Infinity,-Infinity,-Infinity,-Infinity,-Infinity,-Infinity,-Infinity,-Infinity,-Infinity,-Infinity,-Infinity,-Infinity,-Infinity,-Infinity,-Infinity,-Infinity,-Infinity,-Infinity,-Infinity,-Infinity,-Infinity,-Infinity,-Infinity,-Infinity,-Infinity,-Infinity,-Infinity,-Infinity,-Infinity,-Infinity,-Infinity,-Infinity,-Infinity,-Infinity,-Infinity,-Infinity,-Infinity,-Infinity,-Infinity,-Infinity,-Infinity,-Infinity,-Infinity,-Infinity,-Infinity,-Infinity,-Infinity,-Infinity,-Infinity,-Infinity,-Infinity,-Infinity,-Infinity,-Infinity,-Infinity,-Infinity,-Infinity,-Infinity,-Infinity,-Infinity,-Infinity,-Infinity,-Infinity,-Infinity,-Infinity,-Infinity,-Infinity,-Infinity,-Infinity,-Infinity,-Infinity,-Infinity,-Infinity,-Infinity,-Infinity,-Infinity,-Infinity,-Infinity,-Infinity,-Infinity,-Infinity,-Infinity,-Infinity,-Infinity,-Infinity,-Infinity,-Infinity,-Infinity,-Infinity,-Infinity,-Infinity,-Infinity,-Infinity,-Infinity,-Infinity,-Infinity,-Infinity,-Infinity,-Infinity,-Infinity,-Infinity,-Infinity,-Infinity,-Infinity,-Infinity,-Infinity,-Infinity,-Infinity,-Infinity,-Infinity,-Infinity,-Infinity,-Infinity,-Infinity,-Infinity,-Infinity,-Infinity,-Infinity,-Infinity,-Infinity,-Infinity,-Infinity,-Infinity,-Infinity
"S404",-Infinity,-Infinity,-Infinity,-Infinity,-Infinity,-Infinity,-Infinity,-Infinity,-Infinity,-Infinity,-Infinity,-Infinity,-Infinity,-Infinity,-Infinity,-Infinity,-Infinity,-Infinity,-Infinity,-Infinity,-Infinity,-Infinity,-Infinity,-Infinity,-Infinity,-Infinity,-Infinity,-Infinity,-Infinity,-Infinity,-Infinity,-Infinity,-Infinity,-Infinity,-Infinity,-Infinity,-Infinity,-Infinity,-Infinity,-Infinity,-Infinity,-Infinity,-Infinity,-Infinity,-Infinity,-Infinity,-Infinity,-Infinity,-Infinity,-Infinity,-Infinity,-Infinity,-Infinity,-Infinity,-Infinity,-Infinity,-Infinity,-Infinity,-Infinity,-Infinity,-Infinity,-Infinity,-Infinity,-Infinity,-Infinity,-Infinity,-Infinity,-Infinity,-Infinity,-Infinity,-Infinity,-Infinity,-Infinity,-Infinity,-Infinity,-Infinity,-Infinity,-Infinity,-Infinity,-Infinity,-Infinity,-Infinity,-Infinity,-Infinity,-Infinity,-Infinity,-Infinity,-Infinity,-Infinity,-Infinity,-Infinity,-Infinity,-Infinity,-Infinity,-Infinity,-Infinity,-Infinity,-Infinity,-Infinity,-Infinity,-Infinity,-Infinity,-Infinity,-Infinity,-Infinity,-Infinity,-Infinity,-Infinity,-Infinity,-Infinity,-Infinity,-Infinity,-Infinity,-Infinity,-Infinity,-Infinity,-Infinity,-Infinity,-Infinity,-Infinity,-Infinity,-Infinity,-Infinity,-Infinity,-Infinity,-Infinity,-Infinity,-Infinity,-Infinity,-Infinity,-Infinity,-Infinity,-Infinity,-Infinity,-Infinity,-Infinity,-Infinity,-Infinity,-Infinity,-Infinity,-Infinity
"S405",8.114654541015625,46.288970947265625,37.336822509765625,69.33084106445312,110.52252197265625,88.31317138671875,115.66275024414062,49.70684814453125,18.222198486328125,54.713470458984375,108.658935546875,130.14779663085938,22.708740234375,136.2105712890625,122.43997192382812,78.32168579101562,149.7801513671875,163.23171997070312,155.28970336914062,176.28289794921875,197.89071655273438,186.51324462890625,185.81326293945312,217.79867553710938,211.14584350585938,219.87753295898438,220.63986206054688,195.74069213867188,243.70382690429688,258.47352600097656,248.43067932128906,221.79769897460938,216.15487670898438,189.49807739257812,232.14385986328125,217.062255859375,199.16885375976562,229.51699829101562,249.5072021484375,227.19046020507812,189.23318481445312,233.33114624023438,191.89691162109375,187.63357543945312,149.10995483398438,93.10699462890625,65.3050537109375,128.70037841796875,21.34503173828125,2.853973388671875,-35.07391357421875,-1.356903076171875,-71.78631591796875,-90.8406982421875,-109.0889892578125,-405.663330078125,-232.6717529296875,-982.9237060546875,-450.0703125,-287.17730712890625,-386.1663818359375,-433.71185302734375,-347.12078857421875,-391.1583251953125,-455.9293212890625,-438.79998779296875,-534.674560546875,-524.81787109375,-394.8525390625,-580.0692138671875,-567.239501953125,-626.1134033203125,-562.3614501953125,-727.843994140625,-712.240966796875,-586.3004150390625,-669.1849365234375,-612.8521728515625,-673.915771484375,-538.485595703125,-881.6929931640625,-657.5738525390625,-715.2552490234375,-682.0670166015625,-637.7677001953125,-823.119384765625,-796.2933349609375,-754.544189453125,-827.778076171875,-1015.5499267578125,-1004.283935546875,-798.5308837890625,-871.698486328125,-1060.4825439453125,-932.2806396484375,-1251.1795654296875,-1089.689208984375,-852.125244140625,-889.2135009765625,-877.5078125,-899.2376708984375,-775.508544921875,-810.656005859375,-933.005126953125,-820.8333740234375,-898.156005859375,-911.3931884765625,-837.6199951171875,-699.7244873046875,-797.5750732421875,-659.8232421875,-632.00048828125,-911.01708984375,-819.126220703125,-744.555419921875,-806.621826171875,-816.625244140625,-827.8555908203125,-754.802001953125,-628.9141845703125,-432.4423828125,-542.6832275390625,-231.410888671875,-228.54217529296875,-268.41412353515625,-221.34759521484375,-208.94384765625,-534.66943359375,-479.65087890625,-213.4322509765625,-118.34613037109375,-132.65008544921875,-120.5751953125,-106.74713134765625,-425.65631103515625,-227.0023193359375,-170.66748046875,-127.51953125,-60.19683837890625,-84.49957275390625,-88.93438720703125
"S406",-212.367431640625,-104.7615966796875,-312.43280029296875,-76.47808837890625,-33.697509765625,-105.38525390625,19.922607421875,-8.315093994140625,-49.50927734375,48.148223876953125,11.6402587890625,34.340179443359375,-213.0340576171875,97.66510009765625,2.0955810546875,-244.2239990234375,76.04302978515625,29.680206298828125,54.56939697265625,109.4659423828125,153.8653564453125,97.29888916015625,83.56796264648438,134.061279296875,194.84951782226562,166.96588134765625,156.159423828125,196.49652099609375,169.22491455078125,174.19375610351562,175.35391235351562,176.3931884765625,129.384521484375,159.64663696289062,175.06130981445312,139.85885620117188,139.29901123046875,188.40853881835938,167.29345703125,111.35501098632812,146.07208251953125,95.29739379882812,103.77713012695312,56.682891845703125,-164.56890869140625,-223.68408203125,-203.16351318359375,-157.43133544921875,-58.721923828125,-53.1219482421875,-58.0692138671875,-209.0240478515625,-299.6240234375,-190.26385498046875,-202.50390625,-441.65313720703125,-221.40167236328125,-377.12274169921875,-367.48858642578125,-323.48785400390625,-347.65728759765625,-614.927001953125,-348.50738525390625,-405.7010498046875,-431.0631103515625,-355.03338623046875,-432.45794677734375,-616.4959716796875,-502.46966552734375,-525.3134765625,-606.5126953125,-623.5694580078125,-657.4947509765625,-727.13916015625,-650.160888671875,-656.550537109375,-704.827880859375,-579.5252685546875,-691.7684326171875,-761.36865234375,-1009.302490234375,-834.77197265625,-745.6026611328125,-896.667236328125,-931.863525390625,-825.1192626953125,-944.931640625,-885.6429443359375,-846.52294921875,-783.9278564453125,-1278.946533203125,-898.197509765625,-833.5997314453125,-754.058349609375,-825.8194580078125,-778.096435546875,-694.78955078125,-777.4501953125,-760.656494140625,-1007.712158203125,-905.4918212890625,-828.205078125,-731.6053466796875,-689.5343017578125,-892.1842041015625,-924.135009765625,-728.7452392578125,-767.24658203125,-889.466796875,-839.3934326171875,-827.91943359375,-869.07958984375,-976.2957763671875,-1070.557861328125,-885.4862060546875,-1070.086181640625,-1369.8670654296875,-1598.4814453125,-1327.99072265625,-876.3646240234375,-770.521484375,-841.512939453125,-729.5037841796875,-707.1483154296875,-828.0823974609375,-712.631103515625,-570.18896484375,-748.87158203125,-755.8377685546875,-837.4420166015625,-717.1656494140625,-717.7530517578125,-643.371826171875,-616.6790771484375,-549.7034912109375,-498.9354248046875,-780.1895751953125,-935.9140625,-567.9293212890625,-683.575439453125,-361.9583740234375
"S407",19.531707763671875,77.46286010742188,109.1109619140625,56.040008544921875,162.95828247070312,147.5828857421875,102.86248779296875,169.25994873046875,149.90249633789062,148.65203857421875,204.593017578125,183.47842407226562,147.09768676757812,190.47454833984375,140.76470947265625,150.64459228515625,204.67843627929688,182.25942993164062,176.65921020507812,225.83389282226562,236.88385009765625,225.40216064453125,249.1476287841797,223.818115234375,235.18295288085938,245.3829803466797,271.6672668457031,257.7817077636719,290.9674530029297,235.94662475585938,236.33111572265625,292.1629638671875,293.45384216308594,269.2538604736328,305.05145263671875,292.32029724121094,280.1856994628906,291.45823669433594,305.59521484375,249.437744140625,264.1919708251953,233.265625,153.811767578125,238.67404174804688,135.92501831054688,111.22222900390625,-29.9674072265625,83.50604248046875,-4.27911376953125,-204.290771484375,-201.20330810546875,-120.1365966796875,-476.82440185546875,-321.15032958984375,-377.9697265625,-599.941650390625,-345.7396240234375,-284.003662109375,-278.83984375,-299.27191162109375,-340.11126708984375,-440.29461669921875,-377.960693359375,-530.89990234375,-489.25616455078125,-411.3701171875,-517.8978271484375,-481.0079345703125,-421.235595703125,-502.3917236328125,-515.0512084960938,-548.1986083984375,-694.013427734375,-617.932861328125,-607.8446044921875,-715.076171875,-691.3402099609375,-632.28369140625,-949.3817138671875,-922.3360595703125,-749.8568115234375,-910.4080810546875,-702.0863037109375,-699.12890625,-703.6881103515625,-658.670654296875,-566.87744140625,-894.2745361328125,-580.5555419921875,-603.1680908203125,-573.3447265625,-654.45458984375,-606.9893798828125,-608.020751953125,-621.659912109375,-596.59375,-647.3104248046875,-681.219970703125,-709.2689208984375,-717.4742431640625,-746.6639404296875,-561.474853515625,-594.0155029296875,-604.0167236328125,-629.273681640625,-650.5992431640625,-723.87255859375,-793.459228515625,-921.7734375,-634.0792236328125,-617.6304931640625,-852.3773193359375,-611.230224609375,-498.0789794921875,-534.1109619140625,-566.9666748046875,-621.8953857421875,-481.52069091796875,-463.927734375,-460.3138427734375,-368.4224853515625,-433.0345458984375,-334.91949462890625,-264.680908203125,-303.60723876953125,-275.83306884765625,-197.84344482421875,-258.41387939453125,-196.64312744140625,-223.33538818359375,-198.7366943359375,-258.1287841796875,-275.94384765625,-123.55718994140625,-91.216552734375,-101.1378173828125,-69.7191162109375,-61.56671142578125,-131.13446044921875,-59.7694091796875,-98.46539306640625
"S408",-321.714111328125,-308.63238525390625,-162.359619140625,-316.92620849609375,-269.167236328125,-168.36883544921875,-369.529052734375,-217.947998046875,-272.08917236328125,-145.33978271484375,-154.0855712890625,-101.07281494140625,-77.06317138671875,-109.2396240234375,-74.21893310546875,-49.167724609375,-36.89349365234375,-162.98455810546875,-17.7886962890625,-54.5810546875,8.547332763671875,41.980194091796875,-19.46826171875,-77.14410400390625,67.72006225585938,109.32492065429688,79.0762939453125,108.32879638671875,145.1116943359375,82.62771606445312,107.25030517578125,172.25009155273438,197.73956298828125,190.45089721679688,192.09005737304688,205.94967651367188,189.57931518554688,185.85552978515625,176.674072265625,153.65802001953125,122.44265747070312,120.26388549804688,86.0865478515625,35.182586669921875,49.063232421875,-11.660552978515625,-85.95062255859375,-88.3426513671875,-281.89727783203125,-276.58795166015625,-345.17047119140625,-494.41290283203125,-414.5535888671875,-603.1361083984375,-769.262939453125,-674.3072509765625,-624.5401611328125,-668.3504638671875,-569.5352783203125,-583.826171875,-509.018310546875,-654.4674072265625,-663.4228515625,-973.95947265625,-856.1600341796875,-712.526123046875,-982.41162109375,-716.216796875,-664.7061767578125,-820.734130859375,-686.415771484375,-794.4295654296875,-878.78955078125,-906.9251708984375,-811.1973876953125,-937.142578125,-885.828125,-941.8358154296875,-940.0758056640625,-981.1673583984375,-1041.33837890625,-918.462890625,-1196.5474853515625,-1062.2774658203125,-1375.103759765625,-1237.428466796875,-1053.3189697265625,-1100.077392578125,-948.5645751953125,-935.0098876953125,-921.001708984375,-993.5718994140625,-870.6217041015625,-853.158447265625,-859.416748046875,-860.574951171875,-896.4459228515625,-987.2032470703125,-1180.837890625,-925.2791748046875,-1249.4962158203125,-903.6553955078125,-953.6446533203125,-1010.022216796875,-885.8968505859375,-831.8577880859375,-964.456298828125,-972.3958740234375,-955.30810546875,-888.9866943359375,-808.98583984375,-785.430419921875,-891.6099853515625,-684.8839111328125,-767.1776123046875,-662.432861328125,-642.0030517578125,-630.913330078125,-511.94970703125,-557.106689453125,-664.4405517578125,-599.1744384765625,-684.3443603515625,-732.138427734375,-517.8289184570312,-501.09954833984375,-481.095703125,-543.1334228515625,-496.0386962890625,-695.289794921875,-643.415771484375,-410.319580078125,-494.69805908203125,-424.03985595703125,-444.0887451171875,-358.48797607421875,-262.0684814453125,-454.04864501953125,-415.18206787109375,-306.00152587890625,-296.85906982421875
"S409",112.7587890625,104.06634521484375,180.78363037109375,134.14239501953125,106.9569091796875,182.86740112304688,98.19088745117188,160.55862426757812,130.176025390625,191.1326904296875,191.33584594726562,236.59408569335938,236.9805908203125,221.24765014648438,263.74705505371094,247.6727294921875,257.77777099609375,217.55450439453125,259.17640686035156,246.86277770996094,277.5028076171875,284.9760284423828,265.9678649902344,242.1611328125,302.33824157714844,313.0779571533203,301.5050506591797,302.3694305419922,323.0039978027344,327.4958801269531,321.9959411621094,331.8866271972656,337.241943359375,333.86138916015625,335.02952575683594,339.84474182128906,325.54530334472656,327.3188171386719,313.2261962890625,304.99415588378906,286.7158660888672,293.6006622314453,251.66111755371094,218.65130615234375,204.489990234375,167.27105712890625,128.70745849609375,107.63348388671875,-69.8800048828125,-11.806427001953125,-72.65240478515625,-185.35943603515625,-162.19921875,-391.78424072265625,-474.3900146484375,-563.9381103515625,-400.4775390625,-468.47784423828125,-391.3126220703125,-416.744384765625,-451.1546630859375,-621.426025390625,-438.46600341796875,-572.1280517578125,-563.1864013671875,-492.68487548828125,-561.248291015625,-504.6595458984375,-417.9329833984375,-484.68267822265625,-869.9150390625,-542.8609619140625,-664.3489990234375,-576.71826171875,-466.53338623046875,-564.2955322265625,-627.7205810546875,-710.236572265625,-592.4091796875,-598.1116943359375,-593.868896484375,-530.151123046875,-682.567138671875,-679.4576416015625,-911.51318359375,-833.313232421875,-782.6920166015625,-795.9803466796875,-726.7073974609375,-693.5247802734375,-594.551513671875,-628.27294921875,-586.5213623046875,-501.9886474609375,-555.122802734375,-556.5709228515625,-559.9698486328125,-615.94970703125,-605.7899169921875,-554.457275390625,-645.7222900390625,-570.7989501953125,-585.8037109375,-554.5789794921875,-496.7000732421875,-454.33251953125,-558.4859619140625,-478.97491455078125,-458.17474365234375,-417.56219482421875,-464.2001953125,-502.78826904296875,-448.52197265625,-255.955810546875,-375.02764892578125,-257.74322509765625,-145.25091552734375,-197.97955322265625,-110.71697998046875,-65.781005859375,-163.068603515625,-108.5616455078125,-146.5955810546875,-191.998046875,-83.21087646484375,-51.47039794921875,-27.2637939453125,-31.01055908203125,-18.09515380859375,-161.35418701171875,-98.3216552734375,27.52020263671875,12.547149658203125,0.99139404296875,21.754547119140625,49.0152587890625,62.510528564453125,21.6387939453125,42.000518798828125,65.0616455078125,94.33615112304688
"S410",346.8894348144531,348.14393615722656,372.8886489868164,363.0385284423828,332.30760192871094,344.26429748535156,355.89659118652344,382.5509033203125,365.1978454589844,367.23907470703125,389.7176971435547,411.1852264404297,398.50975036621094,393.58795166015625,405.4835205078125,393.8956069946289,400.0642395019531,417.3084487915039,397.01885986328125,396.42100524902344,417.42203521728516,403.10728454589844,408.4843292236328,417.2070846557617,404.33497619628906,400.89966583251953,415.44417572021484,395.3951721191406,411.1185607910156,412.06287384033203,401.2790298461914,410.2909164428711,397.89622497558594,402.3139190673828,403.1635208129883,404.3022155761719,380.6515426635742,389.7570495605469,385.24434661865234,332.92816162109375,367.3264923095703,357.61766052246094,314.9291687011719,312.49208068847656,272.9899444580078,177.73101806640625,199.76705932617188,195.62667846679688,31.441925048828125,101.74880981445312,21.448760986328125,-34.560791015625,-72.5516357421875,-241.3651123046875,-228.97857666015625,-425.25286865234375,-184.32843017578125,-247.165771484375,-206.95770263671875,-255.1658935546875,-314.43524169921875,-582.46435546875,-253.16668701171875,-333.64654541015625,-335.02056884765625,-253.21466064453125,-153.84033203125,-257.77716064453125,-189.13897705078125,-273.3306884765625,-849.48681640625,-344.294189453125,-506.9508056640625,-252.36175537109375,-191.08673095703125,-271.34112548828125,-371.69866943359375,-439.17120361328125,-376.16192626953125,-327.307861328125,-321.45660400390625,-290.28570556640625,-305.6429443359375,-371.48638916015625,-516.5018310546875,-468.63677978515625,-491.6268310546875,-514.7105712890625,-403.10906982421875,-429.72772216796875,-271.8885498046875,-371.6502685546875,-340.341796875,-197.93182373046875,-304.2327880859375,-225.5009765625,-272.54547119140625,-300.7657470703125,-205.3590087890625,-219.07098388671875,-212.9967041015625,-201.21551513671875,-237.24517822265625,-203.4598388671875,-211.8218994140625,-172.7274169921875,-263.0447998046875,-141.83544921875,-102.2613525390625,-55.965576171875,-203.7962646484375,-301.7635498046875,-145.445068359375,-11.1229248046875,-117.54681396484375,-40.5408935546875,38.5364990234375,77.2568359375,87.95611572265625,145.16958618164062,108.0645751953125,140.51568603515625,167.8238525390625,129.5809326171875,150.35842895507812,181.87838745117188,221.34771728515625,216.14630126953125,229.77731323242188,163.517822265625,234.037841796875,255.80880737304688,231.17864990234375,248.19564819335938,291.3401336669922,276.8991241455078,213.75299072265625,286.2036437988281,272.86024475097656,245.73660278320312,299.58750915527344
"S411",252.43724060058594,254.98489379882812,270.69598388671875,288.2859649658203,264.9778289794922,250.11538696289062,297.5671691894531,117.09344482421875,166.62887573242188,305.6407165527344,309.12803649902344,300.5411376953125,329.4674072265625,300.8063201904297,292.1265869140625,325.37298583984375,318.9491882324219,301.1492919921875,321.21392822265625,296.38934326171875,293.8307800292969,313.5589294433594,316.15338134765625,293.3497619628906,317.6247863769531,302.31321716308594,290.28907775878906,314.81297302246094,323.54136657714844,292.1553649902344,117.1624755859375,-23.72174072265625,9.02752685546875,301.09986877441406,285.9751281738281,305.17430114746094,292.0546112060547,304.4795379638672,297.83984375,224.72760009765625,255.65921020507812,242.48251342773438,185.5640869140625,234.83181762695312,101.58758544921875,120.27496337890625,136.65060424804688,66.08535766601562,24.20928955078125,-18.17889404296875,-172.57275390625,-249.37286376953125,-282.90924072265625,-455.2784423828125,-510.682373046875,-533.3486328125,-597.443359375,-696.9202880859375,-725.5052490234375,-707.06005859375,-656.1929931640625,-781.73876953125,-862.5875244140625,-959.1314697265625,-829.796630859375,-794.479736328125,-855.3780517578125,-941.8284912109375,-908.8790283203125,-965.318115234375,-865.4761962890625,-932.5224609375,-1052.5799560546875,-820.848876953125,-842.069580078125,-915.6968994140625,-1024.729736328125,-1032.15087890625,-1261.5887451171875,-1092.5693359375,-1153.69677734375,-1101.4757080078125,-1158.8533935546875,-1222.9005126953125,-1139.9696044921875,-1035.410400390625,-1077.4569091796875,-1033.9632568359375,-1086.1668701171875,-981.9466552734375,-859.173095703125,-1113.6522216796875,-979.4813232421875,-928.910888671875,-1071.36181640625,-827.1629638671875,-866.0810546875,-957.93994140625,-925.4769287109375,-945.279541015625,-872.9410400390625,-928.6826171875,-842.034423828125,-889.02880859375,-814.38671875,-868.818115234375,-857.9554443359375,-813.1177978515625,-843.3062744140625,-664.47802734375,-561.635986328125,-596.3626708984375,-695.512939453125,-437.81500244140625,-518.9171752929688,-440.4586181640625,-340.94012451171875,-390.348876953125,-321.952392578125,-205.9161376953125,-213.18017578125,-264.7750244140625,-199.8525390625,-186.43402099609375,-319.89105224609375,-53.30645751953125,-17.5570068359375,-141.817138671875,-115.20721435546875,-68.45758056640625,20.82623291015625,-73.10693359375,-43.49554443359375,-8.88885498046875,-22.22149658203125,-20.831787109375,7.7734375,30.27642822265625,33.357177734375,-3.486968994140625,-16.984375
"S412",124.03274536132812,188.7945556640625,199.96466064453125,235.24560546875,224.64544677734375,162.05557250976562,211.85202026367188,123.03659057617188,166.1158447265625,250.1202850341797,268.4393615722656,269.21864318847656,276.6595001220703,262.2978057861328,281.5447998046875,285.08428955078125,278.03916931152344,279.12103271484375,267.0962371826172,254.63156127929688,255.704833984375,258.88087463378906,274.5155334472656,273.24046325683594,276.3515625,276.24786376953125,253.5868377685547,280.38929748535156,292.8948211669922,273.0726013183594,141.0460205078125,60.675628662109375,76.57113647460938,248.12646484375,254.41848754882812,251.08859252929688,217.85366821289062,279.43792724609375,255.28370666503906,224.88174438476562,198.14492797851562,211.55349731445312,155.89309692382812,155.47109985351562,61.7137451171875,90.59054565429688,26.3128662109375,-70.86529541015625,-89.7611083984375,-205.45513916015625,-277.95037841796875,-477.96734619140625,-481.2894287109375,-744.990478515625,-761.2135009765625,-833.697265625,-853.6942138671875,-972.5406494140625,-955.0206298828125,-906.2822265625,-886.032470703125,-940.5712890625,-1044.310302734375,-1139.33447265625,-1015.385986328125,-989.341552734375,-1152.6893310546875,-1094.3697509765625,-1091.0687255859375,-1316.7139892578125,-1115.6690673828125,-1183.514404296875,-1144.0648193359375,-1180.0780029296875,-1131.52490234375,-1363.0516357421875,-1408.1025390625,-1270.5679931640625,-1574.572021484375,-1292.9488525390625,-1260.4456787109375,-1360.43994140625,-1370.36572265625,-1257.789794921875,-1322.289306640625,-1183.09912109375,-1325.210205078125,-1122.319580078125,-1280.8526611328125,-1166.997314453125,-985.138671875,-1274.55322265625,-1157.0894775390625,-1174.5933837890625,-1263.7645263671875,-1361.3289794921875,-1253.3804931640625,-1272.1495361328125,-1216.86181640625,-1152.0084228515625,-1120.6942138671875,-1204.366943359375,-1036.7081298828125,-1123.9073486328125,-981.5286865234375,-1100.0452880859375,-1067.0821533203125,-1086.171630859375,-1047.8675537109375,-969.0372314453125,-825.125244140625,-896.31005859375,-823.501953125,-795.7864990234375,-683.904541015625,-594.22021484375,-519.1355590820312,-517.4163208007812,-392.82781982421875,-409.23492431640625,-402.29345703125,-337.894287109375,-317.927490234375,-270.7457275390625,-366.453369140625,-194.82147216796875,-182.59210205078125,-240.4166259765625,-214.42083740234375,-284.80023193359375,-144.02099609375,-206.54119873046875,-152.6824951171875,-171.08367919921875,-129.843017578125,-180.5523681640625,-197.911865234375,-122.59466552734375,-259.5596923828125,-241.5499267578125,-104.5648193359375
"S413",72.84524536132812,118.54632568359375,165.93252563476562,201.93695068359375,189.41152954101562,154.77081298828125,174.48794555664062,187.33865356445312,225.38729858398438,209.43133544921875,255.53607177734375,242.32937622070312,259.0213165283203,258.6084747314453,283.0105285644531,279.26072692871094,276.675048828125,261.6634979248047,243.71746826171875,260.1680145263672,264.737548828125,262.51988220214844,274.8526611328125,291.1558074951172,262.7617645263672,273.62818908691406,271.9978485107422,279.2986297607422,295.71690368652344,283.65838623046875,255.1624755859375,266.1244812011719,262.85107421875,261.0669708251953,270.0296630859375,249.29592895507812,213.36862182617188,271.88031005859375,248.11444091796875,218.50540161132812,195.45486450195312,215.49520874023438,177.25918579101562,132.178955078125,110.13238525390625,64.99139404296875,-31.1329345703125,-126.05511474609375,-123.74652099609375,-221.87261962890625,-229.93438720703125,-448.04150390625,-446.56622314453125,-700.406005859375,-707.2572021484375,-795.8883056640625,-721.02880859375,-834.8861083984375,-823.900146484375,-773.57568359375,-813.2611083984375,-784.6790771484375,-863.199462890625,-1097.803466796875,-884.808837890625,-936.244873046875,-970.7974853515625,-813.22314453125,-834.3076171875,-1044.512451171875,-978.8536376953125,-976.5240478515625,-897.004150390625,-999.830810546875,-951.5982666015625,-1511.1649169921875,-1162.38671875,-1020.18896484375,-1195.1171875,-994.1943359375,-975.8912353515625,-1113.7442626953125,-1138.244384765625,-931.400390625,-1056.791259765625,-1014.3922119140625,-1157.5113525390625,-959.9273681640625,-1078.9354248046875,-955.3218994140625,-844.549072265625,-1045.68017578125,-974.9998779296875,-950.5482177734375,-1005.873779296875,-1241.2205810546875,-1171.117431640625,-1118.3411865234375,-993.1925048828125,-883.903564453125,-888.8228759765625,-962.188720703125,-879.591064453125,-1106.1641845703125,-767.64990234375,-833.7813720703125,-875.2171630859375,-845.530029296875,-842.469970703125,-810.720947265625,-780.30126953125,-792.6427001953125,-764.4346923828125,-770.3505859375,-622.8050537109375,-544.387451171875,-506.09967041015625,-494.70196533203125,-349.67724609375,-454.5181884765625,-442.2236328125,-328.16064453125,-299.21795654296875,-261.70220947265625,-272.53204345703125,-224.24920654296875,-242.99810791015625,-237.36279296875,-274.0218505859375,-283.92535400390625,-195.89263916015625,-145.65838623046875,-149.11553955078125,-201.38330078125,-75.7816162109375,-184.46063232421875,-239.034423828125,-179.60748291015625,-297.6976318359375,-214.7177734375,-47.18048095703125
"S414",-Infinity,-Infinity,-Infinity,-Infinity,-Infinity,-Infinity,-Infinity,-Infinity,-Infinity,-Infinity,-Infinity,-Infinity,-Infinity,-Infinity,-Infinity,-Infinity,-Infinity,-Infinity,-Infinity,-Infinity,-Infinity,-Infinity,-Infinity,-Infinity,-Infinity,-Infinity,-Infinity,-Infinity,-Infinity,-Infinity,-Infinity,-Infinity,-Infinity,-Infinity,-Infinity,-Infinity,-Infinity,-Infinity,-Infinity,-Infinity,-Infinity,-Infinity,-Infinity,-Infinity,-Infinity,-Infinity,-Infinity,-Infinity,-Infinity,-Infinity,-Infinity,-Infinity,-Infinity,-Infinity,-Infinity,-Infinity,-Infinity,-Infinity,-Infinity,-Infinity,-Infinity,-Infinity,-Infinity,-Infinity,-Infinity,-Infinity,-Infinity,-Infinity,-Infinity,-Infinity,-Infinity,-Infinity,-Infinity,-Infinity,-Infinity,-Infinity,-Infinity,-Infinity,-Infinity,-Infinity,-Infinity,-Infinity,-Infinity,-Infinity,-Infinity,-Infinity,-Infinity,-Infinity,-Infinity,-Infinity,-Infinity,-Infinity,-Infinity,-Infinity,-Infinity,-Infinity,-Infinity,-Infinity,-Infinity,-Infinity,-Infinity,-Infinity,-Infinity,-Infinity,-Infinity,-Infinity,-Infinity,-Infinity,-Infinity,-Infinity,-Infinity,-Infinity,-Infinity,-Infinity,-Infinity,-Infinity,-Infinity,-Infinity,-Infinity,-Infinity,-Infinity,-Infinity,-Infinity,-Infinity,-Infinity,-Infinity,-Infinity,-Infinity,-Infinity,-Infinity,-Infinity,-Infinity,-Infinity,-Infinity,-Infinity,-Infinity,-Infinity,-Infinity,-Infinity,-Infinity,-Infinity
"S415",-Infinity,-Infinity,-Infinity,-Infinity,-Infinity,-Infinity,-Infinity,-Infinity,-Infinity,-Infinity,-Infinity,-Infinity,-Infinity,-Infinity,-Infinity,-Infinity,-Infinity,-Infinity,-Infinity,-Infinity,-Infinity,-Infinity,-Infinity,-Infinity,-Infinity,-Infinity,-Infinity,-Infinity,-Infinity,-Infinity,-Infinity,-Infinity,-Infinity,-Infinity,-Infinity,-Infinity,-Infinity,-Infinity,-Infinity,-Infinity,-Infinity,-Infinity,-Infinity,-Infinity,-Infinity,-Infinity,-Infinity,-Infinity,-Infinity,-Infinity,-Infinity,-Infinity,-Infinity,-Infinity,-Infinity,-Infinity,-Infinity,-Infinity,-Infinity,-Infinity,-Infinity,-Infinity,-Infinity,-Infinity,-Infinity,-Infinity,-Infinity,-Infinity,-Infinity,-Infinity,-Infinity,-Infinity,-Infinity,-Infinity,-Infinity,-Infinity,-Infinity,-Infinity,-Infinity,-Infinity,-Infinity,-Infinity,-Infinity,-Infinity,-Infinity,-Infinity,-Infinity,-Infinity,-Infinity,-Infinity,-Infinity,-Infinity,-Infinity,-Infinity,-Infinity,-Infinity,-Infinity,-Infinity,-Infinity,-Infinity,-Infinity,-Infinity,-Infinity,-Infinity,-Infinity,-Infinity,-Infinity,-Infinity,-Infinity,-Infinity,-Infinity,-Infinity,-Infinity,-Infinity,-Infinity,-Infinity,-Infinity,-Infinity,-Infinity,-Infinity,-Infinity,-Infinity,-Infinity,-Infinity,-Infinity,-Infinity,-Infinity,-Infinity,-Infinity,-Infinity,-Infinity,-Infinity,-Infinity,-Infinity,-Infinity,-Infinity,-Infinity,-Infinity,-Infinity,-Infinity,-Infinity
"S416",-Infinity,-Infinity,-Infinity,-Infinity,-Infinity,-Infinity,-Infinity,-Infinity,-Infinity,-Infinity,-Infinity,-Infinity,-Infinity,-Infinity,-Infinity,-Infinity,-Infinity,-Infinity,-Infinity,-Infinity,-Infinity,-Infinity,-Infinity,-Infinity,-Infinity,-Infinity,-Infinity,-Infinity,-Infinity,-Infinity,-Infinity,-Infinity,-Infinity,-Infinity,-Infinity,-Infinity,-Infinity,-Infinity,-Infinity,-Infinity,-Infinity,-Infinity,-Infinity,-Infinity,-Infinity,-Infinity,-Infinity,-Infinity,-Infinity,-Infinity,-Infinity,-Infinity,-Infinity,-Infinity,-Infinity,-Infinity,-Infinity,-Infinity,-Infinity,-Infinity,-Infinity,-Infinity,-Infinity,-Infinity,-Infinity,-Infinity,-Infinity,-Infinity,-Infinity,-Infinity,-Infinity,-Infinity,-Infinity,-Infinity,-Infinity,-Infinity,-Infinity,-Infinity,-Infinity,-Infinity,-Infinity,-Infinity,-Infinity,-Infinity,-Infinity,-Infinity,-Infinity,-Infinity,-Infinity,-Infinity,-Infinity,-Infinity,-Infinity,-Infinity,-Infinity,-Infinity,-Infinity,-Infinity,-Infinity,-Infinity,-Infinity,-Infinity,-Infinity,-Infinity,-Infinity,-Infinity,-Infinity,-Infinity,-Infinity,-Infinity,-Infinity,-Infinity,-Infinity,-Infinity,-Infinity,-Infinity,-Infinity,-Infinity,-Infinity,-Infinity,-Infinity,-Infinity,-Infinity,-Infinity,-Infinity,-Infinity,-Infinity,-Infinity,-Infinity,-Infinity,-Infinity,-Infinity,-Infinity,-Infinity,-Infinity,-Infinity,-Infinity,-Infinity,-Infinity,-Infinity,-Infinity
"S417",-Infinity,-Infinity,-Infinity,-Infinity,-Infinity,-Infinity,-Infinity,-Infinity,-Infinity,-Infinity,-Infinity,-Infinity,-Infinity,-Infinity,-Infinity,-Infinity,-Infinity,-Infinity,-Infinity,-Infinity,-Infinity,-Infinity,-Infinity,-Infinity,-Infinity,-Infinity,-Infinity,-Infinity,-Infinity,-Infinity,-Infinity,-Infinity,-Infinity,-Infinity,-Infinity,-Infinity,-Infinity,-Infinity,-Infinity,-Infinity,-Infinity,-Infinity,-Infinity,-Infinity,-Infinity,-Infinity,-Infinity,-Infinity,-Infinity,-Infinity,-Infinity,-Infinity,-Infinity,-Infinity,-Infinity,-Infinity,-Infinity,-Infinity,-Infinity,-Infinity,-Infinity,-Infinity,-Infinity,-Infinity,-Infinity,-Infinity,-Infinity,-Infinity,-Infinity,-Infinity,-Infinity,-Infinity,-Infinity,-Infinity,-Infinity,-Infinity,-Infinity,-Infinity,-Infinity,-Infinity,-Infinity,-Infinity,-Infinity,-Infinity,-Infinity,-Infinity,-Infinity,-Infinity,-Infinity,-Infinity,-Infinity,-Infinity,-Infinity,-Infinity,-Infinity,-Infinity,-Infinity,-Infinity,-Infinity,-Infinity,-Infinity,-Infinity,-Infinity,-Infinity,-Infinity,-Infinity,-Infinity,-Infinity,-Infinity,-Infinity,-Infinity,-Infinity,-Infinity,-Infinity,-Infinity,-Infinity,-Infinity,-Infinity,-Infinity,-Infinity,-Infinity,-Infinity,-Infinity,-Infinity,-Infinity,-Infinity,-Infinity,-Infinity,-Infinity,-Infinity,-Infinity,-Infinity,-Infinity,-Infinity,-Infinity,-Infinity,-Infinity,-Infinity,-Infinity,-Infinity,-Infinity
"S418",-Infinity,-Infinity,-Infinity,-Infinity,-Infinity,-Infinity,-Infinity,-Infinity,-Infinity,-Infinity,-Infinity,-Infinity,-Infinity,-Infinity,-Infinity,-Infinity,-Infinity,-Infinity,-Infinity,-Infinity,-Infinity,-Infinity,-Infinity,-Infinity,-Infinity,-Infinity,-Infinity,-Infinity,-Infinity,-Infinity,-Infinity,-Infinity,-Infinity,-Infinity,-Infinity,-Infinity,-Infinity,-Infinity,-Infinity,-Infinity,-Infinity,-Infinity,-Infinity,-Infinity,-Infinity,-Infinity,-Infinity,-Infinity,-Infinity,-Infinity,-Infinity,-Infinity,-Infinity,-Infinity,-Infinity,-Infinity,-Infinity,-Infinity,-Infinity,-Infinity,-Infinity,-Infinity,-Infinity,-Infinity,-Infinity,-Infinity,-Infinity,-Infinity,-Infinity,-Infinity,-Infinity,-Infinity,-Infinity,-Infinity,-Infinity,-Infinity,-Infinity,-Infinity,-Infinity,-Infinity,-Infinity,-Infinity,-Infinity,-Infinity,-Infinity,-Infinity,-Infinity,-Infinity,-Infinity,-Infinity,-Infinity,-Infinity,-Infinity,-Infinity,-Infinity,-Infinity,-Infinity,-Infinity,-Infinity,-Infinity,-Infinity,-Infinity,-Infinity,-Infinity,-Infinity,-Infinity,-Infinity,-Infinity,-Infinity,-Infinity,-Infinity,-Infinity,-Infinity,-Infinity,-Infinity,-Infinity,-Infinity,-Infinity,-Infinity,-Infinity,-Infinity,-Infinity,-Infinity,-Infinity,-Infinity,-Infinity,-Infinity,-Infinity,-Infinity,-Infinity,-Infinity,-Infinity,-Infinity,-Infinity,-Infinity,-Infinity,-Infinity,-Infinity,-Infinity,-Infinity,-Infinity
"S419",-Infinity,-Infinity,-Infinity,-Infinity,-Infinity,-Infinity,-Infinity,-Infinity,-Infinity,-Infinity,-Infinity,-Infinity,-Infinity,-Infinity,-Infinity,-Infinity,-Infinity,-Infinity,-Infinity,-Infinity,-Infinity,-Infinity,-Infinity,-Infinity,-Infinity,-Infinity,-Infinity,-Infinity,-Infinity,-Infinity,-Infinity,-Infinity,-Infinity,-Infinity,-Infinity,-Infinity,-Infinity,-Infinity,-Infinity,-Infinity,-Infinity,-Infinity,-Infinity,-Infinity,-Infinity,-Infinity,-Infinity,-Infinity,-Infinity,-Infinity,-Infinity,-Infinity,-Infinity,-Infinity,-Infinity,-Infinity,-Infinity,-Infinity,-Infinity,-Infinity,-Infinity,-Infinity,-Infinity,-Infinity,-Infinity,-Infinity,-Infinity,-Infinity,-Infinity,-Infinity,-Infinity,-Infinity,-Infinity,-Infinity,-Infinity,-Infinity,-Infinity,-Infinity,-Infinity,-Infinity,-Infinity,-Infinity,-Infinity,-Infinity,-Infinity,-Infinity,-Infinity,-Infinity,-Infinity,-Infinity,-Infinity,-Infinity,-Infinity,-Infinity,-Infinity,-Infinity,-Infinity,-Infinity,-Infinity,-Infinity,-Infinity,-Infinity,-Infinity,-Infinity,-Infinity,-Infinity,-Infinity,-Infinity,-Infinity,-Infinity,-Infinity,-Infinity,-Infinity,-Infinity,-Infinity,-Infinity,-Infinity,-Infinity,-Infinity,-Infinity,-Infinity,-Infinity,-Infinity,-Infinity,-Infinity,-Infinity,-Infinity,-Infinity,-Infinity,-Infinity,-Infinity,-Infinity,-Infinity,-Infinity,-Infinity,-Infinity,-Infinity,-Infinity,-Infinity,-Infinity,-Infinity
"S420",-Infinity,-Infinity,-Infinity,-Infinity,-Infinity,-Infinity,-Infinity,-Infinity,-Infinity,-Infinity,-Infinity,-Infinity,-Infinity,-Infinity,-Infinity,-Infinity,-Infinity,-Infinity,-Infinity,-Infinity,-Infinity,-Infinity,-Infinity,-Infinity,-Infinity,-Infinity,-Infinity,-Infinity,-Infinity,-Infinity,-Infinity,-Infinity,-Infinity,-Infinity,-Infinity,-Infinity,-Infinity,-Infinity,-Infinity,-Infinity,-Infinity,-Infinity,-Infinity,-Infinity,-Infinity,-Infinity,-Infinity,-Infinity,-Infinity,-Infinity,-Infinity,-Infinity,-Infinity,-Infinity,-Infinity,-Infinity,-Infinity,-Infinity,-Infinity,-Infinity,-Infinity,-Infinity,-Infinity,-Infinity,-Infinity,-Infinity,-Infinity,-Infinity,-Infinity,-Infinity,-Infinity,-Infinity,-Infinity,-Infinity,-Infinity,-Infinity,-Infinity,-Infinity,-Infinity,-Infinity,-Infinity,-Infinity,-Infinity,-Infinity,-Infinity,-Infinity,-Infinity,-Infinity,-Infinity,-Infinity,-Infinity,-Infinity,-Infinity,-Infinity,-Infinity,-Infinity,-Infinity,-Infinity,-Infinity,-Infinity,-Infinity,-Infinity,-Infinity,-Infinity,-Infinity,-Infinity,-Infinity,-Infinity,-Infinity,-Infinity,-Infinity,-Infinity,-Infinity,-Infinity,-Infinity,-Infinity,-Infinity,-Infinity,-Infinity,-Infinity,-Infinity,-Infinity,-Infinity,-Infinity,-Infinity,-Infinity,-Infinity,-Infinity,-Infinity,-Infinity,-Infinity,-Infinity,-Infinity,-Infinity,-Infinity,-Infinity,-Infinity,-Infinity,-Infinity,-Infinity,-Infinity
"S421",-Infinity,-Infinity,-Infinity,-Infinity,-Infinity,-Infinity,-Infinity,-Infinity,-Infinity,-Infinity,-Infinity,-Infinity,-Infinity,-Infinity,-Infinity,-Infinity,-Infinity,-Infinity,-Infinity,-Infinity,-Infinity,-Infinity,-Infinity,-Infinity,-Infinity,-Infinity,-Infinity,-Infinity,-Infinity,-Infinity,-Infinity,-Infinity,-Infinity,-Infinity,-Infinity,-Infinity,-Infinity,-Infinity,-Infinity,-Infinity,-Infinity,-Infinity,-Infinity,-Infinity,-Infinity,-Infinity,-Infinity,-Infinity,-Infinity,-Infinity,-Infinity,-Infinity,-Infinity,-Infinity,-Infinity,-Infinity,-Infinity,-Infinity,-Infinity,-Infinity,-Infinity,-Infinity,-Infinity,-Infinity,-Infinity,-Infinity,-Infinity,-Infinity,-Infinity,-Infinity,-Infinity,-Infinity,-Infinity,-Infinity,-Infinity,-Infinity,-Infinity,-Infinity,-Infinity,-Infinity,-Infinity,-Infinity,-Infinity,-Infinity,-Infinity,-Infinity,-Infinity,-Infinity,-Infinity,-Infinity,-Infinity,-Infinity,-Infinity,-Infinity,-Infinity,-Infinity,-Infinity,-Infinity,-Infinity,-Infinity,-Infinity,-Infinity,-Infinity,-Infinity,-Infinity,-Infinity,-Infinity,-Infinity,-Infinity,-Infinity,-Infinity,-Infinity,-Infinity,-Infinity,-Infinity,-Infinity,-Infinity,-Infinity,-Infinity,-Infinity,-Infinity,-Infinity,-Infinity,-Infinity,-Infinity,-Infinity,-Infinity,-Infinity,-Infinity,-Infinity,-Infinity,-Infinity,-Infinity,-Infinity,-Infinity,-Infinity,-Infinity,-Infinity,-Infinity,-Infinity,-Infinity
"S422",-Infinity,-Infinity,-Infinity,-Infinity,-Infinity,-Infinity,-Infinity,-Infinity,-Infinity,-Infinity,-Infinity,-Infinity,-Infinity,-Infinity,-Infinity,-Infinity,-Infinity,-Infinity,-Infinity,-Infinity,-Infinity,-Infinity,-Infinity,-Infinity,-Infinity,-Infinity,-Infinity,-Infinity,-Infinity,-Infinity,-Infinity,-Infinity,-Infinity,-Infinity,-Infinity,-Infinity,-Infinity,-Infinity,-Infinity,-Infinity,-Infinity,-Infinity,-Infinity,-Infinity,-Infinity,-Infinity,-Infinity,-Infinity,-Infinity,-Infinity,-Infinity,-Infinity,-Infinity,-Infinity,-Infinity,-Infinity,-Infinity,-Infinity,-Infinity,-Infinity,-Infinity,-Infinity,-Infinity,-Infinity,-Infinity,-Infinity,-Infinity,-Infinity,-Infinity,-Infinity,-Infinity,-Infinity,-Infinity,-Infinity,-Infinity,-Infinity,-Infinity,-Infinity,-Infinity,-Infinity,-Infinity,-Infinity,-Infinity,-Infinity,-Infinity,-Infinity,-Infinity,-Infinity,-Infinity,-Infinity,-Infinity,-Infinity,-Infinity,-Infinity,-Infinity,-Infinity,-Infinity,-Infinity,-Infinity,-Infinity,-Infinity,-Infinity,-Infinity,-Infinity,-Infinity,-Infinity,-Infinity,-Infinity,-Infinity,-Infinity,-Infinity,-Infinity,-Infinity,-Infinity,-Infinity,-Infinity,-Infinity,-Infinity,-Infinity,-Infinity,-Infinity,-Infinity,-Infinity,-Infinity,-Infinity,-Infinity,-Infinity,-Infinity,-Infinity,-Infinity,-Infinity,-Infinity,-Infinity,-Infinity,-Infinity,-Infinity,-Infinity,-Infinity,-Infinity,-Infinity,-Infinity
"S423",-Infinity,-Infinity,-Infinity,-Infinity,-Infinity,-Infinity,-Infinity,-Infinity,-Infinity,-Infinity,-Infinity,-Infinity,-Infinity,-Infinity,-Infinity,-Infinity,-Infinity,-Infinity,-Infinity,-Infinity,-Infinity,-Infinity,-Infinity,-Infinity,-Infinity,-Infinity,-Infinity,-Infinity,-Infinity,-Infinity,-Infinity,-Infinity,-Infinity,-Infinity,-Infinity,-Infinity,-Infinity,-Infinity,-Infinity,-Infinity,-Infinity,-Infinity,-Infinity,-Infinity,-Infinity,-Infinity,-Infinity,-Infinity,-Infinity,-Infinity,-Infinity,-Infinity,-Infinity,-Infinity,-Infinity,-Infinity,-Infinity,-Infinity,-Infinity,-Infinity,-Infinity,-Infinity,-Infinity,-Infinity,-Infinity,-Infinity,-Infinity,-Infinity,-Infinity,-Infinity,-Infinity,-Infinity,-Infinity,-Infinity,-Infinity,-Infinity,-Infinity,-Infinity,-Infinity,-Infinity,-Infinity,-Infinity,-Infinity,-Infinity,-Infinity,-Infinity,-Infinity,-Infinity,-Infinity,-Infinity,-Infinity,-Infinity,-Infinity,-Infinity,-Infinity,-Infinity,-Infinity,-Infinity,-Infinity,-Infinity,-Infinity,-Infinity,-Infinity,-Infinity,-Infinity,-Infinity,-Infinity,-Infinity,-Infinity,-Infinity,-Infinity,-Infinity,-Infinity,-Infinity,-Infinity,-Infinity,-Infinity,-Infinity,-Infinity,-Infinity,-Infinity,-Infinity,-Infinity,-Infinity,-Infinity,-Infinity,-Infinity,-Infinity,-Infinity,-Infinity,-Infinity,-Infinity,-Infinity,-Infinity,-Infinity,-Infinity,-Infinity,-Infinity,-Infinity,-Infinity,-Infinity
"S424",-Infinity,-Infinity,-Infinity,-Infinity,-Infinity,-Infinity,-Infinity,-Infinity,-Infinity,-Infinity,-Infinity,-Infinity,-Infinity,-Infinity,-Infinity,-Infinity,-Infinity,-Infinity,-Infinity,-Infinity,-Infinity,-Infinity,-Infinity,-Infinity,-Infinity,-Infinity,-Infinity,-Infinity,-Infinity,-Infinity,-Infinity,-Infinity,-Infinity,-Infinity,-Infinity,-Infinity,-Infinity,-Infinity,-Infinity,-Infinity,-Infinity,-Infinity,-Infinity,-Infinity,-Infinity,-Infinity,-Infinity,-Infinity,-Infinity,-Infinity,-Infinity,-Infinity,-Infinity,-Infinity,-Infinity,-Infinity,-Infinity,-Infinity,-Infinity,-Infinity,-Infinity,-Infinity,-Infinity,-Infinity,-Infinity,-Infinity,-Infinity,-Infinity,-Infinity,-Infinity,-Infinity,-Infinity,-Infinity,-Infinity,-Infinity,-Infinity,-Infinity,-Infinity,-Infinity,-Infinity,-Infinity,-Infinity,-Infinity,-Infinity,-Infinity,-Infinity,-Infinity,-Infinity,-Infinity,-Infinity,-Infinity,-Infinity,-Infinity,-Infinity,-Infinity,-Infinity,-Infinity,-Infinity,-Infinity,-Infinity,-Infinity,-Infinity,-Infinity,-Infinity,-Infinity,-Infinity,-Infinity,-Infinity,-Infinity,-Infinity,-Infinity,-Infinity,-Infinity,-Infinity,-Infinity,-Infinity,-Infinity,-Infinity,-Infinity,-Infinity,-Infinity,-Infinity,-Infinity,-Infinity,-Infinity,-Infinity,-Infinity,-Infinity,-Infinity,-Infinity,-Infinity,-Infinity,-Infinity,-Infinity,-Infinity,-Infinity,-Infinity,-Infinity,-Infinity,-Infinity,-Infinity
"S425",-Infinity,-Infinity,-Infinity,-Infinity,-Infinity,-Infinity,-Infinity,-Infinity,-Infinity,-Infinity,-Infinity,-Infinity,-Infinity,-Infinity,-Infinity,-Infinity,-Infinity,-Infinity,-Infinity,-Infinity,-Infinity,-Infinity,-Infinity,-Infinity,-Infinity,-Infinity,-Infinity,-Infinity,-Infinity,-Infinity,-Infinity,-Infinity,-Infinity,-Infinity,-Infinity,-Infinity,-Infinity,-Infinity,-Infinity,-Infinity,-Infinity,-Infinity,-Infinity,-Infinity,-Infinity,-Infinity,-Infinity,-Infinity,-Infinity,-Infinity,-Infinity,-Infinity,-Infinity,-Infinity,-Infinity,-Infinity,-Infinity,-Infinity,-Infinity,-Infinity,-Infinity,-Infinity,-Infinity,-Infinity,-Infinity,-Infinity,-Infinity,-Infinity,-Infinity,-Infinity,-Infinity,-Infinity,-Infinity,-Infinity,-Infinity,-Infinity,-Infinity,-Infinity,-Infinity,-Infinity,-Infinity,-Infinity,-Infinity,-Infinity,-Infinity,-Infinity,-Infinity,-Infinity,-Infinity,-Infinity,-Infinity,-Infinity,-Infinity,-Infinity,-Infinity,-Infinity,-Infinity,-Infinity,-Infinity,-Infinity,-Infinity,-Infinity,-Infinity,-Infinity,-Infinity,-Infinity,-Infinity,-Infinity,-Infinity,-Infinity,-Infinity,-Infinity,-Infinity,-Infinity,-Infinity,-Infinity,-Infinity,-Infinity,-Infinity,-Infinity,-Infinity,-Infinity,-Infinity,-Infinity,-Infinity,-Infinity,-Infinity,-Infinity,-Infinity,-Infinity,-Infinity,-Infinity,-Infinity,-Infinity,-Infinity,-Infinity,-Infinity,-Infinity,-Infinity,-Infinity,-Infinity
"S426",293.12315368652344,273.61476135253906,266.1244659423828,302.1607971191406,198.86749267578125,338.79869079589844,333.0074462890625,332.6341552734375,326.3126220703125,350.96453857421875,352.47991943359375,353.780517578125,354.92958068847656,355.9009552001953,356.46075439453125,356.90814208984375,357.2325134277344,357.3955078125,357.4377746582031,297.1075897216797,357.222900390625,356.94720458984375,356.6293029785156,356.14881896972656,355.61424255371094,354.8551330566406,354.0045166015625,352.9903259277344,351.7671203613281,350.34934997558594,348.64613342285156,346.724609375,344.5529479980469,342.12318420410156,339.36830139160156,336.3216094970703,332.9271697998047,329.22998046875,325.2581481933594,321.0091247558594,316.37025451660156,311.49192810058594,306.3837127685547,295.5606689453125,295.30552673339844,275.0787811279297,274.2493438720703,234.07025146484375,184.44845581054688,190.1796875,113.72756958007812,181.608154296875,141.49176025390625,44.74658203125,77.82693481445312,129.56802368164062,136.06884765625,122.140625,154.33767700195312,124.349853515625,109.31423950195312,116.75543212890625,63.788055419921875,32.960906982421875,96.656982421875,126.69290161132812,115.4510498046875,91.122802734375,86.72683715820312,80.4097900390625,68.34381103515625,56.275604248046875,44.405120849609375,32.97613525390625,21.84454345703125,10.64263916015625,-0.399505615234375,-11.0789794921875,-21.2236328125,-31.10821533203125,-40.56610107421875,-49.61553955078125,-58.3427734375,-66.5906982421875,-73.86285400390625,-80.70465087890625,-87.35076904296875,-93.23980712890625,-98.70025634765625,-103.2939453125,-107.55218505859375,-110.8948974609375,-113.4393310546875,-115.28472900390625,-116.26263427734375,-132.78173828125,-115.4273681640625,-113.8428955078125,-110.93743896484375,-107.06439208984375,-102.51629638671875,-97.307861328125,-91.07464599609375,-84.17218017578125,-76.3138427734375,-68.1220703125,-59.6480712890625,-50.6719970703125,-41.43292236328125,-31.53765869140625,-21.07476806640625,-10.461639404296875,0.430816650390625,11.65545654296875,22.803070068359375,34.6168212890625,46.4798583984375,58.4669189453125,70.6026611328125,18.710113525390625,95.56842041015625,108.224365234375,121.01608276367188,133.45492553710938,145.47982788085938,157.849365234375,169.92630004882812,181.414794921875,192.52081298828125,203.41787719726562,213.51870727539062,170.8048095703125,147.10134887695312,136.3466796875,148.04922485351562,171.50628662109375,197.35687255859375,229.26266479492188,211.26751708984375,203.40228271484375,184.3673095703125
"S427",298.4651794433594,289.09100341796875,211.7510986328125,286.8445587158203,123.44384765625,331.25787353515625,345.12315368652344,347.4201354980469,328.5465850830078,350.96453857421875,351.19435119628906,353.780517578125,354.92958068847656,355.9009552001953,356.46075439453125,356.90814208984375,357.2325134277344,357.3955078125,357.4377746582031,248.5902557373047,357.222900390625,356.94720458984375,356.6293029785156,356.14881896972656,355.61424255371094,354.8551330566406,354.0045166015625,352.9903259277344,351.7671203613281,350.34934997558594,348.64613342285156,346.724609375,344.5529479980469,342.12318420410156,339.36830139160156,336.3216094970703,332.9271697998047,329.22998046875,325.2581481933594,321.0091247558594,316.37025451660156,311.49192810058594,291.0077667236328,248.91810607910156,292.1815948486328,226.16720581054688,235.64486694335938,206.3546142578125,134.21978759765625,118.89456176757812,50.40692138671875,111.53427124023438,26.070281982421875,-86.795654296875,40.99725341796875,44.943145751953125,57.026153564453125,59.354705810546875,69.23333740234375,40.955902099609375,22.97576904296875,34.23095703125,-80.2633056640625,-117.4681396484375,-19.46392822265625,73.50796508789062,60.776580810546875,-9.17547607421875,16.368072509765625,40.809661865234375,47.951690673828125,27.74444580078125,-53.5513916015625,32.97613525390625,21.84454345703125,5.180999755859375,-0.399505615234375,-11.0789794921875,-21.2236328125,-43.835205078125,-40.56610107421875,-49.61553955078125,-93.59844970703125,-66.5906982421875,-73.86285400390625,-80.70465087890625,-87.35076904296875,-93.23980712890625,-98.70025634765625,-103.2939453125,-119.5545654296875,-110.8948974609375,-113.4393310546875,-115.28472900390625,-116.26263427734375,-194.48388671875,-238.82342529296875,-113.8428955078125,-134.57537841796875,-187.454833984375,-102.51629638671875,-97.307861328125,-91.07464599609375,-84.17218017578125,-76.3138427734375,-68.1220703125,-59.6480712890625,-78.07958984375,-114.034912109375,-31.53765869140625,-59.19732666015625,-105.41961669921875,-22.251953125,-44.719482421875,-47.24169921875,9.873260498046875,19.688446044921875,22.317169189453125,46.22314453125,4.89996337890625,95.56842041015625,33.97760009765625,116.9927978515625,82.9881591796875,100.82553100585938,140.56619262695312,152.21810913085938,153.26004028320312,148.048828125,155.95980834960938,178.58145141601562,130.43496704101562,120.45553588867188,137.15524291992188,127.96914672851562,206.03695678710938,156.92807006835938,222.40936279296875,177.57742309570312,177.23492431640625,178.87991333007812
"S428",82.99978637695312,-19.47314453125,40.8421630859375,38.679229736328125,70.818115234375,154.15744018554688,207.1087646484375,229.7254638671875,187.05239868164062,210.5723876953125,255.53126525878906,207.95986938476562,155.852783203125,259.93988037109375,215.15036010742188,205.72735595703125,247.1182861328125,230.73611450195312,205.86795043945312,268.6247100830078,201.9625244140625,221.5880126953125,249.0984649658203,208.29598999023438,234.8521728515625,250.1294708251953,244.7152099609375,250.12860107421875,303.39100646972656,253.01747131347656,269.77459716796875,286.60870361328125,237.06747436523438,230.66082763671875,267.01776123046875,245.7504119873047,158.01235961914062,96.506591796875,186.42791748046875,155.31039428710938,81.87857055664062,-41.12579345703125,-362.03326416015625,-100.724853515625,-357.762451171875,-547.236328125,-630.6282958984375,-801.0191650390625,-1396.0274658203125,-1390.2857666015625,-1884.9013671875,-1688.201904296875,-2058.50537109375,-1931.435302734375,-1941.87353515625,-2051.72607421875,-2259.4287109375,-1865.23828125,-1782.3310546875,-1693.006103515625,-1507.3468017578125,-1600.995849609375,-1673.0791015625,-1701.581298828125,-1629.92626953125,-1682.5537109375,-1326.9754638671875,-1338.52685546875,-1526.333251953125,-1673.2138671875,-1743.063232421875,-1359.1019287109375,-2200.6962890625,-2303.014892578125,-2069.33740234375,-2657.79296875,-1989.24365234375,-2018.020263671875,-1732.916748046875,-1784.19921875,-1819.93017578125,-2221.982666015625,-1875.904296875,-1741.1826171875,-1681.605224609375,-1930.315673828125,-2005.229736328125,-1943.623046875,-1742.614990234375,-1916.807861328125,-1493.6531982421875,-1575.263427734375,-1953.552734375,-2054.20556640625,-1808.1962890625,-1510.2808837890625,-1817.205322265625,-1691.552001953125,-1862.818115234375,-2275.58056640625,-2037.746826171875,-1933.32666015625,-2176.55517578125,-1812.2294921875,-2188.82763671875,-2542.292236328125,-2529.958740234375,-2272.46337890625,-2304.6181640625,-2321.928466796875,-3307.218017578125,-2604.65869140625,-2838.90673828125,-2183.569091796875,-2316.941162109375,-1817.9345703125,-1651.366943359375,-1807.1572265625,-1451.8743896484375,-1111.8819580078125,-796.618896484375,-1074.8209228515625,-696.658935546875,-908.0035400390625,-796.3001708984375,-369.8240966796875,-325.71856689453125,-489.6728515625,-708.4375,-371.5606689453125,-213.42926025390625,-342.416748046875,-450.17059326171875,-343.21881103515625,-160.67462158203125,-104.9317626953125,-75.55670166015625,-88.09716796875,-99.820556640625,-182.00543212890625,-225.32098388671875
"S429",207.21151733398438,243.18716430664062,197.88275146484375,123.15634155273438,204.48028564453125,187.068603515625,209.77157592773438,259.9031982421875,214.66162109375,208.84225463867188,244.63302612304688,189.25918579101562,169.6090087890625,214.37692260742188,107.138427734375,192.17608642578125,240.29110717773438,160.4859619140625,234.19699096679688,197.53326416015625,219.73846435546875,244.03880310058594,217.53463745117188,195.94210815429688,223.28759765625,255.4602508544922,272.0184020996094,311.08311462402344,317.91957092285156,166.17584228515625,241.60784912109375,365.83946228027344,350.99462890625,370.15370178222656,368.8969268798828,364.83750915527344,365.1291046142578,351.2607116699219,353.32228088378906,325.17144775390625,309.8885803222656,273.892578125,248.20228576660156,226.62081909179688,241.16104125976562,163.02020263671875,149.92266845703125,46.6339111328125,-122.2685546875,-142.407958984375,-240.41864013671875,-395.97344970703125,-440.00958251953125,-543.4044189453125,-794.0303955078125,-865.3651123046875,-873.337890625,-786.5418701171875,-955.264404296875,-795.8800048828125,-840.1798095703125,-903.4521484375,-916.93505859375,-1305.71044921875,-1049.010498046875,-957.6781005859375,-930.8634033203125,-871.72021484375,-947.26904296875,-1216.811279296875,-1070.1690673828125,-1002.787841796875,-1145.9573974609375,-1124.35302734375,-1012.17333984375,-1145.525390625,-1062.546630859375,-1055.764404296875,-949.1939697265625,-915.5343017578125,-1089.836669921875,-945.1800537109375,-1141.0234375,-1119.1529541015625,-1102.2520751953125,-1271.24658203125,-1069.3724365234375,-1242.377685546875,-1050.527099609375,-1218.6243896484375,-1018.6361083984375,-1342.2529296875,-1031.85791015625,-999.0390625,-1049.6964111328125,-999.905517578125,-1142.6033935546875,-1001.7686767578125,-1590.363037109375,-1136.276123046875,-1379.87255859375,-1064.58740234375,-1153.56396484375,-1025.325439453125,-1014.724853515625,-1076.7852783203125,-1144.6854248046875,-1053.6044921875,-972.7156982421875,-899.208740234375,-947.647216796875,-872.0262451171875,-935.947509765625,-710.7318115234375,-701.718994140625,-783.4266357421875,-706.5042724609375,-451.0601806640625,-375.97705078125,-517.3038940429688,-607.1533203125,-560.489013671875,-341.50384521484375,-257.71160888671875,-250.6790771484375,-150.18426513671875,-107.66839599609375,-190.53338623046875,-122.044677734375,-0.092376708984375,27.615875244140625,-3.28466796875,-188.03399658203125,3.9256591796875,47.9776611328125,104.46298217773438,114.14407348632812,93.18179321289062,78.7957763671875,98.7286376953125,138.66732788085938
"S430",360.3675842285156,363.17909240722656,365.9173583984375,368.48533630371094,370.8004150390625,373.0521011352539,375.00513458251953,376.81658935546875,373.70361328125,379.7079772949219,380.9222869873047,380.94347381591797,382.92320251464844,383.68592834472656,371.3067932128906,380.70542907714844,384.7794494628906,384.88253021240234,384.9386520385742,379.9363098144531,384.77062225341797,384.55043029785156,384.2841262817383,383.9148406982422,383.47607421875,382.8695983886719,382.14241790771484,381.34558868408203,380.3461608886719,379.20177459716797,377.81873321533203,376.26087188720703,374.528564453125,372.59302520751953,370.3559875488281,367.86866760253906,365.1291046142578,362.1553955078125,358.9103698730469,355.50274658203125,351.7692565917969,347.8113555908203,343.7266845703125,335.3422546386719,313.2481994628906,298.62205505371094,258.6146240234375,203.17901611328125,143.46939086914062,109.46514892578125,52.229522705078125,-76.677001953125,-148.54193115234375,-343.4342041015625,-538.2799072265625,-670.6572265625,-582.0953369140625,-591.7542724609375,-593.146728515625,-570.739501953125,-678.6131591796875,-668.2781982421875,-594.8197021484375,-716.47802734375,-698.0606689453125,-722.966064453125,-704.3079833984375,-686.72412109375,-592.9091796875,-647.7900390625,-918.9378662109375,-689.2916259765625,-769.691650390625,-728.145751953125,-674.623779296875,-741.9072265625,-887.766357421875,-914.6910400390625,-735.4608154296875,-689.8074951171875,-673.6495361328125,-612.5904541015625,-741.4703369140625,-854.4132080078125,-893.8885498046875,-882.247314453125,-933.742431640625,-1029.9361572265625,-958.107421875,-853.2998046875,-796.9686279296875,-767.716796875,-749.062255859375,-665.290771484375,-708.1470947265625,-790.8907470703125,-729.56298828125,-756.5498046875,-830.3621826171875,-728.2010498046875,-762.9649658203125,-788.6004638671875,-756.8441162109375,-668.718994140625,-702.5501708984375,-685.734375,-713.098876953125,-627.8140869140625,-640.2247314453125,-515.6862182617188,-511.813232421875,-577.9244384765625,-451.74481201171875,-337.6025390625,-443.031982421875,-369.873779296875,-185.987548828125,-187.23388671875,-106.7286376953125,-55.75,-149.57666015625,-95.3572998046875,-0.747467041015625,-8.68341064453125,27.1729736328125,126.19622802734375,162.29025268554688,159.7139892578125,175.4471435546875,161.0728759765625,185.944091796875,191.38394165039062,203.67398071289062,187.45877075195312,221.41842651367188,250.1172637939453,235.34707641601562,267.9969940185547,263.81207275390625,255.26673889160156,290.06011962890625
"S431",299.4184875488281,363.17909240722656,365.9173583984375,368.48533630371094,345.21885681152344,373.0521011352539,366.68385314941406,376.81658935546875,378.3572082519531,379.7079772949219,380.9222869873047,381.9633331298828,382.92320251464844,383.68592834472656,384.1365509033203,384.4991149902344,384.7794494628906,384.88253021240234,384.9386520385742,384.86319732666016,384.77062225341797,384.55043029785156,384.2841262817383,383.9148406982422,383.47607421875,382.8695983886719,382.14241790771484,381.34558868408203,380.3461608886719,379.20177459716797,377.81873321533203,376.26087188720703,374.528564453125,372.59302520751953,370.3559875488281,367.86866760253906,365.1291046142578,362.1553955078125,358.9103698730469,355.50274658203125,351.7692565917969,347.8113555908203,341.1438903808594,328.39398193359375,318.55726623535156,281.4454040527344,215.62857055664062,216.19293212890625,122.93704223632812,80.56411743164062,99.08596801757812,-5.808319091796875,6.607208251953125,-132.011962890625,-139.8487548828125,-298.399658203125,-206.1185302734375,-140.26904296875,-127.5899658203125,-161.41351318359375,-334.80047607421875,-507.1649169921875,-168.51416015625,-258.837158203125,-371.35369873046875,-234.35919189453125,-186.36822509765625,-294.34967041015625,-196.90692138671875,-193.864501953125,-514.9747314453125,-271.35821533203125,-309.399658203125,-205.06353759765625,-174.49310302734375,-256.4073486328125,-265.8865966796875,-334.60040283203125,-390.1810302734375,-311.24853515625,-273.025634765625,-318.98907470703125,-347.82403564453125,-396.42437744140625,-421.0869140625,-376.81976318359375,-571.4151611328125,-378.00189208984375,-321.715087890625,-315.97235107421875,-206.203369140625,-250.75286865234375,-335.43707275390625,-188.6573486328125,-205.95111083984375,-166.951416015625,-250.176513671875,-253.25140380859375,-196.4610595703125,-215.77044677734375,-199.26885986328125,-178.74603271484375,-192.59197998046875,-126.45989990234375,-104.84490966796875,-121.2034912109375,-130.44281005859375,-74.3157958984375,-27.52496337890625,-18.22064208984375,-52.47735595703125,-78.35833740234375,-63.242431640625,87.00299072265625,40.57904052734375,82.3831787109375,135.19085693359375,144.85873413085938,154.60482788085938,164.53311157226562,174.68246459960938,184.9305419921875,195.177001953125,205.20639038085938,214.869384765625,224.83541870117188,234.56411743164062,243.74429321289062,252.720458984375,261.4501647949219,269.6428680419922,277.62693786621094,285.2707824707031,292.463134765625,299.26344299316406,305.76649475097656,308.78875732421875,311.2292175292969,316.0172424316406,253.7932586669922,333.0475769042969
"S432",231.51040649414062,316.1405792236328,320.4728546142578,330.13819885253906,304.712890625,332.3133544921875,313.1119079589844,293.2157440185547,315.71473693847656,339.26776123046875,351.1852264404297,365.11705017089844,345.04107666015625,367.6182861328125,358.206787109375,353.06321716308594,372.36187744140625,368.1224670410156,372.43489837646484,376.9914855957031,378.6477966308594,369.13804626464844,391.04174041748047,378.12706756591797,372.7171936035156,381.4861145019531,375.8414001464844,378.82006072998047,388.2987060546875,383.7329635620117,344.2737274169922,327.78993225097656,325.9645538330078,369.6542053222656,375.21397399902344,378.7128372192383,372.3072738647461,382.66004180908203,362.6151580810547,326.19422912597656,342.09613037109375,347.75244140625,297.39561462402344,286.07362365722656,268.060791015625,261.47283935546875,165.87335205078125,140.98284912109375,111.03997802734375,3.740203857421875,18.758087158203125,-129.04638671875,-80.6778564453125,-225.51580810546875,-257.3953857421875,-337.7568359375,-372.81585693359375,-303.01092529296875,-301.39276123046875,-326.48419189453125,-472.36529541015625,-579.0906982421875,-420.22955322265625,-507.27716064453125,-604.9927978515625,-434.97607421875,-453.7740478515625,-548.2874755859375,-459.06964111328125,-439.30828857421875,-435.67083740234375,-475.0079345703125,-451.962890625,-423.302734375,-421.53411865234375,-498.33428955078125,-506.11102294921875,-526.6263427734375,-700.9539794921875,-577.7003173828125,-572.22998046875,-657.5377197265625,-699.4324951171875,-693.1199951171875,-635.8048095703125,-563.2166748046875,-838.4764404296875,-523.6184692382812,-543.5223388671875,-464.88531494140625,-409.9725341796875,-507.31915283203125,-563.69091796875,-448.19732666015625,-453.63671875,-419.70062255859375,-477.2080078125,-503.3199462890625,-450.55938720703125,-464.0458984375,-442.36676025390625,-444.301025390625,-402.55133056640625,-354.22137451171875,-313.68609619140625,-354.5418701171875,-307.8653564453125,-300.98974609375,-274.57318115234375,-257.841064453125,-160.402587890625,-152.71875,-218.9488525390625,-103.1270751953125,-95.47125244140625,-65.86566162109375,-3.01959228515625,-18.61993408203125,5.201416015625,12.55908203125,47.631683349609375,91.86917114257812,80.940185546875,161.79876708984375,97.4263916015625,187.6190185546875,161.54437255859375,174.93280029296875,178.81884765625,160.40618896484375,206.746337890625,156.37823486328125,179.60772705078125,167.58108520507812,177.74224853515625,178.84552001953125,210.0745849609375,192.25021362304688,179.62637329101562,93.01513671875,194.7813720703125
"S433",175.96249389648438,211.75173950195312,199.99545288085938,256.9236297607422,241.54534912109375,195.5828857421875,239.25616455078125,185.3345947265625,220.77560424804688,251.8542022705078,259.90374755859375,282.74147033691406,285.48728942871094,248.37037658691406,288.43955993652344,288.57501220703125,261.1298522949219,302.07228088378906,299.5448760986328,279.1278076171875,298.4923095703125,292.5089569091797,296.15821838378906,305.932373046875,308.4540710449219,299.12890625,293.2095184326172,318.53504943847656,314.2925262451172,315.1183319091797,267.408447265625,244.391357421875,224.87744140625,293.2341613769531,279.9954833984375,288.76715087890625,267.21331787109375,307.68589782714844,280.2647399902344,256.8137512207031,231.64398193359375,231.28640747070312,197.3927001953125,144.92236328125,128.62362670898438,113.87384033203125,23.99072265625,-97.74957275390625,-83.68743896484375,-231.69091796875,-257.771240234375,-430.0283203125,-459.47412109375,-678.8919677734375,-726.365966796875,-811.0833740234375,-845.2320556640625,-878.620361328125,-851.2796630859375,-885.895263671875,-876.2623291015625,-923.8624267578125,-958.0516357421875,-1037.4383544921875,-967.615478515625,-913.57861328125,-1079.6495361328125,-1077.3111572265625,-1096.09326171875,-1178.7403564453125,-992.221435546875,-1108.39404296875,-1011.7940673828125,-1085.3369140625,-1044.3621826171875,-1272.50634765625,-1311.5474853515625,-1212.6622314453125,-1404.260498046875,-1195.343994140625,-1170.6474609375,-1225.3583984375,-1287.232177734375,-1116.680419921875,-1174.400390625,-1136.5233154296875,-1223.7890625,-1015.0052490234375,-1112.7728271484375,-1001.4925537109375,-956.5408935546875,-1323.7496337890625,-1122.8353271484375,-1089.6490478515625,-1115.1893310546875,-1247.7288818359375,-1176.2357177734375,-1136.134033203125,-1052.8621826171875,-975.810791015625,-1025.2802734375,-1083.99658203125,-876.301025390625,-911.226318359375,-873.3818359375,-905.9287109375,-868.41796875,-899.448486328125,-821.4791259765625,-833.5767822265625,-699.3438720703125,-717.3575439453125,-604.6160888671875,-668.3837890625,-548.1103515625,-482.70489501953125,-431.47869873046875,-401.77142333984375,-312.7869873046875,-346.48876953125,-301.8089599609375,-170.34368896484375,-198.53338623046875,-148.0223388671875,-169.6806640625,-88.751220703125,-138.90679931640625,-93.64178466796875,-86.1015625,-208.63848876953125,-88.130859375,-83.5225830078125,-103.91925048828125,-150.9620361328125,-74.3795166015625,-77.348388671875,-104.16375732421875,-43.0921630859375,-148.24932861328125,-231.680908203125,-125.6015625
"S434",-45.50341796875,123.1307373046875,144.42874145507812,193.77783203125,180.33029174804688,151.53372192382812,211.10147094726562,154.64401245117188,214.21112060546875,221.24920654296875,223.81906127929688,243.16131591796875,264.6592254638672,229.56039428710938,278.1893005371094,275.20384216308594,256.36273193359375,209.9173583984375,152.869873046875,256.640869140625,268.7015838623047,235.2484130859375,248.16744995117188,283.51116943359375,235.73464965820312,221.54116821289062,238.8939208984375,254.02899169921875,262.7916259765625,245.6814422607422,262.5273132324219,229.14132690429688,235.70498657226562,228.13601684570312,179.2191162109375,206.58743286132812,54.4063720703125,133.276611328125,-38.42315673828125,-41.1590576171875,-44.87396240234375,-77.14501953125,-60.95703125,-71.43377685546875,-120.36077880859375,-257.30706787109375,-407.357177734375,-687.7515869140625,-779.783447265625,-817.2474365234375,-1040.7723388671875,-1374.396728515625,-1347.6402587890625,-1441.164794921875,-1649.06787109375,-1733.36474609375,-1547.5784912109375,-1562.248291015625,-1868.431884765625,-1810.384033203125,-1985.597412109375,-1911.3388671875,-1870.333251953125,-1975.149169921875,-2133.85009765625,-2005.94970703125,-2308.661865234375,-2314.92919921875,-2387.588623046875,-2023.025634765625,-1978.5361328125,-2075.383544921875,-1933.997314453125,-2225.729736328125,-1899.45361328125,-2219.46826171875,-2122.86962890625,-2155.624755859375,-2505.92138671875,-2488.3349609375,-2505.215087890625,-2221.255615234375,-2592.55615234375,-2281.93212890625,-2234.87158203125,-2175.08984375,-2262.12451171875,-2076.337890625,-2224.809814453125,-2073.07568359375,-2202.116455078125,-2363.037353515625,-2035.593994140625,-2083.64501953125,-2083.64111328125,-2303.466552734375,-2229.31982421875,-2055.431640625,-1962.22705078125,-1990.181396484375,-2188.482666015625,-2131.112060546875,-2059.37744140625,-2148.183837890625,-1952.5771484375,-1906.814453125,-1983.523193359375,-2111.507080078125,-2027.37451171875,-2176.141845703125,-1786.372314453125,-1255.1895751953125,-1415.709228515625,-1638.147705078125,-1431.7957763671875,-1205.88037109375,-1213.2113037109375,-1077.666259765625,-984.140380859375,-997.2467041015625,-782.4759521484375,-706.8408203125,-610.6787109375,-455.45904541015625,-554.4210205078125,-421.0660400390625,-344.5877685546875,-423.5728759765625,-468.17108154296875,-350.8328857421875,-381.15325927734375,-283.1485595703125,-251.35882568359375,-272.63287353515625,-249.81549072265625,-225.3946533203125,-290.135986328125,-101.95941162109375,-75.301513671875,-161.54742431640625,-221.38140869140625
"S435",-Infinity,-Infinity,-Infinity,-Infinity,-Infinity,-Infinity,-Infinity,-Infinity,-Infinity,-Infinity,-Infinity,-Infinity,-Infinity,-Infinity,-Infinity,-Infinity,-Infinity,-Infinity,-Infinity,-Infinity,-Infinity,-Infinity,-Infinity,-Infinity,-Infinity,-Infinity,-Infinity,-Infinity,-Infinity,-Infinity,-Infinity,-Infinity,-Infinity,-Infinity,-Infinity,-Infinity,-Infinity,-Infinity,-Infinity,-Infinity,-Infinity,-Infinity,-Infinity,-Infinity,-Infinity,-Infinity,-Infinity,-Infinity,-Infinity,-Infinity,-Infinity,-Infinity,-Infinity,-Infinity,-Infinity,-Infinity,-Infinity,-Infinity,-Infinity,-Infinity,-Infinity,-Infinity,-Infinity,-Infinity,-Infinity,-Infinity,-Infinity,-Infinity,-Infinity,-Infinity,-Infinity,-Infinity,-Infinity,-Infinity,-Infinity,-Infinity,-Infinity,-Infinity,-Infinity,-Infinity,-Infinity,-Infinity,-Infinity,-Infinity,-Infinity,-Infinity,-Infinity,-Infinity,-Infinity,-Infinity,-Infinity,-Infinity,-Infinity,-Infinity,-Infinity,-Infinity,-Infinity,-Infinity,-Infinity,-Infinity,-Infinity,-Infinity,-Infinity,-Infinity,-Infinity,-Infinity,-Infinity,-Infinity,-Infinity,-Infinity,-Infinity,-Infinity,-Infinity,-Infinity,-Infinity,-Infinity,-Infinity,-Infinity,-Infinity,-Infinity,-Infinity,-Infinity,-Infinity,-Infinity,-Infinity,-Infinity,-Infinity,-Infinity,-Infinity,-Infinity,-Infinity,-Infinity,-Infinity,-Infinity,-Infinity,-Infinity,-Infinity,-Infinity,-Infinity,-Infinity,-Infinity
"S436",-Infinity,-Infinity,-Infinity,-Infinity,-Infinity,-Infinity,-Infinity,-Infinity,-Infinity,-Infinity,-Infinity,-Infinity,-Infinity,-Infinity,-Infinity,-Infinity,-Infinity,-Infinity,-Infinity,-Infinity,-Infinity,-Infinity,-Infinity,-Infinity,-Infinity,-Infinity,-Infinity,-Infinity,-Infinity,-Infinity,-Infinity,-Infinity,-Infinity,-Infinity,-Infinity,-Infinity,-Infinity,-Infinity,-Infinity,-Infinity,-Infinity,-Infinity,-Infinity,-Infinity,-Infinity,-Infinity,-Infinity,-Infinity,-Infinity,-Infinity,-Infinity,-Infinity,-Infinity,-Infinity,-Infinity,-Infinity,-Infinity,-Infinity,-Infinity,-Infinity,-Infinity,-Infinity,-Infinity,-Infinity,-Infinity,-Infinity,-Infinity,-Infinity,-Infinity,-Infinity,-Infinity,-Infinity,-Infinity,-Infinity,-Infinity,-Infinity,-Infinity,-Infinity,-Infinity,-Infinity,-Infinity,-Infinity,-Infinity,-Infinity,-Infinity,-Infinity,-Infinity,-Infinity,-Infinity,-Infinity,-Infinity,-Infinity,-Infinity,-Infinity,-Infinity,-Infinity,-Infinity,-Infinity,-Infinity,-Infinity,-Infinity,-Infinity,-Infinity,-Infinity,-Infinity,-Infinity,-Infinity,-Infinity,-Infinity,-Infinity,-Infinity,-Infinity,-Infinity,-Infinity,-Infinity,-Infinity,-Infinity,-Infinity,-Infinity,-Infinity,-Infinity,-Infinity,-Infinity,-Infinity,-Infinity,-Infinity,-Infinity,-Infinity,-Infinity,-Infinity,-Infinity,-Infinity,-Infinity,-Infinity,-Infinity,-Infinity,-Infinity,-Infinity,-Infinity,-Infinity,-Infinity
"S437",-Infinity,-Infinity,-Infinity,-Infinity,-Infinity,-Infinity,-Infinity,-Infinity,-Infinity,-Infinity,-Infinity,-Infinity,-Infinity,-Infinity,-Infinity,-Infinity,-Infinity,-Infinity,-Infinity,-Infinity,-Infinity,-Infinity,-Infinity,-Infinity,-Infinity,-Infinity,-Infinity,-Infinity,-Infinity,-Infinity,-Infinity,-Infinity,-Infinity,-Infinity,-Infinity,-Infinity,-Infinity,-Infinity,-Infinity,-Infinity,-Infinity,-Infinity,-Infinity,-Infinity,-Infinity,-Infinity,-Infinity,-Infinity,-Infinity,-Infinity,-Infinity,-Infinity,-Infinity,-Infinity,-Infinity,-Infinity,-Infinity,-Infinity,-Infinity,-Infinity,-Infinity,-Infinity,-Infinity,-Infinity,-Infinity,-Infinity,-Infinity,-Infinity,-Infinity,-Infinity,-Infinity,-Infinity,-Infinity,-Infinity,-Infinity,-Infinity,-Infinity,-Infinity,-Infinity,-Infinity,-Infinity,-Infinity,-Infinity,-Infinity,-Infinity,-Infinity,-Infinity,-Infinity,-Infinity,-Infinity,-Infinity,-Infinity,-Infinity,-Infinity,-Infinity,-Infinity,-Infinity,-Infinity,-Infinity,-Infinity,-Infinity,-Infinity,-Infinity,-Infinity,-Infinity,-Infinity,-Infinity,-Infinity,-Infinity,-Infinity,-Infinity,-Infinity,-Infinity,-Infinity,-Infinity,-Infinity,-Infinity,-Infinity,-Infinity,-Infinity,-Infinity,-Infinity,-Infinity,-Infinity,-Infinity,-Infinity,-Infinity,-Infinity,-Infinity,-Infinity,-Infinity,-Infinity,-Infinity,-Infinity,-Infinity,-Infinity,-Infinity,-Infinity,-Infinity,-Infinity,-Infinity
"S438",-Infinity,-Infinity,-Infinity,-Infinity,-Infinity,-Infinity,-Infinity,-Infinity,-Infinity,-Infinity,-Infinity,-Infinity,-Infinity,-Infinity,-Infinity,-Infinity,-Infinity,-Infinity,-Infinity,-Infinity,-Infinity,-Infinity,-Infinity,-Infinity,-Infinity,-Infinity,-Infinity,-Infinity,-Infinity,-Infinity,-Infinity,-Infinity,-Infinity,-Infinity,-Infinity,-Infinity,-Infinity,-Infinity,-Infinity,-Infinity,-Infinity,-Infinity,-Infinity,-Infinity,-Infinity,-Infinity,-Infinity,-Infinity,-Infinity,-Infinity,-Infinity,-Infinity,-Infinity,-Infinity,-Infinity,-Infinity,-Infinity,-Infinity,-Infinity,-Infinity,-Infinity,-Infinity,-Infinity,-Infinity,-Infinity,-Infinity,-Infinity,-Infinity,-Infinity,-Infinity,-Infinity,-Infinity,-Infinity,-Infinity,-Infinity,-Infinity,-Infinity,-Infinity,-Infinity,-Infinity,-Infinity,-Infinity,-Infinity,-Infinity,-Infinity,-Infinity,-Infinity,-Infinity,-Infinity,-Infinity,-Infinity,-Infinity,-Infinity,-Infinity,-Infinity,-Infinity,-Infinity,-Infinity,-Infinity,-Infinity,-Infinity,-Infinity,-Infinity,-Infinity,-Infinity,-Infinity,-Infinity,-Infinity,-Infinity,-Infinity,-Infinity,-Infinity,-Infinity,-Infinity,-Infinity,-Infinity,-Infinity,-Infinity,-Infinity,-Infinity,-Infinity,-Infinity,-Infinity,-Infinity,-Infinity,-Infinity,-Infinity,-Infinity,-Infinity,-Infinity,-Infinity,-Infinity,-Infinity,-Infinity,-Infinity,-Infinity,-Infinity,-Infinity,-Infinity,-Infinity,-Infinity
"S439",-Infinity,-Infinity,-Infinity,-Infinity,-Infinity,-Infinity,-Infinity,-Infinity,-Infinity,-Infinity,-Infinity,-Infinity,-Infinity,-Infinity,-Infinity,-Infinity,-Infinity,-Infinity,-Infinity,-Infinity,-Infinity,-Infinity,-Infinity,-Infinity,-Infinity,-Infinity,-Infinity,-Infinity,-Infinity,-Infinity,-Infinity,-Infinity,-Infinity,-Infinity,-Infinity,-Infinity,-Infinity,-Infinity,-Infinity,-Infinity,-Infinity,-Infinity,-Infinity,-Infinity,-Infinity,-Infinity,-Infinity,-Infinity,-Infinity,-Infinity,-Infinity,-Infinity,-Infinity,-Infinity,-Infinity,-Infinity,-Infinity,-Infinity,-Infinity,-Infinity,-Infinity,-Infinity,-Infinity,-Infinity,-Infinity,-Infinity,-Infinity,-Infinity,-Infinity,-Infinity,-Infinity,-Infinity,-Infinity,-Infinity,-Infinity,-Infinity,-Infinity,-Infinity,-Infinity,-Infinity,-Infinity,-Infinity,-Infinity,-Infinity,-Infinity,-Infinity,-Infinity,-Infinity,-Infinity,-Infinity,-Infinity,-Infinity,-Infinity,-Infinity,-Infinity,-Infinity,-Infinity,-Infinity,-Infinity,-Infinity,-Infinity,-Infinity,-Infinity,-Infinity,-Infinity,-Infinity,-Infinity,-Infinity,-Infinity,-Infinity,-Infinity,-Infinity,-Infinity,-Infinity,-Infinity,-Infinity,-Infinity,-Infinity,-Infinity,-Infinity,-Infinity,-Infinity,-Infinity,-Infinity,-Infinity,-Infinity,-Infinity,-Infinity,-Infinity,-Infinity,-Infinity,-Infinity,-Infinity,-Infinity,-Infinity,-Infinity,-Infinity,-Infinity,-Infinity,-Infinity,-Infinity
"S440",-Infinity,-Infinity,-Infinity,-Infinity,-Infinity,-Infinity,-Infinity,-Infinity,-Infinity,-Infinity,-Infinity,-Infinity,-Infinity,-Infinity,-Infinity,-Infinity,-Infinity,-Infinity,-Infinity,-Infinity,-Infinity,-Infinity,-Infinity,-Infinity,-Infinity,-Infinity,-Infinity,-Infinity,-Infinity,-Infinity,-Infinity,-Infinity,-Infinity,-Infinity,-Infinity,-Infinity,-Infinity,-Infinity,-Infinity,-Infinity,-Infinity,-Infinity,-Infinity,-Infinity,-Infinity,-Infinity,-Infinity,-Infinity,-Infinity,-Infinity,-Infinity,-Infinity,-Infinity,-Infinity,-Infinity,-Infinity,-Infinity,-Infinity,-Infinity,-Infinity,-Infinity,-Infinity,-Infinity,-Infinity,-Infinity,-Infinity,-Infinity,-Infinity,-Infinity,-Infinity,-Infinity,-Infinity,-Infinity,-Infinity,-Infinity,-Infinity,-Infinity,-Infinity,-Infinity,-Infinity,-Infinity,-Infinity,-Infinity,-Infinity,-Infinity,-Infinity,-Infinity,-Infinity,-Infinity,-Infinity,-Infinity,-Infinity,-Infinity,-Infinity,-Infinity,-Infinity,-Infinity,-Infinity,-Infinity,-Infinity,-Infinity,-Infinity,-Infinity,-Infinity,-Infinity,-Infinity,-Infinity,-Infinity,-Infinity,-Infinity,-Infinity,-Infinity,-Infinity,-Infinity,-Infinity,-Infinity,-Infinity,-Infinity,-Infinity,-Infinity,-Infinity,-Infinity,-Infinity,-Infinity,-Infinity,-Infinity,-Infinity,-Infinity,-Infinity,-Infinity,-Infinity,-Infinity,-Infinity,-Infinity,-Infinity,-Infinity,-Infinity,-Infinity,-Infinity,-Infinity,-Infinity
