"Space","T0","T1","T2","T3","T4","T5","T6","T7","T8","T9","T10","T11","T12","T13","T14","T15","T16","T17","T18","T19","T20","T21","T22","T23","T24","T25","T26","T27","T28","T29","T30","T31","T32","T33","T34","T35","T36","T37","T38","T39","T40","T41","T42","T43","T44","T45","T46","T47","T48","T49","T50","T51","T52","T53","T54","T55","T56","T57","T58","T59","T60","T61","T62","T63","T64","T65","T66","T67","T68","T69","T70","T71","T72","T73","T74","T75","T76","T77","T78","T79","T80","T81","T82","T83","T84","T85","T86","T87","T88","T89","T90","T91","T92","T93","T94","T95","T96","T97","T98","T99","T100","T101","T102","T103","T104","T105","T106","T107","T108","T109","T110","T111","T112","T113","T114","T115","T116","T117","T118","T119","T120","T121","T122","T123","T124","T125","T126","T127","T128","T129","T130","T131","T132","T133","T134","T135","T136","T137","T138","T139","T140"
"S0",364.6237487792969,367.3611755371094,369.9906463623047,372.4754104614258,374.7335205078125,376.9133758544922,378.7964859008789,380.5826644897461,382.06742095947266,383.3716506958008,384.55741119384766,385.57537841796875,386.49056243896484,387.2454071044922,387.68248748779297,388.0364303588867,388.29718017578125,388.4200973510742,388.46167755126953,388.3892593383789,388.30016326904297,388.0878143310547,387.83800506591797,387.47203063964844,387.0524597167969,386.4607467651367,385.78466796875,385.0032196044922,384.0421676635742,382.9341583251953,381.6005096435547,380.0950164794922,378.40696716308594,376.5173034667969,374.3577346801758,371.9689025878906,369.31297302246094,366.4278259277344,363.3054962158203,359.9917449951172,356.3697814941406,352.549072265625,348.5731658935547,344.3621826171875,339.9076843261719,335.32225036621094,330.6223602294922,325.7244567871094,320.9029541015625,315.83628845214844,310.5736083984375,305.2379608154297,299.69602966308594,293.8971405029297,259.0669250488281,282.1539611816406,275.78521728515625,269.0645751953125,261.98057556152344,201.217529296875,227.2120361328125,240.89981079101562,215.47430419921875,149.73486328125,199.68136596679688,157.8043212890625,191.44375610351562,171.61373901367188,181.44223022460938,172.33148193359375,162.92221069335938,150.24649047851562,144.22238159179688,135.27957153320312,126.6260986328125,117.89947509765625,109.29977416992188,100.98825073242188,85.19046020507812,85.39852905273438,78.01486206054688,71.00772094726562,64.24893188476562,57.75604248046875,52.09295654296875,46.779693603515625,41.568603515625,37.04254150390625,32.843353271484375,29.27801513671875,25.992401123046875,23.40264892578125,21.408905029296875,20.02154541015625,19.31121826171875,19.2598876953125,19.959808349609375,21.24591064453125,23.537200927734375,26.596832275390625,30.1348876953125,34.18927001953125,39.092498779296875,44.47125244140625,50.595733642578125,56.993988037109375,63.66455078125,70.66409301757812,77.89395141601562,85.6021728515625,93.77297973632812,102.06393432617188,110.601806640625,119.34066772460938,128.0582275390625,137.2843017578125,146.53402709960938,155.89352416992188,165.35824584960938,175.01263427734375,184.82327270507812,194.73123168945312,204.685546875,214.39727783203125,223.77493286132812,233.42697143554688,242.84262084960938,251.77835083007812,260.4528045654297,268.93357849121094,276.83961486816406,284.5808410644531,291.9636688232422,298.938232421875,305.53233337402344,311.8384246826172,317.87274169921875,323.4659118652344,328.6758117675781,333.5577392578125,338.2962341308594
"S1",390.2313232421875,392.5186767578125,394.7080535888672,396.7964630126953,398.7299118041992,400.5924606323242,402.2183837890625,403.77391815185547,405.09717559814453,406.27689361572266,407.33919525146484,408.2833709716797,409.1189880371094,409.82691955566406,410.3000717163086,410.67613220214844,410.9769592285156,411.1608581542969,411.2817840576172,411.2767562866211,411.28868103027344,411.19437408447266,411.07176971435547,410.84999084472656,410.59423828125,410.21250915527344,409.78710174560547,409.2684631347656,408.61936950683594,407.8644104003906,406.9351348876953,405.8936080932617,404.707275390625,403.35943603515625,401.81681060791016,400.09984588623047,398.17740631103516,396.0789031982422,393.7950744628906,391.34405517578125,388.64329528808594,385.78514862060547,382.7752914428711,379.6088333129883,376.20816802978516,372.66346740722656,369.0475158691406,365.2687530517578,361.5414276123047,357.5940704345703,353.5110168457031,349.36927795410156,313.77256774902344,318.4547576904297,259.0669250488281,303.07862854003906,295.55775451660156,294.9593200683594,270.00318908691406,201.217529296875,227.2120361328125,255.415283203125,218.11737060546875,153.99005126953125,212.95547485351562,170.00332641601562,223.8287353515625,187.7958984375,197.71878051757812,212.73968505859375,237.48068237304688,166.00650024414062,173.08255004882812,168.054443359375,174.95034790039062,134.32205200195312,146.64947509765625,158.4234619140625,85.19046020507812,170.409912109375,144.02215576171875,154.81491088867188,106.21734619140625,125.32064819335938,117.079833984375,140.90673828125,81.5804443359375,110.19845581054688,94.40176391601562,129.90963745117188,100.439208984375,124.53070068359375,122.5555419921875,58.758026123046875,94.40780639648438,119.346923828125,119.46395874023438,119.93389892578125,121.22256469726562,123.0999755859375,125.42544555664062,128.19110107421875,131.59451293945312,135.52438354492188,140.0128173828125,144.770263671875,149.72952270507812,155.01568603515625,160.51202392578125,166.4337158203125,172.6962890625,179.091064453125,185.6500244140625,192.46994018554688,199.17242431640625,206.35638427734375,213.55581665039062,220.8446044921875,228.25408935546875,235.82598876953125,243.55795288085938,251.3600311279297,259.28306579589844,267.0393981933594,274.5890350341797,282.33551025390625,289.9630432128906,297.2117004394531,304.3063049316406,311.3016357421875,317.7666320800781,324.1765899658203,330.29808044433594,336.0924530029297,341.58734130859375,346.84983825683594,351.8667449951172,356.54742431640625,360.88710021972656,364.9606170654297,368.8784484863281
"S2",304.2698059082031,308.3187255859375,312.22804260253906,315.94422912597656,319.3512268066406,322.6572723388672,325.5497589111328,328.30487060546875,330.62876892089844,332.6987609863281,334.59559631347656,336.24205017089844,337.73553466796875,338.99305725097656,339.7816925048828,340.4415283203125,340.9556427001953,341.25994873046875,341.4403533935547,341.45668029785156,341.4408416748047,341.2491760253906,341.00457763671875,340.6035461425781,340.13482666015625,339.436279296875,338.6269989013672,337.6875,336.51478576660156,335.14942932128906,333.4835510253906,331.5914001464844,329.4584045410156,327.05828857421875,324.29302978515625,321.20843505859375,317.7566833496094,313.9836883544922,309.8768005371094,305.49314880371094,300.6674346923828,295.54261779785156,290.1812286376953,284.46885681152344,278.3865203857422,272.09352111816406,265.61106872558594,258.8243103027344,252.1195831298828,245.06822204589844,237.74191284179688,230.31475830078125,222.61135864257812,214.55450439453125,206.5242919921875,198.28909301757812,189.50784301757812,180.2607421875,170.53012084960938,160.97998046875,151.71249389648438,141.5828857421875,130.95266723632812,119.854736328125,108.504150390625,96.70602416992188,84.49374389648438,71.97113037109375,58.95721435546875,46.075439453125,32.707794189453125,19.27313232421875,5.966094970703125,-6.944183349609375,-19.500244140625,-32.218994140625,-44.7840576171875,-56.97283935546875,-68.6258544921875,-79.99658203125,-90.95245361328125,-101.3876953125,-111.468505859375,-121.19512939453125,-129.791259765625,-137.8916015625,-145.87042236328125,-152.90985107421875,-159.5223388671875,-165.2752685546875,-170.688720703125,-175.1905517578125,-178.88653564453125,-181.776123046875,-183.73199462890625,-184.7890625,-184.82061767578125,-184.0013427734375,-181.75439453125,-178.379150390625,-174.280517578125,-169.40142822265625,-163.24847412109375,-156.3736572265625,-148.3436279296875,-139.86541748046875,-130.9373779296875,-121.48779296875,-111.680908203125,-101.13287353515625,-89.87445068359375,-78.42242431640625,-66.5882568359375,-54.4449462890625,-42.31683349609375,-29.44580078125,-16.5159912109375,-3.396484375,9.898956298828125,23.522430419921875,37.4263916015625,51.524932861328125,65.7596435546875,79.7069091796875,93.218017578125,107.220947265625,120.94802856445312,134.04342651367188,146.81399536132812,159.34732055664062,171.090087890625,182.61965942382812,193.64532470703125,204.08566284179688,213.983642578125,223.4544677734375,232.51593017578125,240.91067504882812,248.73329162597656,256.04869079589844,263.1326141357422
"S3",396.22900390625,396.3398971557617,400.3487243652344,402.25648498535156,403.9937744140625,405.6690216064453,407.1145706176758,408.08011627197266,399.813720703125,403.67430877685547,411.54842376708984,412.3355178833008,413.0386047363281,410.4957962036133,413.96289825439453,414.2371292114258,414.44144439697266,414.54073333740234,413.78455352783203,414.52166748046875,414.4592590332031,414.3010025024414,414.114501953125,413.83631896972656,413.51778411865234,413.06775665283203,412.5581512451172,411.9626998901367,411.229248046875,410.3842239379883,409.36458587646484,408.2166976928711,406.92713928222656,405.4800033569336,403.82808685302734,402.00264739990234,399.9718017578125,397.76646423339844,395.3799819946289,392.8439407348633,390.0714340209961,387.1497497558594,384.1045837402344,380.8884506225586,377.48101806640625,357.56065368652344,370.37303161621094,349.92555236816406,324.82440185546875,286.0475616455078,290.74977111816406,266.1444549560547,227.84640502929688,217.77313232421875,239.83624267578125,223.78839111328125,213.88772583007812,173.82516479492188,182.30279541015625,189.24130249023438,140.41845703125,237.49282836914062,218.11737060546875,153.99005126953125,212.95547485351562,170.00332641601562,223.8287353515625,187.7958984375,197.71878051757812,212.73968505859375,237.48068237304688,166.00650024414062,173.08255004882812,168.054443359375,174.95034790039062,133.74252319335938,146.64947509765625,158.4234619140625,81.2508544921875,170.409912109375,28.094329833984375,141.788330078125,98.37417602539062,124.96099853515625,117.079833984375,131.76654052734375,43.8353271484375,110.19845581054688,94.40176391601562,140.4700927734375,77.38650512695312,101.44137573242188,134.53927612304688,46.21697998046875,94.40780639648438,132.94583129882812,133.52056884765625,134.51437377929688,136.28366088867188,138.62960815429688,141.35003662109375,144.46539306640625,148.2117919921875,152.35134887695312,157.03997802734375,96.56903076171875,130.52554321289062,172.40072631835938,137.96221923828125,183.84295654296875,153.072265625,195.36224365234375,196.6422119140625,208.84466552734375,216.2901611328125,223.34375,230.41180419921875,237.55886840820312,244.79193115234375,252.16415405273438,259.65443420410156,267.2137145996094,274.8161163330078,282.23170471191406,259.26171875,296.7602996826172,303.9465637207031,310.76025390625,317.38006591796875,323.85997009277344,329.8805694580078,335.7884979248047,341.4219970703125,344.0305480957031,332.6964874267578,310.1581268310547,338.34437561035156,362.4073944091797,369.43357849121094,373.1611633300781,370.5953826904297
"S4",291.9885711669922,270.9266662597656,287.7367706298828,300.6526794433594,286.41017150878906,299.3611145019531,316.6532897949219,300.9079284667969,287.5355682373047,293.2508850097656,314.7480010986328,311.2022705078125,337.6749725341797,320.2440948486328,309.2990417480469,324.01768493652344,316.14939880371094,311.26487731933594,318.78875732421875,324.64141845703125,320.2559814453125,342.97987365722656,344.9562072753906,348.3400115966797,358.149169921875,364.6089630126953,358.25978088378906,361.53076171875,365.2632598876953,358.20204162597656,370.211669921875,355.9040222167969,360.9496154785156,370.59336853027344,363.7641906738281,355.9532165527344,357.5304412841797,338.4193878173828,342.880859375,341.01910400390625,339.88600158691406,329.8663787841797,311.8337097167969,289.0187072753906,264.6180877685547,222.99407958984375,210.30062866210938,185.70867919921875,176.85699462890625,119.38088989257812,119.86166381835938,138.45166015625,129.88455200195312,115.00732421875,133.74075317382812,110.71688842773438,130.0625,145.77206420898438,112.95404052734375,134.40997314453125,106.25674438476562,107.31881713867188,128.4158935546875,142.12423706054688,111.3885498046875,73.881103515625,103.88748168945312,148.41128540039062,84.3851318359375,87.18234252929688,178.70553588867188,97.09768676757812,149.3531494140625,138.64068603515625,150.21084594726562,147.2166748046875,154.32315063476562,141.19125366210938,-100.06781005859375,141.354248046875,134.91342163085938,111.187744140625,123.11685180664062,111.03271484375,112.53726196289062,107.92767333984375,103.35675048828125,99.513916015625,95.9228515625,92.891845703125,90.05886840820312,87.78842163085938,86.04150390625,84.84854125976562,25.03765869140625,84.29266357421875,84.81985473632812,85.96859741210938,87.97470092773438,90.67697143554688,93.73974609375,97.23867797851562,101.5343017578125,106.1280517578125,111.441650390625,116.9705810546875,122.79364013671875,128.85223388671875,133.84246826171875,141.74948120117188,136.05224609375,130.369873046875,136.43896484375,123.29537963867188,126.68878173828125,152.31820678710938,88.06155395507812,174.86102294921875,161.0848388671875,138.4599609375,156.4830322265625,131.5150146484375,156.548095703125,146.46441650390625,57.843719482421875,177.46218872070312,184.8990478515625,207.7904052734375,180.9410400390625,217.501708984375,205.21453857421875,241.09036254882812,211.40316772460938,203.31842041015625,202.14102172851562,196.16021728515625,228.13360595703125,232.62774658203125,247.2510528564453,282.2972717285156,236.74703979492188
"S5",259.716552734375,252.07461547851562,287.7367706298828,273.9560089111328,286.41017150878906,276.99940490722656,307.4254455566406,295.2866516113281,276.9178466796875,289.90956115722656,264.28138732910156,266.43328857421875,320.7506866455078,336.9359130859375,309.2990417480469,349.2597961425781,333.7376251220703,311.26487731933594,349.9661102294922,331.6773986816406,339.56214904785156,347.03965759277344,335.2401428222656,337.5796661376953,354.83949279785156,343.1004333496094,348.686279296875,346.5503234863281,337.0977020263672,342.1510925292969,348.13230895996094,341.380615234375,341.5419006347656,359.92649841308594,351.52516174316406,357.641845703125,361.78814697265625,354.01133728027344,351.4194030761719,350.95330810546875,358.85853576660156,355.50244140625,321.08055114746094,273.4884490966797,291.4571990966797,288.657470703125,226.81195068359375,273.1464538574219,176.85699462890625,119.38088989257812,244.2545166015625,138.45166015625,129.88455200195312,115.00732421875,185.74160766601562,110.71688842773438,228.044677734375,189.92214965820312,192.18630981445312,175.26913452148438,106.25674438476562,160.19046020507812,179.02218627929688,223.24563598632812,167.9295654296875,197.52664184570312,212.88082885742188,193.21197509765625,96.14547729492188,180.32113647460938,193.99285888671875,183.97421264648438,177.02569580078125,168.88638305664062,161.0596923828125,153.12884521484375,145.31582641601562,137.78753662109375,130.61810302734375,123.62661743164062,116.89691162109375,110.55905151367188,104.46270751953125,98.53338623046875,93.39730834960938,88.5684814453125,83.80645751953125,79.73812866210938,75.9500732421875,72.74343872070312,69.76763916015625,67.40313720703125,65.58367919921875,64.33047485351562,63.716461181640625,63.69781494140625,64.29385375976562,65.4822998046875,67.57720947265625,70.385986328125,73.6005859375,77.2781982421875,81.759033203125,86.612060546875,92.18124389648438,97.987548828125,104.07235717773438,110.429443359375,116.99063110351562,123.97900390625,131.413330078125,130.369873046875,136.43896484375,154.61865234375,162.56268310546875,170.93093872070312,166.64028930664062,184.45135498046875,161.0848388671875,138.4599609375,162.97442626953125,129.55633544921875,156.548095703125,146.46441650390625,114.75289916992188,177.46218872070312,184.8990478515625,207.7904052734375,180.9410400390625,205.89913940429688,175.87789916992188,213.78717041015625,210.73379516601562,203.31842041015625,202.14102172851562,196.16021728515625,194.77297973632812,221.12939453125,216.3902587890625,251.16061401367188,205.00390625
"S6",212.662841796875,250.17156982421875,277.57171630859375,225.95233154296875,267.3233642578125,265.5890350341797,307.4254455566406,295.2866516113281,299.3388671875,289.2578125,296.2281951904297,287.54449462890625,320.6322479248047,336.9359130859375,322.8672332763672,349.2597961425781,333.7376251220703,340.6723937988281,349.9661102294922,344.5148162841797,339.56214904785156,347.03965759277344,341.0893096923828,340.4031677246094,354.83949279785156,355.1075744628906,348.686279296875,349.6798095703125,359.5318603515625,352.1549987792969,351.2238311767578,353.068603515625,348.2407684326172,362.85496520996094,351.92237854003906,358.43284606933594,361.78814697265625,354.01133728027344,352.91790771484375,350.95330810546875,358.85853576660156,355.50244140625,321.08055114746094,311.44557189941406,301.10443115234375,288.657470703125,226.81195068359375,273.1464538574219,236.18344116210938,226.38796997070312,244.2545166015625,177.93093872070312,228.0421142578125,154.41937255859375,216.43402099609375,235.00372314453125,228.044677734375,239.55532836914062,241.27261352539062,232.65786743164062,230.74288940429688,236.8038330078125,251.0588836669922,223.24563598632812,225.09408569335938,235.29434204101562,212.88082885742188,219.22506713867188,205.99887084960938,202.56173706054688,193.99285888671875,185.44427490234375,177.02569580078125,168.88638305664062,161.0596923828125,153.12884521484375,145.31582641601562,137.78753662109375,130.61810302734375,123.62661743164062,116.89691162109375,110.55905151367188,104.46270751953125,98.53338623046875,93.39730834960938,88.5684814453125,83.80645751953125,79.73812866210938,75.9500732421875,72.74343872070312,69.76763916015625,67.40313720703125,65.58367919921875,64.33047485351562,63.716461181640625,63.69781494140625,64.29385375976562,65.4822998046875,67.57720947265625,70.385986328125,73.6005859375,77.2781982421875,81.759033203125,86.612060546875,92.18124389648438,97.987548828125,104.07235717773438,110.429443359375,116.99063110351562,123.97900390625,131.413330078125,138.93862915039062,146.7144775390625,154.61865234375,162.56268310546875,170.93093872070312,166.64028930664062,184.45135498046875,161.0848388671875,163.929931640625,162.97442626953125,125.27487182617188,158.1046142578125,146.46441650390625,142.58612060546875,177.46218872070312,184.8990478515625,202.01040649414062,158.09393310546875,189.66323852539062,172.7213134765625,178.95065307617188,196.9993896484375,193.84515380859375,202.14102172851562,196.16021728515625,176.56927490234375,211.8489990234375,216.3902587890625,202.41311645507812,179.92999267578125
"S7",228.04180908203125,267.9866943359375,276.7570495605469,240.10379028320312,268.48924255371094,290.2236633300781,307.4254455566406,295.2866516113281,304.02601623535156,297.3043670654297,314.25067138671875,306.1658020019531,320.6322479248047,336.9359130859375,322.8672332763672,349.2597961425781,335.17864990234375,340.6723937988281,349.9661102294922,351.212890625,345.71229553222656,349.1712341308594,348.38169860839844,353.54173278808594,362.1583557128906,357.3282470703125,353.15745544433594,354.5021209716797,359.5318603515625,355.8795928955078,357.4694366455078,365.7545928955078,362.1780548095703,366.8022766113281,361.50840759277344,362.5821228027344,361.78814697265625,354.01133728027344,352.91790771484375,350.95330810546875,358.85853576660156,355.50244140625,321.08055114746094,315.79798889160156,302.38230895996094,288.657470703125,226.81195068359375,273.1464538574219,236.18344116210938,226.38796997070312,244.2545166015625,177.93093872070312,228.0421142578125,154.41937255859375,216.43402099609375,235.00372314453125,228.044677734375,239.55532836914062,241.27261352539062,232.65786743164062,230.74288940429688,236.8038330078125,251.0588836669922,223.24563598632812,225.09408569335938,244.5990753173828,212.88082885742188,225.4957275390625,205.99887084960938,229.299560546875,234.90106201171875,231.46240234375,215.54437255859375,192.91079711914062,208.51654052734375,168.8974609375,198.6514892578125,192.61611938476562,186.85025024414062,181.2056884765625,175.7303466796875,170.7420654296875,166.01785278320312,161.20941162109375,157.20089721679688,153.43246459960938,149.64886474609375,146.69122314453125,143.94027709960938,141.719970703125,139.64910888671875,138.05337524414062,136.94900512695312,136.38900756835938,136.45556640625,137.02239990234375,137.9044189453125,139.4610595703125,141.73629760742188,144.6373291015625,147.76461791992188,151.23519897460938,155.44342041015625,159.74258422851562,164.71707153320312,169.82681274414062,175.23114013671875,170.45947265625,183.06723022460938,177.75833129882812,181.50054931640625,168.65591430664062,187.36309814453125,206.6702880859375,173.75946044921875,184.83343505859375,166.64028930664062,184.45135498046875,159.23956298828125,163.929931640625,162.97442626953125,119.90731811523438,158.1046142578125,134.775146484375,145.24581909179688,174.62042236328125,146.73446655273438,155.09945678710938,164.60540771484375,172.06497192382812,172.7213134765625,151.77679443359375,163.99349975585938,158.3231201171875,175.0177001953125,180.96145629882812,178.53445434570312,187.82568359375,216.3902587890625,166.9388427734375,165.6434326171875
"S8",296.63185119628906,298.7955322265625,294.8922882080078,309.3283386230469,304.1659851074219,326.0218505859375,342.5716552734375,355.4610290527344,335.78431701660156,330.9427032470703,343.35581970214844,339.41139221191406,342.82289123535156,345.44798278808594,347.91700744628906,363.81333923339844,356.2234191894531,360.6124267578125,367.6687927246094,367.9502258300781,358.182373046875,375.53491973876953,360.5598907470703,368.5125274658203,374.0699234008789,361.3091125488281,372.4025421142578,371.38233947753906,367.4092254638672,368.7351989746094,367.058349609375,365.1792297363281,363.0797576904297,360.7433624267578,358.09812927246094,355.19061279296875,351.98439025878906,348.52198791503906,344.7951965332031,340.86021423339844,336.5877990722656,332.10675048828125,327.4634094238281,322.58091735839844,310.927001953125,280.00645446777344,235.52377319335938,255.19000244140625,236.18344116210938,226.38796997070312,240.91647338867188,177.93093872070312,228.0421142578125,154.41937255859375,216.43402099609375,235.00372314453125,208.77313232421875,236.3236083984375,228.15390014648438,220.12139892578125,212.33407592773438,203.83493041992188,194.95001220703125,185.72122192382812,176.37301635742188,166.68716430664062,156.76388549804688,146.66912841796875,136.29708862304688,126.12814331054688,115.69110107421875,105.27206420898438,95.07821655273438,85.31219482421875,75.88229370117188,66.42034912109375,57.117889404296875,48.14788818359375,39.677978515625,31.447479248046875,23.57794189453125,16.11151123046875,8.9285888671875,2.09027099609375,-3.81829833984375,-9.313873291015625,-14.6668701171875,-19.25537109375,-23.4373779296875,-26.87799072265625,-29.95330810546875,-32.20001220703125,-33.7508544921875,-34.59906005859375,-34.680908203125,-34.0089111328125,-32.45635986328125,-30.28802490234375,-27.023193359375,-22.9417724609375,-18.35302734375,-13.2255859375,-7.2161865234375,-0.7056884765625,6.55413818359375,14.083099365234375,21.854949951171875,29.97491455078125,38.33514404296875,47.18701171875,56.5118408203125,65.971435546875,75.67559814453125,85.61370849609375,95.49774169921875,97.21710205078125,116.38238525390625,111.23699951171875,137.552001953125,148.345947265625,154.51068115234375,119.90731811523438,158.1046142578125,134.48614501953125,145.24581909179688,174.62042236328125,146.73446655273438,155.09945678710938,164.60540771484375,170.29058837890625,147.65438842773438,151.77679443359375,165.859375,158.3231201171875,175.0177001953125,194.81951904296875,223.00344848632812,229.84078979492188,163.96176147460938,232.69183349609375,257.32806396484375
"S9",296.63185119628906,298.7955322265625,294.8922882080078,309.3283386230469,304.1659851074219,326.0218505859375,342.5716552734375,355.4610290527344,335.78431701660156,330.9427032470703,343.35581970214844,339.41139221191406,342.82289123535156,345.44798278808594,347.91700744628906,363.81333923339844,356.2234191894531,360.6124267578125,365.45310974121094,365.2598114013672,358.182373046875,364.69554138183594,360.5598907470703,363.72947692871094,363.09808349609375,361.3091125488281,361.2790832519531,360.1685333251953,358.82545471191406,357.2876739501953,355.4640197753906,353.41827392578125,351.13438415527344,348.5948944091797,345.71832275390625,342.5556182861328,339.0684814453125,335.30224609375,331.24827575683594,326.96995544433594,322.3251647949219,317.4517822265625,312.405029296875,307.0922088623047,301.4954376220703,280.00645446777344,235.52377319335938,236.98672485351562,215.95941162109375,198.4990234375,153.97171020507812,177.49307250976562,189.57220458984375,149.94561767578125,189.15878295898438,200.19107055664062,194.98983764648438,184.7794189453125,152.6627197265625,133.03976440429688,164.97012329101562,177.9344482421875,153.63168334960938,158.2294921875,148.049072265625,137.513916015625,126.71578979492188,115.73455810546875,104.44146728515625,93.37954711914062,82.01144409179688,70.6761474609375,59.582611083984375,48.94775390625,38.690826416015625,28.38665771484375,18.257659912109375,8.4967041015625,-0.72479248046875,-9.688629150390625,-18.26568603515625,-26.39300537109375,-34.2044677734375,-41.66156005859375,-48.1009521484375,-54.09014892578125,-59.93341064453125,-64.9261474609375,-69.4805908203125,-73.225830078125,-76.58087158203125,-79.04302978515625,-80.74566650390625,-81.68084716796875,-81.773681640625,-81.04742431640625,-79.38128662109375,-77.02691650390625,-73.48382568359375,-69.046142578125,-64.062744140625,-58.49383544921875,-51.9547119140625,-44.88916015625,-36.99554443359375,-28.8118896484375,-20.35760498046875,-11.529083251953125,-2.441009521484375,7.18011474609375,17.32391357421875,27.611328125,38.171661376953125,48.9744873046875,59.733917236328125,71.09054565429688,82.45077514648438,76.291748046875,105.48208618164062,110.197509765625,122.192138671875,133.798095703125,141.86965942382812,134.48614501953125,145.24581909179688,96.58248901367188,137.42758178710938,155.09945678710938,164.60540771484375,170.29058837890625,147.65438842773438,151.77679443359375,165.859375,158.3231201171875,175.0177001953125,194.81951904296875,223.00344848632812,229.84078979492188,163.96176147460938,232.69183349609375,257.32806396484375
"S10",274.5106658935547,278.9180603027344,283.13299560546875,287.0824432373047,290.62681579589844,294.0309295654297,296.94398498535156,299.68170166015625,301.90240478515625,303.8301696777344,305.5827331542969,307.0395965576172,308.3549499511719,309.4085998535156,309.92201232910156,310.32936096191406,310.5861358642578,310.6190643310547,310.51824951171875,310.2597198486328,309.9464874267578,309.4267578125,308.8354034423828,308.0453186035156,307.1478576660156,305.93812561035156,304.54388427734375,302.97080993652344,301.0706024169922,298.89356994628906,296.3209686279297,293.4197998046875,290.19374084472656,286.6213073730469,282.5638885498047,278.09776306152344,273.1755065917969,267.85589599609375,262.1291809082031,256.10040283203125,249.55810546875,242.68212890625,235.58383178710938,228.06631469726562,220.17819213867188,212.1270751953125,203.87078857421875,195.2816162109375,184.95095825195312,178.00607299804688,168.802734375,159.46417236328125,149.77716064453125,139.56027221679688,129.38595581054688,118.86444091796875,107.59341430664062,75.2047119140625,83.10189819335938,70.77423095703125,58.84515380859375,45.785247802734375,32.1202392578125,17.957916259765625,3.504608154296875,-11.361907958984375,-26.63232421875,-42.1373291015625,-58.15301513671875,-73.769287109375,-89.9215087890625,-105.93621826171875,-121.63079833984375,-136.725830078125,-151.19586181640625,-165.8201904296875,-180.1859130859375,-193.98577880859375,-207.0567626953125,-219.78369140625,-232.0057373046875,-243.5081787109375,-254.51434326171875,-265.168212890625,-274.333740234375,-282.8609619140625,-291.2467041015625,-298.292236328125,-304.74884033203125,-310.04345703125,-314.83892822265625,-318.43072509765625,-320.93328857421875,-322.32763671875,-322.47222900390625,-321.46661376953125,-319.2642822265625,-315.9586181640625,-311.00128173828125,-304.73687744140625,-297.74871826171875,-289.9385986328125,-280.6810302734375,-270.81304931640625,-259.684814453125,-248.16705322265625,-236.21759033203125,-223.77587890625,-210.97955322265625,-197.443359375,-183.1112060546875,-168.6002197265625,-153.65350341796875,-138.4542236328125,-123.20404052734375,-107.17987060546875,-91.13287353515625,-74.91650390625,-58.58819580078125,-41.98260498046875,-25.17144775390625,-8.261749267578125,8.616119384765625,25.017303466796875,40.758392333984375,56.949310302734375,72.6341552734375,87.47698974609375,101.80181884765625,115.7188720703125,128.72772216796875,124.3670654296875,153.42843627929688,144.25741577148438,156.98541259765625,185.78488159179688,195.61972045898438,204.70733642578125,204.58676147460938,221.17120361328125,228.94662475585938
"S11",328.5531311035156,282.66246032714844,310.3252868652344,351.68162536621094,354.2024230957031,356.5766906738281,358.60545349121094,360.5254669189453,362.1070861816406,363.49183654785156,364.6959533691406,365.7517395019531,366.6458740234375,367.3738250732422,367.8070373535156,368.0948486328125,368.2959442138672,368.3389892578125,368.31065368652344,368.0771789550781,367.90843200683594,367.5717010498047,367.18785095214844,366.63291931152344,366.01641845703125,365.1924743652344,364.2858123779297,363.2005615234375,361.89239501953125,360.3929138183594,358.60438537597656,356.62847900390625,354.3939666748047,351.8876495361328,349.07379150390625,345.97984313964844,342.5763397216797,338.9058532714844,334.95506286621094,330.75921630859375,326.19793701171875,321.4279479980469,316.4463653564453,311.29376220703125,305.788818359375,300.09580993652344,294.3632507324219,288.4107360839844,241.18563842773438,254.55735778808594,257.5030822753906,248.4647979736328,242.61837768554688,248.63449096679688,232.93319702148438,228.79815673828125,202.58038330078125,198.09579467773438,205.30746459960938,201.91244506835938,191.9405517578125,184.4820556640625,175.02682495117188,165.13629150390625,155.27554321289062,144.91079711914062,134.34423828125,123.55377197265625,112.573486328125,101.6795654296875,90.68234252929688,79.56768798828125,68.71743774414062,58.408050537109375,48.27252197265625,38.2481689453125,28.381866455078125,18.783111572265625,9.7781982421875,1.064422607421875,-7.197509765625,-15.210693359375,-22.98834228515625,-30.12286376953125,-36.40533447265625,-42.21820068359375,-47.779052734375,-52.78985595703125,-57.30792236328125,-61.0611572265625,-64.33795166015625,-66.65155029296875,-68.241943359375,-69.13983154296875,-69.31573486328125,-68.677734375,-66.85626220703125,-64.60394287109375,-61.15655517578125,-56.90338134765625,-52.0089111328125,-46.5220947265625,-40.21868896484375,-33.1607666015625,-25.45196533203125,-17.41552734375,-9.23004150390625,-0.583770751953125,8.3375244140625,17.80767822265625,27.68499755859375,37.76690673828125,48.0155029296875,58.7025146484375,69.12030029296875,80.26516723632812,91.37716674804688,102.57296752929688,113.90365600585938,125.38290405273438,137.03390502929688,148.62506103515625,160.33584594726562,171.69818115234375,182.69235229492188,193.8177490234375,204.68414306640625,214.89544677734375,224.82138061523438,203.45623779296875,198.7359619140625,252.1931610107422,190.25497436523438,236.275146484375,186.94662475585938,189.43972778320312,282.04176330566406,222.47174072265625,301.9362335205078,307.48634338378906,312.8269958496094
"S12",357.2657775878906,360.21075439453125,363.07826232910156,365.7995910644531,368.27552795410156,370.69639587402344,372.81151580810547,374.82554626464844,376.5216598510742,378.0254440307617,379.41996002197266,380.61866760253906,381.7226028442383,382.64844512939453,383.20922088623047,383.6961669921875,384.07210540771484,384.2976837158203,384.42543029785156,384.4586181640625,384.43895721435547,384.29896545410156,384.12030029296875,383.8362045288086,383.4983825683594,382.98941802978516,382.3913345336914,381.7106475830078,380.8567123413086,379.8643798828125,378.65492248535156,377.27015686035156,375.72032165527344,373.98194122314453,371.96875,369.7261657714844,367.21038818359375,364.45896911621094,361.46434020996094,358.2763671875,354.7689514160156,351.04066467285156,347.1540222167969,342.98016357421875,338.5672149658203,334.01780700683594,329.30462646484375,324.37188720703125,304.0256042480469,254.55735778808594,257.5030822753906,248.4647979736328,242.61837768554688,248.63449096679688,240.3577880859375,228.79815673828125,202.58038330078125,198.09579467773438,205.30746459960938,205.27410888671875,191.9405517578125,200.00302124023438,193.20803833007812,206.94766235351562,197.32089233398438,206.71426391601562,196.76312255859375,188.7686767578125,167.78875732421875,169.974853515625,160.2310791015625,150.48117065429688,140.81845092773438,131.413330078125,122.33831787109375,113.09494018554688,103.9654541015625,95.14227294921875,79.81381225585938,78.42037963867188,70.433349609375,62.899658203125,55.64190673828125,48.536041259765625,42.31585693359375,36.4356689453125,30.610198974609375,25.570953369140625,20.8179931640625,16.69671630859375,12.7908935546875,9.523040771484375,6.844390869140625,4.776580810546875,3.419769287109375,2.712554931640625,2.653472900390625,3.29644775390625,4.972503662109375,7.48956298828125,10.48883056640625,14.045379638671875,18.57159423828125,23.540740966796875,29.402679443359375,35.572998046875,42.11920166015625,49.00201416015625,56.137725830078125,63.80157470703125,72.01797485351562,80.34564208984375,88.9898681640625,97.77529907226562,106.6373291015625,115.98361206054688,125.38705444335938,134.93212890625,144.59152221679688,154.49566650390625,164.58544921875,174.86654663085938,185.1961669921875,195.32211303710938,191.44677734375,215.2933349609375,225.25051879882812,234.76864624023438,244.02902221679688,253.0972900390625,261.65769958496094,270.0087127685547,278.00732421875,285.587890625,273.8477478027344,250.92041015625,306.1927490234375,222.47174072265625,317.9466094970703,323.2421569824219,328.39231872558594
"S13",344.1734161376953,347.37928771972656,350.51597595214844,353.48838806152344,356.1792907714844,358.8215026855469,361.13079833984375,363.32655334472656,365.17018127441406,366.80223083496094,368.32861328125,369.6278533935547,370.8382110595703,371.8504180908203,372.4453353881836,372.97608947753906,373.38148498535156,373.62322998046875,373.7532196044922,373.8016586303711,373.76904296875,373.6105194091797,373.4091796875,373.10015869140625,372.7294921875,372.1697540283203,371.5023956298828,370.75709533691406,369.8215789794922,368.7346496582031,367.41371154785156,365.8921813964844,364.1976623535156,362.3040466308594,360.10374450683594,357.65196228027344,354.90016174316406,351.8889465332031,348.61155700683594,345.1305694580078,341.30250549316406,337.2280731201172,332.99302673339844,328.41822814941406,323.6026611328125,318.65415954589844,313.5045166015625,308.11256408691406,302.7737121582031,297.20042419433594,291.38462829589844,285.4946594238281,279.4309997558594,273.00732421875,266.67041015625,260.1107635498047,221.862060546875,245.8345947265625,238.08551025390625,230.52587890625,223.2047119140625,215.18450927734375,206.73773193359375,197.97219848632812,188.89544677734375,179.5631103515625,169.86691284179688,159.95309448242188,149.57778930664062,139.3995361328125,128.70626831054688,118.05227661132812,107.48443603515625,97.17092895507812,87.27444458007812,77.14645385742188,67.14755249023438,57.5106201171875,48.254791259765625,39.19683837890625,30.42034912109375,22.194183349609375,14.293792724609375,6.471282958984375,-0.34375,-6.793060302734375,-13.21697998046875,-18.697265625,-23.88336181640625,-28.369873046875,-32.650146484375,-36.26214599609375,-39.22314453125,-41.49957275390625,-42.9661865234375,-43.72650146484375,-43.8590087890625,-43.1480712890625,-41.31951904296875,-38.548583984375,-35.2825927734375,-31.4127197265625,-26.43975830078125,-21.05950927734375,-14.65167236328125,-7.92022705078125,-0.74285888671875,6.774627685546875,14.561614990234375,22.9173583984375,31.9111328125,41.007598876953125,50.48193359375,60.048431396484375,69.770751953125,79.97720336914062,90.2576904296875,100.70101928710938,111.25564575195312,122.08828735351562,133.116943359375,144.38546752929688,155.673095703125,166.7425537109375,177.42144775390625,188.57516479492188,199.460205078125,209.8826904296875,220.00567626953125,229.89889526367188,239.29501342773438,248.41912841796875,257.16542053222656,265.45738220214844,273.2984619140625,280.78199768066406,287.9868621826172,294.62110900878906,300.8291473388672,306.6112365722656,312.2525329589844
"S14",394.72093963623047,396.83985900878906,398.8997497558594,400.84107208251953,402.58526611328125,404.28748321533203,405.7562026977539,407.14749908447266,408.29949951171875,409.30506896972656,410.23731231689453,411.02315521240234,411.7482376098633,412.3424530029297,412.6637191772461,412.94283294677734,413.14402770996094,413.2402114868164,413.26526641845703,413.23050689697266,413.1499252319336,412.98197174072266,412.7845458984375,412.50667572021484,412.1824951171875,411.72071838378906,411.18225860595703,410.5768051147461,409.82879638671875,408.9679260253906,407.9345397949219,406.75540924072266,405.4456558227539,403.9870910644531,402.30896759033203,400.45475006103516,398.3878402709961,396.1405944824219,393.70872497558594,391.1380615234375,388.33074951171875,385.3642807006836,382.29378509521484,379.00402069091797,375.5580825805664,372.0311279296875,368.3848419189453,364.5850524902344,360.8371276855469,356.9237518310547,352.84388732910156,348.7110900878906,344.4459686279297,339.9341735839844,335.4705047607422,330.8404083251953,325.9089660644531,320.7158203125,315.20957946777344,309.8292999267578,304.6179504394531,298.9155731201172,292.91737365722656,286.7063446044922,280.3121643066406,273.7366943359375,266.9419250488281,260.0186767578125,252.82086181640625,245.78855895996094,238.44723510742188,231.1484375,223.95693969726562,216.98687744140625,210.32345581054688,203.54251098632812,196.86386108398438,190.44656372070312,184.3232421875,178.34454345703125,172.57620239257812,167.18270874023438,162.00689697265625,156.91598510742188,152.5360107421875,148.4090576171875,144.3199462890625,140.87973022460938,137.66604614257812,134.95343017578125,132.42062377929688,130.39559936523438,128.83883666992188,127.77877807617188,127.28323364257812,127.29434204101562,127.7784423828125,128.814697265625,130.62200927734375,133.05130004882812,135.8046875,138.94888305664062,142.80389404296875,146.93206787109375,151.70169067382812,156.66488647460938,161.89120483398438,167.32870483398438,172.93695068359375,178.90472412109375,185.27328491210938,191.70477294921875,198.37088012695312,205.1036376953125,211.91650390625,219.06271362304688,226.24307250976562,233.51492309570312,240.85238647460938,248.3463592529297,255.94525146484375,263.66961669921875,271.3782653808594,278.9044952392578,286.1473083496094,293.6492004394531,300.93971252441406,307.8803253173828,314.5947723388672,321.13597106933594,327.3053894042969,333.2884979248047,339.0068817138672,344.4151153564453,349.5160675048828,354.3827362060547,359.0659942626953,363.38426208496094,367.4209747314453,371.19024658203125,374.87293243408203
"S15",278.6809387207031,283.1789093017578,287.4333190917969,291.4662780761719,295.18406677246094,298.7227478027344,301.78651428222656,304.6952362060547,307.12181091308594,309.2720947265625,311.1803894042969,312.8529510498047,314.3092346191406,315.5200958251953,316.277587890625,316.8416748046875,317.26708984375,317.46018981933594,317.54136657714844,317.3636474609375,317.24285888671875,316.8983154296875,316.49290466308594,315.8725128173828,315.1768341064453,314.20970153808594,313.13011169433594,311.8417510986328,310.26837158203125,308.4494323730469,306.25518798828125,303.8101501464844,301.03648376464844,297.9143829345703,294.3756866455078,290.4534606933594,286.1094512939453,281.39520263671875,276.2926483154297,270.85215759277344,264.8993377685547,258.63087463378906,252.06663513183594,245.21060180664062,237.86767578125,230.25927734375,222.53997802734375,214.4918212890625,206.589111328125,198.2205810546875,189.56585693359375,180.78121948242188,171.5865478515625,162.08670043945312,152.50302124023438,142.74215698242188,132.24871826171875,121.14544677734375,109.52761840820312,98.0474853515625,86.890869140625,74.72113037109375,62.013427734375,48.696807861328125,35.299591064453125,21.245361328125,6.820037841796875,-7.9569091796875,-23.1260986328125,-38.20159912109375,-53.5726318359375,-69.09954833984375,-84.36260986328125,-98.98773193359375,-113.3509521484375,-127.6837158203125,-141.8154296875,-155.57049560546875,-168.57818603515625,-181.206298828125,-193.25848388671875,-204.909423828125,-216.20928955078125,-226.7620849609375,-236.1339111328125,-244.87542724609375,-253.348388671875,-260.997314453125,-268.03924560546875,-274.060791015625,-279.52984619140625,-283.7803955078125,-287.06329345703125,-289.4200439453125,-290.76025390625,-291.00616455078125,-289.73583984375,-287.74664306640625,-284.0894775390625,-279.23187255859375,-273.46380615234375,-266.81976318359375,-258.9091796875,-249.97918701171875,-239.97930908203125,-229.48004150390625,-218.67132568359375,-207.20306396484375,-195.336669921875,-182.6541748046875,-169.3162841796875,-155.69903564453125,-141.78631591796875,-127.30841064453125,-113.11431884765625,-97.9266357421875,-82.74090576171875,-67.38726806640625,-51.8212890625,-35.963623046875,-19.80084228515625,-3.615142822265625,12.785980224609375,28.773345947265625,44.270965576171875,60.11053466796875,75.63253784179688,90.308837890625,104.6163330078125,118.66201782226562,131.57415771484375,144.367919921875,156.53506469726562,168.01168823242188,178.89935302734375,189.34481811523438,199.26687622070312,208.51885986328125,217.10211181640625,225.1795654296875,232.95700073242188
"S16",368.9735870361328,371.6315612792969,374.169189453125,376.5712661743164,378.7677764892578,380.8766784667969,382.69832611083984,384.4288024902344,385.87210845947266,387.14305114746094,388.2859115600586,389.27904510498047,390.1584930419922,390.8866424560547,391.3257751464844,391.668212890625,391.9245147705078,392.04663848876953,392.09515380859375,392.0120315551758,391.9360809326172,391.7352294921875,391.4986267089844,391.1422882080078,390.7371520996094,390.1677703857422,389.52638244628906,388.77123260498047,387.84362030029297,386.7737274169922,385.48267364501953,384.0343780517578,382.40191650390625,380.56783294677734,378.4792938232422,376.169189453125,373.6028518676758,370.816650390625,367.8014373779297,364.5934295654297,361.0852966308594,357.38951110839844,353.53118896484375,349.4718780517578,345.1553039550781,340.69602966308594,336.14845275878906,331.4110412597656,326.7523193359375,321.83848571777344,316.74598693847656,311.5806121826172,306.19580078125,300.5989227294922,294.9839172363281,289.2318878173828,283.0675964355469,276.5561218261719,269.71424865722656,262.9741973876953,256.4272918701172,249.28729248046875,241.81167602539062,234.00900268554688,226.11062622070312,217.86563110351562,209.38922119140625,200.718017578125,191.79119873046875,182.96047973632812,173.8990478515625,164.77804565429688,155.81011962890625,147.19094848632812,138.79388427734375,130.37307739257812,122.07089233398438,114.01995849609375,106.38833618164062,98.96826171875,91.86798095703125,85.07534790039062,78.50042724609375,72.27108764648438,66.80224609375,61.67974853515625,56.68927001953125,52.27679443359375,48.199493408203125,44.72686767578125,41.553375244140625,39.080322265625,37.177490234375,35.84368896484375,35.133453369140625,35.06427001953125,35.80145263671875,37.03167724609375,39.244171142578125,42.178192138671875,45.607269287109375,49.541473388671875,54.255584716796875,59.503326416015625,65.423095703125,71.62100219726562,78.047119140625,84.8199462890625,91.822021484375,99.29513549804688,107.18328857421875,115.20706176757812,123.43862915039062,131.92617797851562,140.32318115234375,149.25601196289062,158.200439453125,167.244140625,176.40240478515625,185.73495483398438,195.22674560546875,204.78121948242188,214.41455078125,223.80902099609375,232.90023803710938,242.21722412109375,251.32655334472656,259.9551544189453,268.34808349609375,276.572021484375,284.18495178222656,291.6801300048828,298.8208465576172,305.5635528564453,311.9441833496094,318.0523681640625,323.8811950683594,329.30213928222656,334.33973693847656,339.06993103027344,343.6437683105469
"S17",329.6835479736328,333.0338897705078,336.20672607421875,339.1893310546875,341.8949737548828,344.47088623046875,346.6726837158203,348.749755859375,350.44834899902344,351.9278564453125,353.2450256347656,354.3694305419922,355.3542022705078,356.149169921875,356.57801818847656,356.8899688720703,357.0976257324219,357.1357879638672,357.08372497558594,356.8629608154297,356.65370178222656,356.2763214111328,355.84649658203125,355.2496795654297,354.57835388183594,353.6761474609375,352.6595153808594,351.4792022705078,350.0537872314453,348.4208679199219,346.48170471191406,344.3161163330078,341.8890686035156,339.18397521972656,336.128173828125,332.7675476074219,329.06556701660156,325.0689239501953,320.7669372558594,316.2186279296875,311.27874755859375,306.1002502441406,300.7243347167969,295.0944519042969,289.1378936767578,283.01904296875,276.7990417480469,270.33558654785156,263.99583435058594,257.31378173828125,250.382568359375,243.3448486328125,235.99832153320312,228.34246826171875,220.65155029296875,212.75387573242188,204.26644897460938,195.28469848632812,185.84442138671875,176.5460205078125,167.52691650390625,157.68753051757812,147.41409301757812,136.721923828125,125.9315185546875,114.715576171875,103.23709106445312,91.55001831054688,79.56643676757812,67.78433227539062,55.738739013671875,43.68280029296875,31.89154052734375,20.6168212890625,9.679962158203125,-1.258056640625,-12.01348876953125,-22.407470703125,-32.20703125,-41.72039794921875,-50.79986572265625,-59.4644775390625,-67.81475830078125,-75.6934814453125,-82.5401611328125,-88.8963623046875,-95.06402587890625,-100.4185791015625,-105.28656005859375,-109.3023681640625,-112.8739013671875,-115.4698486328125,-117.2640380859375,-118.2620849609375,-118.3963623046875,-117.65631103515625,-115.832763671875,-113.35394287109375,-109.60345458984375,-104.92315673828125,-99.6275634765625,-93.7027587890625,-86.78790283203125,-79.2388916015625,-70.8592529296875,-62.1571044921875,-53.2056884765625,-43.8245849609375,-34.16119384765625,-23.9224853515625,-13.160888671875,-2.22479248046875,8.968994140625,20.48663330078125,31.885284423828125,43.964599609375,56.035980224609375,68.21572875976562,80.51019287109375,92.98898315429688,105.634765625,118.29214477539062,130.9962158203125,143.33230590820312,155.21932983398438,167.34710693359375,179.14212036132812,190.26620483398438,201.03860473632812,211.5478515625,221.24880981445312,230.77618408203125,239.82855224609375,248.3577880859375,256.42584228515625,264.15887451171875,271.53236389160156,278.38934326171875,284.7710418701172,290.7777557373047,296.60057067871094
"S18",382.3568878173828,384.80736541748047,387.15301513671875,389.3901824951172,391.4609680175781,393.45582580566406,395.1976623535156,396.8636245727539,398.28006744384766,399.54319763183594,400.6811065673828,401.69141387939453,402.5862274169922,403.3441696166992,403.84957122802734,404.2517395019531,404.5730514526367,404.76879119873047,404.8969497680664,404.8914794921875,404.90296936035156,404.8008270263672,404.66825103759766,404.42977142333984,404.1548309326172,403.7448196411133,403.28700256347656,402.7301788330078,402.03370666503906,401.22347259521484,400.22679138183594,399.10916900634766,397.83653259277344,396.39146423339844,394.7372512817383,392.89561462402344,390.83406829833984,388.58355712890625,386.1342010498047,383.5062026977539,380.6105194091797,377.5454559326172,374.3185272216797,370.9222412109375,367.27540588378906,363.47528076171875,359.59742736816406,355.54425048828125,351.54620361328125,347.31309509277344,342.9337615966797,338.49143981933594,333.85357666015625,329.06593322753906,324.2500915527344,319.34576416015625,314.10035705566406,308.56932067871094,302.77880859375,297.0632019042969,291.5010528564453,285.4487609863281,279.10902404785156,272.46356201171875,265.7483215332031,258.68711853027344,251.40728759765625,243.92022705078125,236.20159912109375,228.49533081054688,220.593017578125,212.5703125,204.6417236328125,196.994384765625,189.47274780273438,181.9332275390625,174.47634887695312,167.20132446289062,160.27713012695312,153.54019165039062,147.08892822265625,140.86727905273438,134.81292724609375,129.10977172851562,124.02938842773438,119.2467041015625,114.59567260742188,110.3739013671875,106.43594360351562,102.99453735351562,99.80438232421875,97.2110595703125,95.0850830078125,93.41677856445312,92.25039672851562,91.627197265625,91.74365234375,92.24362182617188,93.62014770507812,95.63006591796875,98.1195068359375,101.08114624023438,104.7303466796875,108.93865966796875,113.74990844726562,118.84918212890625,124.16607666015625,129.83294677734375,135.72494506835938,142.07278442382812,148.78851318359375,155.64569091796875,162.68087768554688,169.9935302734375,177.18402099609375,184.888671875,192.61053466796875,200.4293212890625,208.37652587890625,216.49923706054688,224.79437255859375,233.16497802734375,241.66452026367188,249.98548889160156,258.0831756591797,266.39599609375,274.579833984375,282.3584442138672,289.9708557128906,297.4752655029297,304.41424560546875,311.2922058105469,317.860595703125,324.0778350830078,329.9744110107422,335.6219177246094,341.00579833984375,346.0272979736328,350.68402099609375,355.0546417236328,359.2591094970703
"S19",382.3568878173828,384.80736541748047,387.15301513671875,389.3901824951172,391.4609680175781,393.45582580566406,395.1976623535156,396.8636245727539,398.28006744384766,399.54319763183594,400.6811065673828,401.69141387939453,402.5862274169922,403.3441696166992,403.84957122802734,404.2517395019531,404.5730514526367,404.76879119873047,404.8969497680664,404.8914794921875,404.90296936035156,404.8008270263672,404.66825103759766,404.42977142333984,404.1548309326172,403.7448196411133,403.28700256347656,402.7301788330078,402.03370666503906,401.22347259521484,400.22679138183594,399.10916900634766,397.83653259277344,396.39146423339844,394.7372512817383,392.89561462402344,390.83406829833984,388.58355712890625,386.1342010498047,383.5062026977539,380.6105194091797,377.5454559326172,374.3185272216797,370.9222412109375,367.27540588378906,363.47528076171875,359.59742736816406,355.54425048828125,351.54620361328125,347.31309509277344,342.9337615966797,338.49143981933594,333.85357666015625,329.06593322753906,324.2500915527344,319.34576416015625,314.10035705566406,308.56932067871094,302.77880859375,297.0632019042969,291.5010528564453,285.4487609863281,279.10902404785156,272.46356201171875,265.7483215332031,258.68711853027344,251.40728759765625,243.92022705078125,236.20159912109375,228.49533081054688,220.593017578125,212.5703125,204.6417236328125,196.994384765625,189.47274780273438,181.9332275390625,174.47634887695312,167.20132446289062,160.27713012695312,153.54019165039062,147.08892822265625,140.86727905273438,134.81292724609375,129.10977172851562,124.02938842773438,119.2467041015625,114.59567260742188,110.3739013671875,106.43594360351562,102.99453735351562,99.80438232421875,97.2110595703125,95.0850830078125,93.41677856445312,92.25039672851562,91.627197265625,91.74365234375,92.24362182617188,93.62014770507812,95.63006591796875,98.1195068359375,101.08114624023438,104.7303466796875,108.93865966796875,113.74990844726562,118.84918212890625,124.16607666015625,129.83294677734375,135.72494506835938,142.07278442382812,148.78851318359375,155.64569091796875,162.68087768554688,169.9935302734375,177.18402099609375,184.888671875,192.61053466796875,200.4293212890625,208.37652587890625,216.49923706054688,224.79437255859375,233.16497802734375,241.66452026367188,249.98548889160156,258.0831756591797,266.39599609375,274.579833984375,282.3584442138672,289.9708557128906,297.4752655029297,304.41424560546875,311.2922058105469,317.860595703125,324.0778350830078,329.9744110107422,335.6219177246094,341.00579833984375,346.0272979736328,350.68402099609375,355.0546417236328,359.2591094970703
"S20",382.3568878173828,384.80736541748047,387.15301513671875,389.3901824951172,391.4609680175781,393.45582580566406,395.1976623535156,396.8636245727539,398.28006744384766,399.54319763183594,400.6811065673828,401.69141387939453,402.5862274169922,403.3441696166992,403.84957122802734,404.2517395019531,404.5730514526367,404.76879119873047,404.8969497680664,404.8914794921875,404.90296936035156,404.8008270263672,404.66825103759766,404.42977142333984,404.1548309326172,403.7448196411133,403.28700256347656,402.7301788330078,402.03370666503906,401.22347259521484,400.22679138183594,399.10916900634766,397.83653259277344,396.39146423339844,394.7372512817383,392.89561462402344,390.83406829833984,388.58355712890625,386.1342010498047,383.5062026977539,380.6105194091797,377.5454559326172,374.3185272216797,370.9222412109375,367.27540588378906,363.47528076171875,359.59742736816406,355.54425048828125,351.54620361328125,347.31309509277344,342.9337615966797,338.49143981933594,333.85357666015625,329.06593322753906,324.2500915527344,319.34576416015625,314.10035705566406,308.56932067871094,302.77880859375,297.0632019042969,291.5010528564453,285.4487609863281,279.10902404785156,272.46356201171875,265.7483215332031,258.68711853027344,251.40728759765625,243.92022705078125,236.20159912109375,228.49533081054688,220.593017578125,212.5703125,204.6417236328125,196.994384765625,189.47274780273438,181.9332275390625,174.47634887695312,167.20132446289062,160.27713012695312,153.54019165039062,147.08892822265625,140.86727905273438,134.81292724609375,129.10977172851562,124.02938842773438,119.2467041015625,114.59567260742188,110.3739013671875,106.43594360351562,102.99453735351562,99.80438232421875,97.2110595703125,95.0850830078125,93.41677856445312,92.25039672851562,91.627197265625,91.74365234375,92.24362182617188,93.62014770507812,95.63006591796875,98.1195068359375,101.08114624023438,104.7303466796875,108.93865966796875,113.74990844726562,118.84918212890625,124.16607666015625,129.83294677734375,135.72494506835938,142.07278442382812,148.78851318359375,155.64569091796875,162.68087768554688,169.9935302734375,177.18402099609375,184.888671875,192.61053466796875,200.4293212890625,208.37652587890625,216.49923706054688,224.79437255859375,233.16497802734375,241.66452026367188,249.98548889160156,258.0831756591797,266.39599609375,274.579833984375,282.3584442138672,289.9708557128906,297.4752655029297,304.41424560546875,311.2922058105469,317.860595703125,324.0778350830078,329.9744110107422,335.6219177246094,341.00579833984375,346.0272979736328,350.68402099609375,355.0546417236328,359.2591094970703
"S21",364.6237487792969,367.3611755371094,369.9906463623047,372.4754104614258,374.7335205078125,376.9133758544922,378.7964859008789,380.5826644897461,382.06742095947266,383.3716506958008,384.55741119384766,385.57537841796875,386.49056243896484,387.2454071044922,387.68248748779297,388.0364303588867,388.29718017578125,388.4200973510742,388.46167755126953,388.3892593383789,388.30016326904297,388.0878143310547,387.83800506591797,387.47203063964844,387.0524597167969,386.4607467651367,385.78466796875,385.0032196044922,384.0421676635742,382.9341583251953,381.6005096435547,380.0950164794922,378.40696716308594,376.5173034667969,374.3577346801758,371.9689025878906,369.31297302246094,366.4278259277344,363.3054962158203,359.9917449951172,356.3697814941406,352.549072265625,348.5731658935547,344.3621826171875,339.9076843261719,335.32225036621094,330.6223602294922,325.7244567871094,320.9029541015625,315.83628845214844,310.5736083984375,305.2379608154297,299.69602966308594,293.8971405029297,259.0669250488281,282.1539611816406,275.78521728515625,269.0645751953125,261.98057556152344,210.67559814453125,227.2120361328125,240.89981079101562,215.47430419921875,210.02883911132812,212.0667724609375,199.10153198242188,191.44375610351562,190.69503784179688,181.44223022460938,172.33148193359375,162.92221069335938,153.49755859375,144.22238159179688,135.27957153320312,126.6260986328125,117.89947509765625,109.29977416992188,100.98825073242188,93.09002685546875,85.39852905273438,78.01486206054688,71.00772094726562,64.24893188476562,57.75604248046875,52.09295654296875,46.779693603515625,41.568603515625,37.04254150390625,32.843353271484375,29.27801513671875,25.992401123046875,23.40264892578125,21.408905029296875,20.02154541015625,19.31121826171875,19.2598876953125,19.959808349609375,21.24591064453125,23.537200927734375,26.596832275390625,30.1348876953125,34.18927001953125,39.092498779296875,44.47125244140625,50.595733642578125,56.993988037109375,63.66455078125,70.66409301757812,77.89395141601562,85.6021728515625,93.77297973632812,102.06393432617188,110.601806640625,119.34066772460938,128.0582275390625,137.2843017578125,146.53402709960938,155.89352416992188,165.35824584960938,175.01263427734375,184.82327270507812,194.73123168945312,204.685546875,214.39727783203125,223.77493286132812,233.42697143554688,242.84262084960938,251.77835083007812,260.4528045654297,268.93357849121094,276.83961486816406,284.5808410644531,291.9636688232422,298.938232421875,305.53233337402344,311.8384246826172,317.87274169921875,323.4659118652344,328.6758117675781,333.5577392578125,338.2962341308594
"S22",390.2313232421875,392.5186767578125,394.7080535888672,396.7964630126953,398.7299118041992,400.5924606323242,402.2183837890625,403.77391815185547,405.09717559814453,406.27689361572266,407.33919525146484,408.2833709716797,409.1189880371094,409.82691955566406,410.3000717163086,410.67613220214844,410.9769592285156,411.1608581542969,411.2817840576172,411.2767562866211,411.28868103027344,411.19437408447266,411.07176971435547,410.84999084472656,410.59423828125,410.21250915527344,409.78710174560547,409.2684631347656,408.61936950683594,407.8644104003906,406.9351348876953,405.8936080932617,404.707275390625,403.35943603515625,401.81681060791016,400.09984588623047,398.17740631103516,396.0789031982422,393.7950744628906,391.34405517578125,388.64329528808594,385.78514862060547,382.7752914428711,379.6088333129883,376.20816802978516,372.66346740722656,369.0475158691406,365.2687530517578,361.5414276123047,357.5940704345703,353.5110168457031,349.36927795410156,313.77256774902344,318.4547576904297,259.0669250488281,303.07862854003906,295.55775451660156,294.9593200683594,270.00318908691406,210.67559814453125,227.2120361328125,278.1629180908203,257.299072265625,217.86376953125,247.08700561523438,213.00640869140625,244.86778259277344,240.11029052734375,237.1378173828125,246.83604431152344,239.47329711914062,231.9947509765625,220.14248657226562,217.4791259765625,210.468017578125,203.44342041015625,196.49526977539062,189.71533203125,183.26345825195312,176.98684692382812,144.02215576171875,165.18157958984375,159.53878784179688,154.22796630859375,149.49728393554688,145.04327392578125,121.18170166015625,136.78192138671875,133.11474609375,129.90963745117188,126.94064331054688,124.53070068359375,122.5555419921875,121.00674438476562,119.92349243164062,119.346923828125,119.46395874023438,119.93389892578125,121.22256469726562,123.0999755859375,125.42544555664062,128.19110107421875,131.59451293945312,135.52438354492188,140.0128173828125,144.770263671875,149.72952270507812,155.01568603515625,160.51202392578125,166.4337158203125,172.6962890625,179.091064453125,185.6500244140625,192.46994018554688,199.17242431640625,206.35638427734375,213.55581665039062,220.8446044921875,228.25408935546875,235.82598876953125,243.55795288085938,251.3600311279297,259.28306579589844,267.0393981933594,274.5890350341797,282.33551025390625,289.9630432128906,297.2117004394531,304.3063049316406,311.3016357421875,317.7666320800781,324.1765899658203,330.29808044433594,336.0924530029297,341.58734130859375,346.84983825683594,351.8667449951172,356.54742431640625,360.88710021972656,364.9606170654297,368.8784484863281
"S23",304.2698059082031,308.3187255859375,312.22804260253906,315.94422912597656,319.3512268066406,322.6572723388672,325.5497589111328,328.30487060546875,330.62876892089844,332.6987609863281,334.59559631347656,336.24205017089844,337.73553466796875,338.99305725097656,339.7816925048828,340.4415283203125,340.9556427001953,341.25994873046875,341.4403533935547,341.45668029785156,341.4408416748047,341.2491760253906,341.00457763671875,340.6035461425781,340.13482666015625,339.436279296875,338.6269989013672,337.6875,336.51478576660156,335.14942932128906,333.4835510253906,331.5914001464844,329.4584045410156,327.05828857421875,324.29302978515625,321.20843505859375,317.7566833496094,313.9836883544922,309.8768005371094,305.49314880371094,300.6674346923828,295.54261779785156,290.1812286376953,284.46885681152344,278.3865203857422,272.09352111816406,265.61106872558594,258.8243103027344,252.1195831298828,245.06822204589844,237.74191284179688,230.31475830078125,222.61135864257812,214.55450439453125,206.5242919921875,198.28909301757812,189.50784301757812,180.2607421875,170.53012084960938,160.97998046875,151.71249389648438,141.5828857421875,130.95266723632812,119.854736328125,108.504150390625,96.70602416992188,84.49374389648438,71.97113037109375,58.95721435546875,46.075439453125,32.707794189453125,19.27313232421875,5.966094970703125,-6.944183349609375,-19.500244140625,-32.218994140625,-44.7840576171875,-56.97283935546875,-68.6258544921875,-79.99658203125,-90.95245361328125,-101.3876953125,-111.468505859375,-121.19512939453125,-129.791259765625,-137.8916015625,-145.87042236328125,-152.90985107421875,-159.5223388671875,-165.2752685546875,-170.688720703125,-175.1905517578125,-178.88653564453125,-181.776123046875,-183.73199462890625,-184.7890625,-184.82061767578125,-184.0013427734375,-181.75439453125,-178.379150390625,-174.280517578125,-169.40142822265625,-163.24847412109375,-156.3736572265625,-148.3436279296875,-139.86541748046875,-130.9373779296875,-121.48779296875,-111.680908203125,-101.13287353515625,-89.87445068359375,-78.42242431640625,-66.5882568359375,-54.4449462890625,-42.31683349609375,-29.44580078125,-16.5159912109375,-3.396484375,9.898956298828125,23.522430419921875,37.4263916015625,51.524932861328125,65.7596435546875,79.7069091796875,93.218017578125,107.220947265625,120.94802856445312,134.04342651367188,146.81399536132812,159.34732055664062,171.090087890625,182.61965942382812,193.64532470703125,204.08566284179688,213.983642578125,223.4544677734375,232.51593017578125,240.91067504882812,248.73329162597656,256.04869079589844,263.1326141357422
"S24",404.22342681884766,396.3398971557617,412.9130325317383,417.4148712158203,409.0166549682617,409.4684066772461,408.1454620361328,408.08011627197266,399.813720703125,403.67430877685547,412.70755767822266,413.6781463623047,423.72853088378906,410.4957962036133,418.1990737915039,415.43907928466797,425.0709686279297,421.18289947509766,413.78455352783203,417.8056411743164,417.18900299072266,426.5708770751953,427.13023376464844,432.82520294189453,432.51759338378906,434.3831329345703,433.92311096191406,433.39969635009766,432.76261138916016,432.03514099121094,431.17127990722656,430.1967468261719,429.1150207519531,427.91332244873047,426.54615020751953,425.04705810546875,423.38829040527344,421.5962905883789,419.6678009033203,417.6361312866211,415.43162536621094,413.1186981201172,407.7701187133789,397.1986083984375,393.95740509033203,368.32545471191406,371.3386535644531,349.92555236816406,331.62059020996094,296.7118377685547,290.74977111816406,295.53594970703125,256.96710205078125,243.97470092773438,251.44277954101562,223.78839111328125,213.88772583007812,173.82516479492188,205.7044677734375,199.45645141601562,174.39248657226562,264.22442626953125,257.299072265625,217.86376953125,247.08700561523438,220.94650268554688,244.86778259277344,218.81585693359375,229.78195190429688,249.12387084960938,264.26788330078125,232.25094604492188,204.17129516601562,214.00030517578125,220.23306274414062,233.91879272460938,204.98751831054688,207.0723876953125,135.40206909179688,220.74502563476562,206.55868530273438,234.87496948242188,229.92767333984375,213.10678100585938,123.37466430664062,158.47250366210938,183.90762329101562,183.15701293945312,109.83135986328125,217.59603881835938,118.4691162109375,103.07608032226562,179.9549560546875,138.6558837890625,150.86865234375,180.82217407226562,153.80560302734375,194.89993286132812,218.20785522460938,197.83905029296875,205.38845825195312,153.35845947265625,180.95138549804688,228.982666015625,238.71200561523438,215.80169677734375,206.1136474609375,203.23114013671875,182.9261474609375,211.78912353515625,217.23077392578125,198.79556274414062,197.38369750976562,208.84466552734375,243.82150268554688,238.77310180664062,271.3442840576172,249.4169921875,253.1216583251953,291.5011291503906,293.17987060546875,298.65794372558594,298.10133361816406,304.31471252441406,283.4580841064453,319.9447021484375,329.2062530517578,327.8931579589844,330.3808898925781,352.4098358154297,344.0060272216797,362.43125915527344,343.0277099609375,344.0305480957031,332.6964874267578,322.5387420654297,338.34437561035156,362.4073944091797,375.3771209716797,378.7414779663086,370.5953826904297
"S25",291.9885711669922,270.9266662597656,287.7367706298828,300.6526794433594,286.41017150878906,354.9330596923828,367.4457092285156,370.4233093261719,380.84510803222656,360.59022521972656,388.7384262084961,388.58277130126953,386.21875762939453,390.126953125,309.2990417480469,324.01768493652344,316.14939880371094,311.26487731933594,318.78875732421875,380.97460174560547,401.04917907714844,411.65076446533203,414.4151840209961,402.87835693359375,408.22782135009766,407.46044921875,414.1600646972656,414.71559143066406,414.2446517944336,418.27381134033203,416.96891021728516,409.73567962646484,421.41773986816406,423.9482727050781,414.38621520996094,418.54225158691406,414.2364959716797,349.7478332519531,400.13121032714844,405.8889694213867,394.5717086791992,411.27025604248047,393.0130386352539,385.23486328125,393.95740509033203,368.32545471191406,354.2474822998047,339.64866638183594,327.0620880126953,296.7118377685547,260.1427764892578,295.53594970703125,256.96710205078125,243.97470092773438,223.18099975585938,154.99957275390625,166.00692749023438,152.47967529296875,205.7044677734375,185.01858520507812,174.39248657226562,240.03140258789062,251.85743713378906,216.82672119140625,227.85284423828125,220.94650268554688,214.17398071289062,189.96868896484375,203.52822875976562,198.0941162109375,232.69561767578125,220.02481079101562,181.76895141601562,211.24392700195312,218.6439208984375,233.91879272460938,204.98751831054688,204.02920532226562,135.40206909179688,171.96844482421875,206.55868530273438,234.87496948242188,229.92767333984375,213.10678100585938,130.38580322265625,143.6160888671875,183.90762329101562,166.86550903320312,120.55648803710938,183.31698608398438,118.4691162109375,155.28695678710938,169.69561767578125,152.06314086914062,150.86865234375,155.67160034179688,137.75668334960938,172.72802734375,216.38494873046875,175.2843017578125,150.37258911132812,160.02963256835938,171.293701171875,220.32492065429688,232.291015625,215.80169677734375,206.1136474609375,200.101806640625,182.9261474609375,201.35592651367188,217.23077392578125,198.79556274414062,197.38369750976562,202.80230712890625,212.49343872070312,208.66128540039062,169.83602905273438,197.62045288085938,216.62506103515625,236.0201416015625,217.71273803710938,250.3187713623047,283.79383850097656,269.7500915527344,283.4580841064453,217.84130859375,280.45774841308594,268.6199188232422,271.38201904296875,300.62510681152344,292.3963623046875,284.61163330078125,211.40316772460938,262.6156005859375,329.8863983154297,311.9940643310547,322.17576599121094,334.9855499267578,337.53871154785156,344.12255859375,329.9598083496094
"S26",259.716552734375,252.07461547851562,287.7367706298828,273.9560089111328,286.41017150878906,276.99940490722656,307.4254455566406,295.2866516113281,276.9178466796875,289.90956115722656,264.28138732910156,266.43328857421875,320.7506866455078,336.9359130859375,309.2990417480469,349.2597961425781,333.7376251220703,311.26487731933594,349.9661102294922,331.6773986816406,339.56214904785156,347.03965759277344,335.2401428222656,337.5796661376953,354.83949279785156,343.1004333496094,348.686279296875,346.5503234863281,337.0977020263672,342.1510925292969,348.13230895996094,341.380615234375,341.5419006347656,359.92649841308594,351.52516174316406,357.641845703125,361.78814697265625,354.01133728027344,351.4194030761719,350.95330810546875,358.85853576660156,355.50244140625,321.08055114746094,273.4884490966797,291.4571990966797,288.657470703125,226.81195068359375,273.1464538574219,176.85699462890625,119.38088989257812,244.2545166015625,138.45166015625,129.88455200195312,115.00732421875,185.74160766601562,110.71688842773438,228.044677734375,189.92214965820312,192.18630981445312,175.26913452148438,106.25674438476562,160.19046020507812,179.02218627929688,223.24563598632812,167.9295654296875,197.52664184570312,212.88082885742188,193.21197509765625,96.14547729492188,180.32113647460938,210.58779907226562,183.97421264648438,215.54437255859375,192.91079711914062,203.39230346679688,168.8974609375,220.8499755859375,198.28594970703125,187.56793212890625,209.35797119140625,208.59872436523438,171.36886596679688,185.13290405273438,136.58807373046875,205.90420532226562,200.05422973632812,182.42645263671875,168.06488037109375,174.3756103515625,116.24932861328125,201.31524658203125,220.03277587890625,211.59912109375,205.02523803710938,190.9410400390625,185.63967895507812,213.85165405273438,172.72802734375,199.65383911132812,199.40408325195312,181.31390380859375,213.8089599609375,188.59432983398438,214.87557983398438,176.02822875976562,201.775390625,147.92739868164062,177.7821044921875,146.00949096679688,177.75833129882812,181.50054931640625,130.369873046875,136.43896484375,183.93365478515625,173.75946044921875,184.83343505859375,166.64028930664062,184.45135498046875,161.0848388671875,138.4599609375,162.97442626953125,129.55633544921875,156.548095703125,146.46441650390625,114.75289916992188,177.46218872070312,184.8990478515625,207.7904052734375,180.9410400390625,205.89913940429688,175.87789916992188,213.78717041015625,210.73379516601562,203.31842041015625,202.14102172851562,196.16021728515625,194.77297973632812,221.12939453125,216.3902587890625,251.16061401367188,205.00390625
"S27",212.662841796875,250.17156982421875,277.57171630859375,225.95233154296875,267.3233642578125,265.5890350341797,307.4254455566406,295.2866516113281,299.3388671875,289.2578125,296.2281951904297,287.54449462890625,320.6322479248047,336.9359130859375,322.8672332763672,349.2597961425781,333.7376251220703,340.6723937988281,349.9661102294922,344.5148162841797,339.56214904785156,347.03965759277344,341.0893096923828,340.4031677246094,354.83949279785156,355.1075744628906,348.686279296875,349.6798095703125,359.5318603515625,352.1549987792969,351.2238311767578,353.068603515625,348.2407684326172,362.85496520996094,351.92237854003906,358.43284606933594,361.78814697265625,354.01133728027344,352.91790771484375,350.95330810546875,358.85853576660156,355.50244140625,321.08055114746094,311.44557189941406,301.10443115234375,288.657470703125,226.81195068359375,273.1464538574219,236.18344116210938,226.38796997070312,244.2545166015625,177.93093872070312,228.0421142578125,154.41937255859375,216.43402099609375,235.00372314453125,228.044677734375,239.55532836914062,241.27261352539062,232.65786743164062,230.74288940429688,236.8038330078125,251.0588836669922,223.24563598632812,225.09408569335938,244.5990753173828,212.88082885742188,225.4957275390625,205.99887084960938,229.299560546875,234.90106201171875,231.46240234375,215.54437255859375,192.91079711914062,208.51654052734375,168.8974609375,198.6514892578125,192.61611938476562,186.85025024414062,181.2056884765625,175.7303466796875,170.7420654296875,166.01785278320312,161.20941162109375,157.20089721679688,153.43246459960938,149.64886474609375,146.69122314453125,143.94027709960938,141.719970703125,139.64910888671875,138.05337524414062,136.94900512695312,136.38900756835938,136.45556640625,137.02239990234375,137.9044189453125,139.4610595703125,141.73629760742188,144.6373291015625,147.76461791992188,151.23519897460938,155.44342041015625,159.74258422851562,164.71707153320312,169.82681274414062,175.23114013671875,177.7821044921875,183.06723022460938,177.75833129882812,181.50054931640625,168.65591430664062,187.36309814453125,206.6702880859375,173.75946044921875,184.83343505859375,166.64028930664062,184.45135498046875,161.0848388671875,163.929931640625,162.97442626953125,125.27487182617188,158.1046142578125,146.46441650390625,142.58612060546875,177.46218872070312,184.8990478515625,202.01040649414062,158.09393310546875,189.66323852539062,172.7213134765625,178.95065307617188,196.9993896484375,193.84515380859375,202.14102172851562,196.16021728515625,176.56927490234375,211.8489990234375,216.3902587890625,202.41311645507812,179.92999267578125
"S28",228.04180908203125,267.9866943359375,276.7570495605469,240.10379028320312,276.47776794433594,290.2236633300781,307.4254455566406,295.2866516113281,304.02601623535156,297.3043670654297,314.25067138671875,306.1658020019531,320.6322479248047,336.9359130859375,322.8672332763672,349.2597961425781,335.17864990234375,340.6723937988281,349.9661102294922,351.212890625,345.71229553222656,349.1712341308594,348.38169860839844,353.54173278808594,362.1583557128906,357.3282470703125,353.15745544433594,354.5021209716797,359.5318603515625,355.8795928955078,357.4694366455078,365.7545928955078,362.1780548095703,366.8022766113281,361.50840759277344,362.5821228027344,361.78814697265625,354.01133728027344,352.91790771484375,350.95330810546875,358.85853576660156,355.50244140625,321.08055114746094,315.79798889160156,302.38230895996094,288.657470703125,226.81195068359375,273.1464538574219,236.18344116210938,226.38796997070312,244.2545166015625,177.93093872070312,228.0421142578125,154.41937255859375,216.43402099609375,235.00372314453125,228.044677734375,239.55532836914062,241.27261352539062,232.65786743164062,230.74288940429688,236.8038330078125,251.0588836669922,223.24563598632812,225.09408569335938,244.5990753173828,212.88082885742188,225.4957275390625,205.99887084960938,229.299560546875,234.90106201171875,231.46240234375,215.54437255859375,192.91079711914062,208.51654052734375,168.8974609375,198.6514892578125,192.61611938476562,186.85025024414062,181.2056884765625,175.7303466796875,170.7420654296875,166.01785278320312,161.20941162109375,157.20089721679688,153.43246459960938,149.64886474609375,146.69122314453125,143.94027709960938,141.719970703125,139.64910888671875,138.05337524414062,136.94900512695312,136.38900756835938,136.45556640625,137.02239990234375,137.9044189453125,139.4610595703125,141.73629760742188,144.6373291015625,147.76461791992188,151.23519897460938,155.44342041015625,159.74258422851562,164.71707153320312,169.82681274414062,175.23114013671875,170.45947265625,183.06723022460938,177.75833129882812,181.50054931640625,168.65591430664062,187.36309814453125,206.6702880859375,173.75946044921875,184.83343505859375,166.64028930664062,184.45135498046875,159.23956298828125,163.929931640625,162.97442626953125,119.90731811523438,158.1046142578125,134.775146484375,145.24581909179688,174.62042236328125,146.73446655273438,155.09945678710938,164.60540771484375,172.06497192382812,172.7213134765625,151.77679443359375,163.99349975585938,158.3231201171875,175.0177001953125,180.96145629882812,178.53445434570312,201.74697875976562,216.3902587890625,166.9388427734375,189.87884521484375
"S29",301.73248291015625,328.37074279785156,303.3943176269531,309.3283386230469,338.70692443847656,326.0218505859375,343.2813415527344,362.8863220214844,354.97776794433594,330.9427032470703,357.92987060546875,350.5272674560547,342.82289123535156,366.5137176513672,360.7820129394531,363.81333923339844,376.24109649658203,373.66127014160156,376.22792053222656,376.0486373901367,375.86234283447266,375.53491973876953,375.16197204589844,374.6494598388672,374.0699234008789,373.2883987426758,372.4025421142578,371.38233947753906,370.1481170654297,368.7351989746094,367.058349609375,365.1792297363281,363.0797576904297,360.7433624267578,358.09812927246094,355.19061279296875,351.98439025878906,348.52198791503906,344.7951965332031,340.86021423339844,336.5877990722656,332.10675048828125,327.4634094238281,322.58091735839844,317.4337921142578,280.00645446777344,260.47816467285156,255.19000244140625,236.18344116210938,226.38796997070312,240.91647338867188,177.93093872070312,228.0421142578125,154.41937255859375,216.43402099609375,235.00372314453125,208.77313232421875,236.3236083984375,228.15390014648438,220.12139892578125,212.33407592773438,203.83493041992188,194.95001220703125,185.72122192382812,176.37301635742188,166.68716430664062,156.76388549804688,146.66912841796875,136.29708862304688,126.12814331054688,115.69110107421875,105.27206420898438,95.07821655273438,85.31219482421875,75.88229370117188,66.42034912109375,57.117889404296875,48.14788818359375,39.677978515625,31.447479248046875,23.57794189453125,16.11151123046875,8.9285888671875,2.09027099609375,-3.81829833984375,-9.313873291015625,-14.6668701171875,-19.25537109375,-23.4373779296875,-26.87799072265625,-29.95330810546875,-32.20001220703125,-33.7508544921875,-34.59906005859375,-34.680908203125,-34.0089111328125,-32.45635986328125,-30.28802490234375,-27.023193359375,-22.9417724609375,-18.35302734375,-13.2255859375,-7.2161865234375,-0.7056884765625,6.55413818359375,14.083099365234375,21.854949951171875,29.97491455078125,38.33514404296875,47.18701171875,56.5118408203125,65.971435546875,75.67559814453125,85.61370849609375,95.49774169921875,97.21710205078125,116.38238525390625,111.23699951171875,137.552001953125,148.345947265625,154.51068115234375,119.90731811523438,158.1046142578125,134.48614501953125,145.24581909179688,174.62042236328125,151.292724609375,166.08599853515625,196.93402099609375,210.54217529296875,181.29742431640625,185.35562133789062,169.17672729492188,174.90682983398438,175.0177001953125,202.91281127929688,247.1265106201172,263.95323181152344,163.96176147460938,253.45098876953125,277.2515869140625
"S30",301.73248291015625,328.37074279785156,303.3943176269531,309.3283386230469,338.70692443847656,326.0218505859375,343.2813415527344,357.6282043457031,354.97776794433594,330.9427032470703,357.92987060546875,350.5272674560547,342.82289123535156,364.59571838378906,360.7820129394531,363.81333923339844,365.47361755371094,365.50856018066406,365.45310974121094,365.2598114013672,365.0538635253906,364.69554138183594,364.2875061035156,363.72947692871094,363.09808349609375,362.2467956542969,361.2790832519531,360.1685333251953,358.82545471191406,357.2876739501953,355.4640197753906,353.41827392578125,351.13438415527344,348.5948944091797,345.71832275390625,342.5556182861328,339.0684814453125,335.30224609375,331.24827575683594,326.96995544433594,322.3251647949219,317.4517822265625,312.405029296875,307.0922088623047,301.4954376220703,280.00645446777344,260.47816467285156,236.98672485351562,215.95941162109375,198.4990234375,153.97171020507812,177.49307250976562,189.57220458984375,149.94561767578125,189.15878295898438,200.19107055664062,194.98983764648438,184.7794189453125,152.6627197265625,133.03976440429688,164.97012329101562,177.9344482421875,153.63168334960938,158.2294921875,148.049072265625,137.513916015625,126.71578979492188,115.73455810546875,104.44146728515625,93.37954711914062,82.01144409179688,70.6761474609375,59.582611083984375,48.94775390625,38.690826416015625,28.38665771484375,18.257659912109375,8.4967041015625,-0.72479248046875,-9.688629150390625,-18.26568603515625,-26.39300537109375,-34.2044677734375,-41.66156005859375,-48.1009521484375,-54.09014892578125,-59.93341064453125,-64.9261474609375,-69.4805908203125,-73.225830078125,-76.58087158203125,-79.04302978515625,-80.74566650390625,-81.68084716796875,-81.773681640625,-81.04742431640625,-79.38128662109375,-77.02691650390625,-73.48382568359375,-69.046142578125,-64.062744140625,-58.49383544921875,-51.9547119140625,-44.88916015625,-36.99554443359375,-28.8118896484375,-20.35760498046875,-11.529083251953125,-2.441009521484375,7.18011474609375,17.32391357421875,27.611328125,38.171661376953125,48.9744873046875,59.733917236328125,71.09054565429688,82.45077514648438,76.291748046875,105.48208618164062,110.197509765625,122.192138671875,133.798095703125,141.86965942382812,134.48614501953125,145.24581909179688,117.69534301757812,151.292724609375,166.08599853515625,196.93402099609375,210.54217529296875,181.29742431640625,185.35562133789062,169.17672729492188,174.90682983398438,175.0177001953125,202.91281127929688,247.1265106201172,263.95323181152344,163.96176147460938,253.45098876953125,277.2515869140625
"S31",301.73248291015625,328.37074279785156,303.3943176269531,309.3283386230469,338.70692443847656,326.0218505859375,343.2813415527344,362.8863220214844,354.97776794433594,344.2097473144531,357.92987060546875,353.4001770019531,342.82289123535156,366.5137176513672,360.7820129394531,363.81333923339844,372.35552978515625,372.3930969238281,372.35120391845703,372.15174865722656,371.9694366455078,371.63548278808594,371.2550048828125,370.7230529785156,370.12525939941406,369.3217010498047,368.419921875,367.3677062988281,366.09642028808594,364.640380859375,362.90940856933594,360.9792022705078,358.8135681152344,356.3969421386719,353.6689910888672,350.67002868652344,347.3658752441406,343.7993927001953,339.9606018066406,335.8991241455078,331.4874725341797,326.86505126953125,322.0621643066406,317.0408020019531,311.72242736816406,280.00645446777344,260.47816467285156,240.28240966796875,184.95095825195312,254.55735778808594,227.41033935546875,236.36135864257812,202.96804809570312,248.63449096679688,230.66455078125,192.4124755859375,202.58038330078125,75.2047119140625,112.02603149414062,191.584228515625,155.2197265625,164.07009887695312,185.24212646484375,175.69921875,166.08541870117188,156.07537841796875,145.83718872070312,58.987579345703125,69.59695434570312,114.2147216796875,103.4852294921875,92.72903442382812,82.2132568359375,72.16744995117188,62.4063720703125,52.660858154296875,43.076019287109375,33.805206298828125,-59.97613525390625,-8.66302490234375,8.515533447265625,0.79022216796875,-6.664337158203125,-68.63385009765625,-19.76470947265625,-25.42218017578125,-30.89898681640625,-35.67608642578125,-40.013427734375,-43.59405517578125,-46.7685546875,-49.061279296875,-50.6419677734375,-51.51654052734375,-51.63177490234375,-50.96563720703125,-49.3084716796875,-47.09124755859375,-43.73394775390625,-39.55523681640625,-34.81903076171875,-29.5206298828125,-23.353515625,-16.59527587890625,-9.113067626953125,-1.339508056640625,6.64764404296875,15.024627685546875,-33.916259765625,32.802459716796875,42.404998779296875,52.16741943359375,40.288055419921875,72.43862915039062,82.59994506835938,93.3814697265625,104.15261840820312,115.01693725585938,125.98812866210938,137.11953735351562,93.83340454101562,159.68453979492188,156.3541259765625,143.82357788085938,124.40087890625,203.44461059570312,193.18670654296875,182.51504516601562,196.93402099609375,210.54217529296875,191.91262817382812,185.35562133789062,169.17672729492188,174.90682983398438,156.98541259765625,202.91281127929688,247.1265106201172,263.95323181152344,204.58676147460938,253.45098876953125,277.2515869140625
"S32",328.5531311035156,282.66246032714844,310.3252868652344,356.3150177001953,358.7374572753906,361.0416564941406,363.0102996826172,364.86895751953125,366.39154052734375,367.71771240234375,368.8949737548828,369.9045715332031,370.784912109375,371.4964294433594,371.88629150390625,372.16686248779297,372.35552978515625,372.3930969238281,372.35120391845703,372.15174865722656,371.9694366455078,371.63548278808594,371.2550048828125,370.7230529785156,370.12525939941406,369.3217010498047,368.419921875,367.3677062988281,366.09642028808594,364.640380859375,362.90940856933594,360.9792022705078,358.8135681152344,356.3969421386719,353.6689910888672,350.67002868652344,347.3658752441406,343.7993927001953,339.9606018066406,335.8991241455078,331.4874725341797,326.86505126953125,322.0621643066406,317.0408020019531,311.72242736816406,306.25341796875,300.70143127441406,294.9340362548828,270.34002685546875,254.55735778808594,261.8655700683594,248.4647979736328,242.61837768554688,248.63449096679688,232.93319702148438,243.36175537109375,235.97238159179688,227.95718383789062,219.53829956054688,205.27410888671875,203.1859130859375,194.40682983398438,185.24212646484375,175.69921875,166.08541870117188,156.07537841796875,145.83718872070312,135.40838623046875,124.72848510742188,114.2147216796875,103.4852294921875,92.72903442382812,82.2132568359375,72.16744995117188,62.4063720703125,52.660858154296875,43.076019287109375,33.805206298828125,25.07086181640625,16.595672607421875,8.515533447265625,0.79022216796875,-6.664337158203125,-13.67059326171875,-19.76470947265625,-25.42218017578125,-30.89898681640625,-35.67608642578125,-40.013427734375,-43.59405517578125,-46.7685546875,-49.061279296875,-50.6419677734375,-51.51654052734375,-51.63177490234375,-50.96563720703125,-49.3084716796875,-47.09124755859375,-43.73394775390625,-39.55523681640625,-34.81903076171875,-29.5206298828125,-23.353515625,-16.59527587890625,-9.113067626953125,-1.339508056640625,6.64764404296875,15.024627685546875,23.655670166015625,32.802459716796875,42.404998779296875,52.16741943359375,62.150390625,72.43862915039062,82.59994506835938,93.3814697265625,104.15261840820312,115.01693725585938,125.98812866210938,137.11953735351562,148.39990234375,159.68453979492188,171.01861572265625,182.02322387695312,192.63421630859375,203.44461059570312,213.96478271484375,223.88116455078125,233.48883056640625,203.45623779296875,198.7359619140625,260.0072479248047,190.25497436523438,236.275146484375,186.94662475585938,189.43972778320312,282.04176330566406,289.7874450683594,308.1605987548828,313.5196990966797,318.7096862792969
"S33",357.2657775878906,360.21075439453125,363.07826232910156,365.7995910644531,368.27552795410156,370.69639587402344,372.81151580810547,374.82554626464844,376.5216598510742,378.0254440307617,379.41996002197266,380.61866760253906,381.7226028442383,382.64844512939453,383.20922088623047,383.6961669921875,384.07210540771484,384.2976837158203,384.42543029785156,384.4586181640625,384.43895721435547,384.29896545410156,384.12030029296875,383.8362045288086,383.4983825683594,382.98941802978516,382.3913345336914,381.7106475830078,380.8567123413086,379.8643798828125,378.65492248535156,377.27015686035156,375.72032165527344,373.98194122314453,371.96875,369.7261657714844,367.21038818359375,364.45896911621094,361.46434020996094,358.2763671875,354.7689514160156,351.04066467285156,347.1540222167969,342.98016357421875,338.5672149658203,334.01780700683594,329.30462646484375,324.37188720703125,304.0256042480469,254.55735778808594,261.8655700683594,248.4647979736328,242.61837768554688,248.63449096679688,240.3577880859375,243.36175537109375,255.1239013671875,252.94114685058594,223.90106201171875,205.27410888671875,225.24795532226562,222.92864990234375,193.20803833007812,206.94766235351562,204.42892456054688,206.71426391601562,197.84710693359375,188.7686767578125,179.3004150390625,169.974853515625,160.2310791015625,150.48117065429688,140.81845092773438,131.413330078125,122.33831787109375,113.09494018554688,103.9654541015625,95.14227294921875,86.68548583984375,78.42037963867188,70.433349609375,62.899658203125,55.64190673828125,48.536041259765625,42.31585693359375,36.4356689453125,30.610198974609375,25.570953369140625,20.8179931640625,16.69671630859375,12.7908935546875,9.523040771484375,6.844390869140625,4.776580810546875,3.419769287109375,2.712554931640625,2.653472900390625,3.29644775390625,4.972503662109375,7.48956298828125,10.48883056640625,14.045379638671875,18.57159423828125,23.540740966796875,29.402679443359375,35.572998046875,42.11920166015625,49.00201416015625,56.137725830078125,63.80157470703125,72.01797485351562,80.34564208984375,88.9898681640625,97.77529907226562,106.6373291015625,115.98361206054688,125.38705444335938,134.93212890625,144.59152221679688,154.49566650390625,164.58544921875,174.86654663085938,185.1961669921875,195.32211303710938,205.110595703125,215.2933349609375,225.25051879882812,234.76864624023438,244.02902221679688,253.0972900390625,261.65769958496094,270.0087127685547,278.00732421875,285.587890625,273.8477478027344,250.92041015625,306.1927490234375,289.7874450683594,317.9466094970703,323.2421569824219,328.39231872558594
"S34",344.1734161376953,347.37928771972656,350.51597595214844,353.48838806152344,356.1792907714844,358.8215026855469,361.13079833984375,363.32655334472656,365.17018127441406,366.80223083496094,368.32861328125,369.6278533935547,370.8382110595703,371.8504180908203,372.4453353881836,372.97608947753906,373.38148498535156,373.62322998046875,373.7532196044922,373.8016586303711,373.76904296875,373.6105194091797,373.4091796875,373.10015869140625,372.7294921875,372.1697540283203,371.5023956298828,370.75709533691406,369.8215789794922,368.7346496582031,367.41371154785156,365.8921813964844,364.1976623535156,362.3040466308594,360.10374450683594,357.65196228027344,354.90016174316406,351.8889465332031,348.61155700683594,345.1305694580078,341.30250549316406,337.2280731201172,332.99302673339844,328.41822814941406,323.6026611328125,318.65415954589844,313.5045166015625,308.11256408691406,302.7737121582031,297.20042419433594,291.38462829589844,285.4946594238281,279.4309997558594,273.00732421875,266.67041015625,260.1107635498047,253.1486053466797,245.8345947265625,238.08551025390625,230.52587890625,223.2047119140625,215.18450927734375,206.73773193359375,197.97219848632812,188.89544677734375,179.5631103515625,169.86691284179688,159.95309448242188,149.57778930664062,139.3995361328125,128.70626831054688,118.05227661132812,107.48443603515625,97.17092895507812,87.27444458007812,77.14645385742188,67.14755249023438,57.5106201171875,48.254791259765625,39.19683837890625,30.42034912109375,22.194183349609375,14.293792724609375,6.471282958984375,-0.34375,-6.793060302734375,-13.21697998046875,-18.697265625,-23.88336181640625,-28.369873046875,-32.650146484375,-36.26214599609375,-39.22314453125,-41.49957275390625,-42.9661865234375,-43.72650146484375,-43.8590087890625,-43.1480712890625,-41.31951904296875,-38.548583984375,-35.2825927734375,-31.4127197265625,-26.43975830078125,-21.05950927734375,-14.65167236328125,-7.92022705078125,-0.74285888671875,6.774627685546875,14.561614990234375,22.9173583984375,31.9111328125,41.007598876953125,50.48193359375,60.048431396484375,69.770751953125,79.97720336914062,90.2576904296875,100.70101928710938,111.25564575195312,122.08828735351562,133.116943359375,144.38546752929688,155.673095703125,166.7425537109375,177.42144775390625,188.57516479492188,199.460205078125,209.8826904296875,220.00567626953125,229.89889526367188,239.29501342773438,248.41912841796875,257.16542053222656,265.45738220214844,273.2984619140625,280.78199768066406,287.9868621826172,294.62110900878906,300.8291473388672,306.6112365722656,312.2525329589844
"S35",394.72093963623047,396.83985900878906,398.8997497558594,400.84107208251953,402.58526611328125,404.28748321533203,405.7562026977539,407.14749908447266,408.29949951171875,409.30506896972656,410.23731231689453,411.02315521240234,411.7482376098633,412.3424530029297,412.6637191772461,412.94283294677734,413.14402770996094,413.2402114868164,413.26526641845703,413.23050689697266,413.1499252319336,412.98197174072266,412.7845458984375,412.50667572021484,412.1824951171875,411.72071838378906,411.18225860595703,410.5768051147461,409.82879638671875,408.9679260253906,407.9345397949219,406.75540924072266,405.4456558227539,403.9870910644531,402.30896759033203,400.45475006103516,398.3878402709961,396.1405944824219,393.70872497558594,391.1380615234375,388.33074951171875,385.3642807006836,382.29378509521484,379.00402069091797,375.5580825805664,372.0311279296875,368.3848419189453,364.5850524902344,360.8371276855469,356.9237518310547,352.84388732910156,348.7110900878906,344.4459686279297,339.9341735839844,335.4705047607422,330.8404083251953,325.9089660644531,320.7158203125,315.20957946777344,309.8292999267578,304.6179504394531,298.9155731201172,292.91737365722656,286.7063446044922,280.3121643066406,273.7366943359375,266.9419250488281,260.0186767578125,252.82086181640625,245.78855895996094,238.44723510742188,231.1484375,223.95693969726562,216.98687744140625,210.32345581054688,203.54251098632812,196.86386108398438,190.44656372070312,184.3232421875,178.34454345703125,172.57620239257812,167.18270874023438,162.00689697265625,156.91598510742188,152.5360107421875,148.4090576171875,144.3199462890625,140.87973022460938,137.66604614257812,134.95343017578125,132.42062377929688,130.39559936523438,128.83883666992188,127.77877807617188,127.28323364257812,127.29434204101562,127.7784423828125,128.814697265625,130.62200927734375,133.05130004882812,135.8046875,138.94888305664062,142.80389404296875,146.93206787109375,151.70169067382812,156.66488647460938,161.89120483398438,167.32870483398438,172.93695068359375,178.90472412109375,185.27328491210938,191.70477294921875,198.37088012695312,205.1036376953125,211.91650390625,219.06271362304688,226.24307250976562,233.51492309570312,240.85238647460938,248.3463592529297,255.94525146484375,263.66961669921875,271.3782653808594,278.9044952392578,286.1473083496094,293.6492004394531,300.93971252441406,307.8803253173828,314.5947723388672,321.13597106933594,327.3053894042969,333.2884979248047,339.0068817138672,344.4151153564453,349.5160675048828,354.3827362060547,359.0659942626953,363.38426208496094,367.4209747314453,371.19024658203125,374.87293243408203
"S36",376.51629638671875,378.9416275024414,381.25382232666016,383.42505645751953,385.38297271728516,387.2588348388672,388.85992431640625,390.3706588745117,391.6055450439453,392.67615509033203,393.63939666748047,394.4555969238281,395.18050384521484,395.7638626098633,396.0676803588867,396.2989501953125,396.45178985595703,396.48382568359375,396.445556640625,396.30001068115234,396.14466094970703,395.8724899291992,395.5624084472656,395.13651275634766,394.6537780761719,394.0013198852539,393.2616424560547,392.41041564941406,391.3791275024414,390.1992645263672,388.7982864379883,387.22696685791016,385.4730987548828,383.52115631103516,381.3095474243164,378.8802032470703,376.1991958618164,373.30394744873047,370.1877746582031,366.89820861816406,363.3268737792969,359.5815734863281,355.7020568847656,351.61842346191406,347.3190612792969,342.91253662109375,338.4164733886719,333.7466583251953,329.1614685058594,324.3426055908203,319.3362731933594,314.2554473876953,308.967041015625,303.4313659667969,297.8925323486328,292.18165588378906,286.0575256347656,279.5841979980469,272.76051330566406,266.0542297363281,259.55223083496094,252.4585418701172,245.0385284423828,237.33743286132812,229.53045654296875,221.44564819335938,213.16140747070312,204.73538208007812,196.07632446289062,187.59228515625,178.87701416015625,170.17868041992188,161.6693115234375,153.51394653320312,145.65017700195312,137.75515747070312,129.99264526367188,122.51211547851562,115.44638061523438,108.57901000976562,102.01126098632812,95.792236328125,89.809326171875,84.10098266601562,79.18206787109375,74.60183715820312,70.138671875,66.3275146484375,62.852569580078125,59.99652099609375,57.4427490234375,55.5809326171875,54.299346923828125,53.60894775390625,53.5606689453125,54.141754150390625,55.4462890625,57.273223876953125,60.01806640625,63.445648193359375,67.29025268554688,71.58267211914062,76.61477661132812,82.05856323242188,88.13232421875,94.42843627929688,100.93511962890625,107.72512817382812,114.71536254882812,122.11495971679688,129.91268920898438,137.81765747070312,145.931640625,154.228759765625,162.49136352539062,171.21286010742188,179.9371337890625,188.7406005859375,197.61965942382812,206.63436889648438,215.7572021484375,224.91995239257812,234.08551025390625,242.98843383789062,251.55641174316406,260.3164367675781,268.8221893310547,276.85472106933594,284.6209411621094,292.1867370605469,299.20635986328125,306.0688934326172,312.5973358154297,318.7529754638672,324.5659942626953,330.1293182373047,335.45106506347656,340.3899688720703,344.99266052246094,349.3178253173828,353.5235290527344
"S37",376.51629638671875,378.9416275024414,381.25382232666016,383.42505645751953,385.38297271728516,387.2588348388672,388.85992431640625,390.3706588745117,391.6055450439453,392.67615509033203,393.63939666748047,394.4555969238281,395.18050384521484,395.7638626098633,396.0676803588867,396.2989501953125,396.45178985595703,396.48382568359375,396.445556640625,396.30001068115234,396.14466094970703,395.8724899291992,395.5624084472656,395.13651275634766,394.6537780761719,394.0013198852539,393.2616424560547,392.41041564941406,391.3791275024414,390.1992645263672,388.7982864379883,387.22696685791016,385.4730987548828,383.52115631103516,381.3095474243164,378.8802032470703,376.1991958618164,373.30394744873047,370.1877746582031,366.89820861816406,363.3268737792969,359.5815734863281,355.7020568847656,351.61842346191406,347.3190612792969,342.91253662109375,338.4164733886719,333.7466583251953,329.1614685058594,324.3426055908203,319.3362731933594,314.2554473876953,308.967041015625,303.4313659667969,297.8925323486328,292.18165588378906,286.0575256347656,279.5841979980469,272.76051330566406,266.0542297363281,259.55223083496094,252.4585418701172,245.0385284423828,237.33743286132812,229.53045654296875,221.44564819335938,213.16140747070312,204.73538208007812,196.07632446289062,187.59228515625,178.87701416015625,170.17868041992188,161.6693115234375,153.51394653320312,145.65017700195312,137.75515747070312,129.99264526367188,122.51211547851562,115.44638061523438,108.57901000976562,102.01126098632812,95.792236328125,89.809326171875,84.10098266601562,79.18206787109375,74.60183715820312,70.138671875,66.3275146484375,62.852569580078125,59.99652099609375,57.4427490234375,55.5809326171875,54.299346923828125,53.60894775390625,53.5606689453125,54.141754150390625,55.4462890625,57.273223876953125,60.01806640625,63.445648193359375,67.29025268554688,71.58267211914062,76.61477661132812,82.05856323242188,88.13232421875,94.42843627929688,100.93511962890625,107.72512817382812,114.71536254882812,122.11495971679688,129.91268920898438,137.81765747070312,145.931640625,154.228759765625,162.49136352539062,171.21286010742188,179.9371337890625,188.7406005859375,197.61965942382812,206.63436889648438,215.7572021484375,224.91995239257812,234.08551025390625,242.98843383789062,251.55641174316406,260.3164367675781,268.8221893310547,276.85472106933594,284.6209411621094,292.1867370605469,299.20635986328125,306.0688934326172,312.5973358154297,318.7529754638672,324.5659942626953,330.1293182373047,335.45106506347656,340.3899688720703,344.99266052246094,349.3178253173828,353.5235290527344
"S38",329.6835479736328,333.0338897705078,336.20672607421875,339.1893310546875,341.8949737548828,344.47088623046875,346.6726837158203,348.749755859375,350.44834899902344,351.9278564453125,353.2450256347656,354.3694305419922,355.3542022705078,356.149169921875,356.57801818847656,356.8899688720703,357.0976257324219,357.1357879638672,357.08372497558594,356.8629608154297,356.65370178222656,356.2763214111328,355.84649658203125,355.2496795654297,354.57835388183594,353.6761474609375,352.6595153808594,351.4792022705078,350.0537872314453,348.4208679199219,346.48170471191406,344.3161163330078,341.8890686035156,339.18397521972656,336.128173828125,332.7675476074219,329.06556701660156,325.0689239501953,320.7669372558594,316.2186279296875,311.27874755859375,306.1002502441406,300.7243347167969,295.0944519042969,289.1378936767578,283.01904296875,276.7990417480469,270.33558654785156,263.99583435058594,257.31378173828125,250.382568359375,243.3448486328125,235.99832153320312,228.34246826171875,220.65155029296875,212.75387573242188,204.26644897460938,195.28469848632812,185.84442138671875,176.5460205078125,167.52691650390625,157.68753051757812,147.41409301757812,136.721923828125,125.9315185546875,114.715576171875,103.23709106445312,91.55001831054688,79.56643676757812,67.78433227539062,55.738739013671875,43.68280029296875,31.89154052734375,20.6168212890625,9.679962158203125,-1.258056640625,-12.01348876953125,-22.407470703125,-32.20703125,-41.72039794921875,-50.79986572265625,-59.4644775390625,-67.81475830078125,-75.6934814453125,-82.5401611328125,-88.8963623046875,-95.06402587890625,-100.4185791015625,-105.28656005859375,-109.3023681640625,-112.8739013671875,-115.4698486328125,-117.2640380859375,-118.2620849609375,-118.3963623046875,-117.65631103515625,-115.832763671875,-113.35394287109375,-109.60345458984375,-104.92315673828125,-99.6275634765625,-93.7027587890625,-86.78790283203125,-79.2388916015625,-70.8592529296875,-62.1571044921875,-53.2056884765625,-43.8245849609375,-34.16119384765625,-23.9224853515625,-13.160888671875,-2.22479248046875,8.968994140625,20.48663330078125,31.885284423828125,43.964599609375,56.035980224609375,68.21572875976562,80.51019287109375,92.98898315429688,105.634765625,118.29214477539062,130.9962158203125,143.33230590820312,155.21932983398438,167.34710693359375,179.14212036132812,190.26620483398438,201.03860473632812,211.5478515625,221.24880981445312,230.77618408203125,239.82855224609375,248.3577880859375,256.42584228515625,264.15887451171875,271.53236389160156,278.38934326171875,284.7710418701172,290.7777557373047,296.60057067871094
"S39",382.3568878173828,384.80736541748047,387.15301513671875,389.3901824951172,391.4609680175781,393.45582580566406,395.1976623535156,396.8636245727539,398.28006744384766,399.54319763183594,400.6811065673828,401.69141387939453,402.5862274169922,403.3441696166992,403.84957122802734,404.2517395019531,404.5730514526367,404.76879119873047,404.8969497680664,404.8914794921875,404.90296936035156,404.8008270263672,404.66825103759766,404.42977142333984,404.1548309326172,403.7448196411133,403.28700256347656,402.7301788330078,402.03370666503906,401.22347259521484,400.22679138183594,399.10916900634766,397.83653259277344,396.39146423339844,394.7372512817383,392.89561462402344,390.83406829833984,388.58355712890625,386.1342010498047,383.5062026977539,380.6105194091797,377.5454559326172,374.3185272216797,370.9222412109375,367.27540588378906,363.47528076171875,359.59742736816406,355.54425048828125,351.54620361328125,347.31309509277344,342.9337615966797,338.49143981933594,333.85357666015625,329.06593322753906,324.2500915527344,319.34576416015625,314.10035705566406,308.56932067871094,302.77880859375,297.0632019042969,291.5010528564453,285.4487609863281,279.10902404785156,272.46356201171875,265.7483215332031,258.68711853027344,251.40728759765625,243.92022705078125,236.20159912109375,228.49533081054688,220.593017578125,212.5703125,204.6417236328125,196.994384765625,189.47274780273438,181.9332275390625,174.47634887695312,167.20132446289062,160.27713012695312,153.54019165039062,147.08892822265625,140.86727905273438,134.81292724609375,129.10977172851562,124.02938842773438,119.2467041015625,114.59567260742188,110.3739013671875,106.43594360351562,102.99453735351562,99.80438232421875,97.2110595703125,95.0850830078125,93.41677856445312,92.25039672851562,91.627197265625,91.74365234375,92.24362182617188,93.62014770507812,95.63006591796875,98.1195068359375,101.08114624023438,104.7303466796875,108.93865966796875,113.74990844726562,118.84918212890625,124.16607666015625,129.83294677734375,135.72494506835938,142.07278442382812,148.78851318359375,155.64569091796875,162.68087768554688,169.9935302734375,177.18402099609375,184.888671875,192.61053466796875,200.4293212890625,208.37652587890625,216.49923706054688,224.79437255859375,233.16497802734375,241.66452026367188,249.98548889160156,258.0831756591797,266.39599609375,274.579833984375,282.3584442138672,289.9708557128906,297.4752655029297,304.41424560546875,311.2922058105469,317.860595703125,324.0778350830078,329.9744110107422,335.6219177246094,341.00579833984375,346.0272979736328,350.68402099609375,355.0546417236328,359.2591094970703
"S40",382.3568878173828,384.80736541748047,387.15301513671875,389.3901824951172,391.4609680175781,393.45582580566406,395.1976623535156,396.8636245727539,398.28006744384766,399.54319763183594,400.6811065673828,401.69141387939453,402.5862274169922,403.3441696166992,403.84957122802734,404.2517395019531,404.5730514526367,404.76879119873047,404.8969497680664,404.8914794921875,404.90296936035156,404.8008270263672,404.66825103759766,404.42977142333984,404.1548309326172,403.7448196411133,403.28700256347656,402.7301788330078,402.03370666503906,401.22347259521484,400.22679138183594,399.10916900634766,397.83653259277344,396.39146423339844,394.7372512817383,392.89561462402344,390.83406829833984,388.58355712890625,386.1342010498047,383.5062026977539,380.6105194091797,377.5454559326172,374.3185272216797,370.9222412109375,367.27540588378906,363.47528076171875,359.59742736816406,355.54425048828125,351.54620361328125,347.31309509277344,342.9337615966797,338.49143981933594,333.85357666015625,329.06593322753906,324.2500915527344,319.34576416015625,314.10035705566406,308.56932067871094,302.77880859375,297.0632019042969,291.5010528564453,285.4487609863281,279.10902404785156,272.46356201171875,265.7483215332031,258.68711853027344,251.40728759765625,243.92022705078125,236.20159912109375,228.49533081054688,220.593017578125,212.5703125,204.6417236328125,196.994384765625,189.47274780273438,181.9332275390625,174.47634887695312,167.20132446289062,160.27713012695312,153.54019165039062,147.08892822265625,140.86727905273438,134.81292724609375,129.10977172851562,124.02938842773438,119.2467041015625,114.59567260742188,110.3739013671875,106.43594360351562,102.99453735351562,99.80438232421875,97.2110595703125,95.0850830078125,93.41677856445312,92.25039672851562,91.627197265625,91.74365234375,92.24362182617188,93.62014770507812,95.63006591796875,98.1195068359375,101.08114624023438,104.7303466796875,108.93865966796875,113.74990844726562,118.84918212890625,124.16607666015625,129.83294677734375,135.72494506835938,142.07278442382812,148.78851318359375,155.64569091796875,162.68087768554688,169.9935302734375,177.18402099609375,184.888671875,192.61053466796875,200.4293212890625,208.37652587890625,216.49923706054688,224.79437255859375,233.16497802734375,241.66452026367188,249.98548889160156,258.0831756591797,266.39599609375,274.579833984375,282.3584442138672,289.9708557128906,297.4752655029297,304.41424560546875,311.2922058105469,317.860595703125,324.0778350830078,329.9744110107422,335.6219177246094,341.00579833984375,346.0272979736328,350.68402099609375,355.0546417236328,359.2591094970703
"S41",382.3568878173828,384.80736541748047,387.15301513671875,389.3901824951172,391.4609680175781,393.45582580566406,395.1976623535156,396.8636245727539,398.28006744384766,399.54319763183594,400.6811065673828,401.69141387939453,402.5862274169922,403.3441696166992,403.84957122802734,404.2517395019531,404.5730514526367,404.76879119873047,404.8969497680664,404.8914794921875,404.90296936035156,404.8008270263672,404.66825103759766,404.42977142333984,404.1548309326172,403.7448196411133,403.28700256347656,402.7301788330078,402.03370666503906,401.22347259521484,400.22679138183594,399.10916900634766,397.83653259277344,396.39146423339844,394.7372512817383,392.89561462402344,390.83406829833984,388.58355712890625,386.1342010498047,383.5062026977539,380.6105194091797,377.5454559326172,374.3185272216797,370.9222412109375,367.27540588378906,363.47528076171875,359.59742736816406,355.54425048828125,351.54620361328125,347.31309509277344,342.9337615966797,338.49143981933594,333.85357666015625,329.06593322753906,324.2500915527344,319.34576416015625,314.10035705566406,308.56932067871094,302.77880859375,297.0632019042969,291.5010528564453,285.4487609863281,279.10902404785156,272.46356201171875,265.7483215332031,258.68711853027344,251.40728759765625,243.92022705078125,236.20159912109375,228.49533081054688,220.593017578125,212.5703125,204.6417236328125,196.994384765625,189.47274780273438,181.9332275390625,174.47634887695312,167.20132446289062,160.27713012695312,153.54019165039062,147.08892822265625,140.86727905273438,134.81292724609375,129.10977172851562,124.02938842773438,119.2467041015625,114.59567260742188,110.3739013671875,106.43594360351562,102.99453735351562,99.80438232421875,97.2110595703125,95.0850830078125,93.41677856445312,92.25039672851562,91.627197265625,91.74365234375,92.24362182617188,93.62014770507812,95.63006591796875,98.1195068359375,101.08114624023438,104.7303466796875,108.93865966796875,113.74990844726562,118.84918212890625,124.16607666015625,129.83294677734375,135.72494506835938,142.07278442382812,148.78851318359375,155.64569091796875,162.68087768554688,169.9935302734375,177.18402099609375,184.888671875,192.61053466796875,200.4293212890625,208.37652587890625,216.49923706054688,224.79437255859375,233.16497802734375,241.66452026367188,249.98548889160156,258.0831756591797,266.39599609375,274.579833984375,282.3584442138672,289.9708557128906,297.4752655029297,304.41424560546875,311.2922058105469,317.860595703125,324.0778350830078,329.9744110107422,335.6219177246094,341.00579833984375,346.0272979736328,350.68402099609375,355.0546417236328,359.2591094970703
"S42",347.0633087158203,350.1582336425781,353.12255859375,355.9252624511719,358.4789581298828,360.93760681152344,363.06260681152344,365.07838439941406,366.75469970703125,368.22979736328125,369.5650634765625,370.7153015136719,371.7435760498047,372.59285736083984,373.09131622314453,373.48877716064453,373.78263092041016,373.9197082519531,373.9675979614258,373.8779983520508,373.77984619140625,373.5397033691406,373.2572326660156,372.84044647216797,372.3647003173828,371.69573974609375,370.9342498779297,370.04945373535156,368.9629669189453,367.7095947265625,366.20069885253906,364.501220703125,362.59165954589844,360.45228576660156,358.0109405517578,355.30918884277344,352.3077697753906,349.04783630371094,345.5197296142578,341.77244567871094,337.6758575439453,333.3555603027344,328.8548583984375,324.0997619628906,319.0582733154297,313.86279296875,308.5471496582031,303.0066680908203,297.55517578125,291.8186798095703,285.86474609375,279.8269500732422,273.5470733642578,266.9903869628906,250.7576904296875,250.78515625,230.49734497070312,205.13677978515625,230.86993408203125,222.99343872070312,207.06918334960938,207.00155639648438,196.00411987304688,189.13870239257812,179.872314453125,170.23733520507812,160.31842041015625,150.18185424804688,139.71755981445312,129.3970947265625,118.76239013671875,108.0953369140625,97.59906005859375,87.48980712890625,77.6815185546875,67.80816650390625,58.077789306640625,48.661529541015625,39.721160888671875,31.0194091796875,22.673980712890625,14.72747802734375,7.0556640625,-0.277740478515625,-6.69573974609375,-12.71044921875,-18.5980224609375,-23.747314453125,-28.5184326171875,-32.57470703125,-36.3035888671875,-39.237060546875,-41.49737548828125,-43.08062744140625,-43.90911865234375,-43.99078369140625,-43.1883544921875,-41.75189208984375,-39.17706298828125,-35.740234375,-31.74658203125,-27.165283203125,-21.638427734375,-15.54583740234375,-8.627899169921875,-1.39398193359375,6.130615234375,14.04241943359375,22.217193603515625,30.936798095703125,40.167236328125,49.543975830078125,59.186920166015625,69.0863037109375,78.931396484375,89.37094116210938,99.83230590820312,110.41683959960938,121.12493896484375,132.04571533203125,143.14984130859375,154.34649658203125,165.61322021484375,176.60360717773438,187.2230224609375,198.14077758789062,208.79949951171875,218.90863037109375,228.7294921875,238.3377685546875,247.27317810058594,256.0408630371094,264.3981628417969,272.2909698486328,279.7583770751953,286.9040832519531,293.7323303222656,300.06773376464844,305.96502685546875,311.4953155517578,316.85546875
"S43",381.5910339355469,392.5186767578125,381.43675994873047,396.7964630126953,398.7299118041992,394.71131896972656,402.2183837890625,403.77391815185547,405.09717559814453,406.27689361572266,407.33919525146484,404.9060363769531,409.1189880371094,409.82691955566406,410.3000717163086,410.67613220214844,410.9769592285156,406.8997573852539,410.6591110229492,411.2767562866211,411.28868103027344,411.19437408447266,411.07176971435547,410.84999084472656,410.59423828125,410.21250915527344,409.78710174560547,409.2684631347656,408.61936950683594,407.8644104003906,406.9351348876953,405.8936080932617,404.707275390625,403.35943603515625,401.81681060791016,400.09984588623047,398.17740631103516,396.0789031982422,393.7950744628906,391.34405517578125,388.64329528808594,385.78514862060547,382.7752914428711,379.6088333129883,376.20816802978516,372.66346740722656,369.0475158691406,365.2687530517578,359.6044006347656,341.6229705810547,319.423828125,326.6029357910156,298.15020751953125,315.45738220214844,251.44277954101562,250.78515625,230.49734497070312,205.13677978515625,238.48858642578125,229.0487060546875,207.06918334960938,278.1629180908203,257.299072265625,217.86376953125,247.08700561523438,213.00640869140625,244.86778259277344,240.11029052734375,237.1378173828125,246.83604431152344,239.47329711914062,231.9947509765625,220.14248657226562,217.4791259765625,210.468017578125,203.44342041015625,196.49526977539062,189.71533203125,183.26345825195312,176.98684692382812,155.97427368164062,165.18157958984375,159.53878784179688,154.22796630859375,149.49728393554688,145.04327392578125,123.43789672851562,136.78192138671875,133.11474609375,129.90963745117188,126.94064331054688,124.53070068359375,122.5555419921875,121.00674438476562,119.92349243164062,119.346923828125,119.46395874023438,119.93389892578125,121.22256469726562,123.0999755859375,125.42544555664062,128.19110107421875,131.59451293945312,135.52438354492188,140.0128173828125,144.770263671875,149.72952270507812,155.01568603515625,160.51202392578125,166.4337158203125,172.6962890625,179.091064453125,185.6500244140625,192.46994018554688,199.17242431640625,206.35638427734375,213.55581665039062,220.8446044921875,228.25408935546875,235.82598876953125,243.55795288085938,251.3600311279297,259.28306579589844,267.0393981933594,274.5890350341797,230.22579956054688,289.9630432128906,297.2117004394531,304.3063049316406,311.3016357421875,317.7666320800781,324.1765899658203,330.29808044433594,336.0924530029297,341.58734130859375,336.0792236328125,316.4981994628906,356.1184997558594,334.848388671875,348.1270751953125,368.8784484863281
"S44",227.25775146484375,232.92959594726562,238.32965087890625,243.47906494140625,248.2621612548828,252.8460235595703,256.8626403808594,260.6938018798828,263.93861389160156,266.84877014160156,269.46018981933594,271.7707824707031,273.81005859375,275.5395812988281,276.69415283203125,277.60093688964844,278.32110595703125,278.74200439453125,279.01426696777344,278.9710388183594,278.9822235107422,278.7227325439453,278.39036560058594,277.8102111816406,277.1498260498047,276.1804962158203,275.08953857421875,273.7725524902344,272.13951110839844,270.23341369628906,267.89996337890625,265.2871856689453,262.3046569824219,258.9266052246094,255.0684356689453,250.75819396972656,245.95155334472656,240.7032470703125,234.9898681640625,228.86129760742188,222.10763549804688,214.95022583007812,207.41415405273438,199.49627685546875,190.9642333984375,182.0777587890625,173.01620483398438,163.5283203125,154.17721557617188,144.2686767578125,134.01800537109375,123.61541748046875,112.74472045898438,101.51876831054688,90.21279907226562,78.72943115234375,66.42446899414062,53.434234619140625,39.860687255859375,26.45758056640625,13.426727294921875,-0.7890625,-15.6505126953125,-31.26348876953125,-47.03436279296875,-63.6055908203125,-80.6956787109375,-98.27032470703125,-116.4091796875,-134.52667236328125,-153.0948486328125,-171.91607666015625,-190.5341796875,-208.4898681640625,-226.19482421875,-243.9478759765625,-261.496826171875,-278.632568359375,-294.939697265625,-310.80535888671875,-326.00665283203125,-340.72845458984375,-355.0286865234375,-368.47027587890625,-380.53472900390625,-391.8494873046875,-402.870849609375,-412.93231201171875,-422.31597900390625,-430.52581787109375,-438.1495361328125,-444.4033203125,-449.547607421875,-453.6448974609375,-456.55548095703125,-458.19610595703125,-458.06854248046875,-457.04736328125,-454.00518798828125,-449.46453857421875,-443.7677001953125,-436.94927978515625,-428.509521484375,-418.76763916015625,-407.603271484375,-395.7537841796875,-383.4371337890625,-370.25384521484375,-356.546630859375,-341.76715087890625,-326.1241455078125,-310.11572265625,-293.70684814453125,-276.58648681640625,-259.7890625,-241.761962890625,-223.7021484375,-205.39617919921875,-186.79443359375,-167.76251220703125,-148.28582763671875,-128.6961669921875,-108.75177001953125,-89.2274169921875,-70.236572265625,-50.7017822265625,-31.46417236328125,-13.1800537109375,4.724395751953125,22.369598388671875,38.67559814453125,54.8692626953125,70.31561279296875,84.92242431640625,98.81051635742188,112.13629150390625,124.80184936523438,136.60617065429688,147.5611572265625,157.84783935546875,167.73297119140625
"S45",301.0476531982422,305.1454772949219,309.1356658935547,308.0131530761719,316.36041259765625,319.72386169433594,322.66651916503906,325.4642639160156,327.81427001953125,329.90074157714844,331.83961486816406,333.4975280761719,335.02978515625,336.3138732910156,337.08233642578125,337.7540283203125,338.26910400390625,338.57275390625,338.7395782470703,338.7841796875,338.7471008300781,338.5432434082031,338.2845764160156,337.8821105957031,337.4043731689453,336.68800354003906,335.8394012451172,334.8827819824219,333.6861114501953,332.2939758300781,330.6020050048828,328.6612548828125,326.4914245605469,324.0633544921875,321.25001525878906,318.1119079589844,314.59556579589844,310.7487487792969,306.5615234375,302.1083679199219,297.20965576171875,291.99754333496094,286.5701141357422,280.73170471191406,274.5618591308594,268.2102508544922,261.62025451660156,254.71775817871094,247.8887481689453,240.74392700195312,233.2972412109375,225.7528076171875,217.96807861328125,209.74996948242188,201.61740112304688,193.22561645507812,184.30386352539062,174.92257690429688,165.00616455078125,155.31515502929688,145.926513671875,135.64212036132812,124.82614135742188,113.5777587890625,101.97116088867188,90.00320434570312,77.58084106445312,64.86959838867188,51.589447021484375,38.52764892578125,24.85369873046875,11.2015380859375,-2.33758544921875,-15.52886962890625,-28.24114990234375,-41.21453857421875,-54.02349853515625,-66.39337158203125,-78.2584228515625,-89.8603515625,-101.085693359375,-111.663818359375,-121.83599853515625,-131.830810546875,-140.5870361328125,-148.85699462890625,-157.07159423828125,-164.1549072265625,-170.8436279296875,-176.640869140625,-182.1519775390625,-186.79217529296875,-190.600341796875,-193.55145263671875,-195.488037109375,-196.51788330078125,-196.67242431640625,-195.80694580078125,-193.50958251953125,-190.0196533203125,-185.86273193359375,-180.9244384765625,-174.6041259765625,-167.705078125,-159.5274658203125,-150.92242431640625,-141.78424072265625,-132.17724609375,-122.2205810546875,-111.5279541015625,-100.0440673828125,-88.405517578125,-76.3116455078125,-64.03631591796875,-51.62615966796875,-38.55499267578125,-25.3997802734375,-12.03729248046875,1.476837158203125,15.34381103515625,29.47760009765625,43.878631591796875,58.34356689453125,72.52529907226562,86.22085571289062,100.50112915039062,114.45547485351562,127.80319213867188,140.78350830078125,153.48309326171875,165.49807739257812,177.20550537109375,188.4178466796875,199.04214477539062,209.10116577148438,218.71209716796875,227.94326782226562,236.45623779296875,244.41436767578125,251.83547973632812,259.0593566894531
"S46",291.9885711669922,270.9266662597656,281.6428985595703,285.39422607421875,283.58338928222656,354.9330596923828,367.4457092285156,370.4233093261719,380.84510803222656,360.59022521972656,388.7384262084961,388.58277130126953,386.21875762939453,390.126953125,308.7810821533203,297.11509704589844,314.0770568847656,302.99916076660156,301.4588317871094,380.97460174560547,401.04917907714844,411.65076446533203,414.4151840209961,402.87835693359375,408.22782135009766,407.46044921875,414.1600646972656,414.71559143066406,414.2446517944336,418.27381134033203,416.96891021728516,409.73567962646484,421.41773986816406,423.9482727050781,414.38621520996094,418.54225158691406,414.2364959716797,349.7478332519531,400.13121032714844,405.8889694213867,394.5717086791992,411.27025604248047,393.0130386352539,385.23486328125,393.95740509033203,368.32545471191406,354.2474822998047,339.64866638183594,327.0620880126953,303.1878967285156,273.0283660888672,298.41326904296875,260.69969177246094,243.97470092773438,223.18099975585938,172.03231811523438,191.47402954101562,182.60366821289062,240.73736572265625,215.15390014648438,197.82699584960938,246.5984649658203,267.7416229248047,243.3685302734375,253.1018829345703,241.060791015625,225.25125122070312,225.4840087890625,211.5963134765625,202.9278564453125,255.26248168945312,256.5092468261719,213.69564819335938,240.5439453125,236.11480712890625,256.20660400390625,224.50482177734375,219.01828002929688,169.64785766601562,200.21115112304688,230.78463745117188,243.8331298828125,249.52024841308594,221.76336669921875,112.88937377929688,177.13516235351562,213.99835205078125,201.2596435546875,123.22613525390625,208.63009643554688,176.71826171875,119.8514404296875,208.29022216796875,176.12335205078125,186.1505126953125,193.69931030273438,163.02297973632812,91.59884643554688,216.38494873046875,158.19912719726562,150.37258911132812,-33.9986572265625,173.12619018554688,220.32492065429688,232.291015625,215.80169677734375,206.1136474609375,200.101806640625,182.9261474609375,201.35592651367188,217.23077392578125,198.79556274414062,197.38369750976562,202.80230712890625,212.49343872070312,208.66128540039062,169.83602905273438,197.62045288085938,216.62506103515625,236.0201416015625,217.71273803710938,250.3187713623047,283.79383850097656,269.7500915527344,283.4580841064453,217.84130859375,280.45774841308594,268.6199188232422,271.38201904296875,300.62510681152344,292.3963623046875,284.61163330078125,211.40316772460938,262.6156005859375,329.8863983154297,311.9940643310547,322.17576599121094,334.9855499267578,337.53871154785156,344.12255859375,329.9598083496094
"S47",93.57974243164062,138.56845092773438,180.88595581054688,199.02670288085938,213.955322265625,210.10769653320312,184.13943481445312,199.92074584960938,244.30088806152344,257.0316619873047,266.4882507324219,274.5142059326172,248.28720092773438,248.73683166503906,236.56069946289062,250.87681579589844,255.86367797851562,263.96055603027344,268.8580017089844,299.84490966796875,320.61622619628906,316.14442443847656,309.04559326171875,329.8546447753906,316.9580383300781,321.7873229980469,332.59393310546875,320.1397247314453,328.3607177734375,349.0140686035156,319.7232666015625,326.4293518066406,342.556396484375,322.4503936767578,335.7515106201172,335.59483337402344,327.30259704589844,317.2279815673828,331.32928466796875,279.9345245361328,326.7908020019531,323.9224548339844,298.162109375,292.2173767089844,264.8514099121094,255.14649963378906,233.82901000976562,221.74029541015625,165.61367797851562,127.99444580078125,107.67214965820312,149.62353515625,111.919677734375,70.79095458984375,-3.13397216796875,26.42474365234375,71.63735961914062,3.92083740234375,19.93048095703125,16.39923095703125,-5.231719970703125,33.0777587890625,36.810211181640625,28.45135498046875,44.536163330078125,-8.556365966796875,-15.55242919921875,29.278594970703125,-53.449462890625,-27.5494384765625,-4.425750732421875,30.557037353515625,-10.534271240234375,42.862457275390625,14.22509765625,28.154937744140625,-20.68023681640625,-43.24951171875,-55.3033447265625,10.57952880859375,-43.62994384765625,-69.16644287109375,-29.790283203125,-41.48089599609375,-32.86431884765625,-14.63494873046875,0.4503173828125,-13.8592529296875,-20.625244140625,7.17333984375,46.654144287109375,-2.794403076171875,20.183837890625,11.600250244140625,-38.29730224609375,-3.052947998046875,20.337799072265625,52.606842041015625,59.28863525390625,13.274627685546875,-6.195159912109375,-33.9986572265625,14.00750732421875,-39.8817138671875,19.76263427734375,-51.134033203125,44.298797607421875,-75.1885986328125,-88.8505859375,22.8951416015625,30.97100830078125,23.827239990234375,24.67254638671875,11.8427734375,72.71539306640625,55.981658935546875,-1.875396728515625,-73.1436767578125,-4.08489990234375,-28.63824462890625,-12.9903564453125,-60.835693359375,-4.155609130859375,24.55035400390625,-41.7119140625,35.2454833984375,-15.3466796875,4.665679931640625,53.850555419921875,82.0118408203125,80.096923828125,74.6533203125,4.8876953125,61.917694091796875,69.99630737304688,67.0323486328125,92.37960815429688,76.96722412109375,85.90093994140625,57.292236328125,47.591094970703125
"S48",11.99969482421875,98.058837890625,138.9058837890625,141.07763671875,181.25283813476562,176.654541015625,171.92657470703125,196.19161987304688,213.78042602539062,211.4716796875,240.32272338867188,212.28338623046875,259.44984436035156,252.1033935546875,239.7403564453125,240.16107177734375,234.78024291992188,255.3278350830078,254.24200439453125,270.8840789794922,274.9651641845703,270.9000244140625,275.627197265625,288.9712677001953,281.9799499511719,267.76800537109375,297.2467956542969,287.8838653564453,290.2021179199219,317.3881530761719,295.03733825683594,290.1772003173828,313.8008270263672,303.80824279785156,297.13336181640625,301.48353576660156,304.5010528564453,303.17694091796875,301.8472595214844,265.24717712402344,272.89830017089844,271.15516662597656,249.90127563476562,228.40310668945312,208.97543334960938,188.257080078125,176.54916381835938,144.614013671875,83.07553100585938,38.731292724609375,31.6134033203125,79.89834594726562,4.12664794921875,70.79095458984375,-9.25408935546875,-4.9737548828125,-20.65521240234375,-33.060546875,-102.5357666015625,16.39923095703125,-23.328369140625,33.0777587890625,14.25372314453125,25.088409423828125,-28.46337890625,-8.8760986328125,-15.55242919921875,16.57000732421875,-53.449462890625,-27.5494384765625,-58.1859130859375,3.47808837890625,-25.49395751953125,-44.92041015625,-22.2099609375,-34.87750244140625,-39.14892578125,-46.46905517578125,-34.8873291015625,-7.86785888671875,-78.01556396484375,-62.5574951171875,-38.582763671875,-41.48089599609375,-32.86431884765625,-49.267578125,-63.599609375,-13.8592529296875,5.04986572265625,5.915985107421875,46.654144287109375,-41.0760498046875,6.77166748046875,-55.729736328125,-25.07586669921875,-32.884033203125,-3.404144287109375,-24.202392578125,-2.6026611328125,22.61151123046875,-2.821319580078125,-25.92755126953125,-19.2484130859375,-39.7357177734375,8.50433349609375,-85.89898681640625,-4.574310302734375,30.06280517578125,-17.65191650390625,-58.60333251953125,-22.5970458984375,-53.13311767578125,-53.10540771484375,-36.6246337890625,-29.402099609375,-58.31439208984375,-85.92181396484375,-139.12054443359375,-35.5999755859375,-93.61669921875,-54.39495849609375,-71.1527099609375,-49.1455078125,-33.86346435546875,-64.70989990234375,-34.20733642578125,-47.399169921875,-90.4664306640625,-4.37652587890625,3.510223388671875,10.44000244140625,-22.48687744140625,-47.70751953125,-16.99078369140625,36.960662841796875,57.29779052734375,21.671844482421875,-11.106231689453125,31.88885498046875,-41.37359619140625,-26.255126953125
"S49",228.04180908203125,234.09133911132812,231.264404296875,149.69729614257812,276.47776794433594,239.1639404296875,250.7127227783203,255.2207794189453,289.6509246826172,285.4624938964844,299.9086456298828,296.747802734375,292.19798278808594,306.11375427246094,318.7615661621094,312.39292907714844,304.95811462402344,329.7819519042969,326.4068603515625,324.11521911621094,330.7582244873047,311.9757995605469,321.0870361328125,326.3883514404297,330.53834533691406,330.67897033691406,333.3339538574219,346.84889221191406,326.79832458496094,335.587890625,325.39393615722656,333.59698486328125,329.5296325683594,321.8040313720703,315.2998809814453,337.99957275390625,324.61553955078125,314.42242431640625,333.08544921875,306.8280029296875,300.57789611816406,303.5710906982422,271.70152282714844,285.17222595214844,259.2144317626953,209.86306762695312,154.53271484375,144.614013671875,83.07553100585938,97.34228515625,94.20248413085938,64.86434936523438,72.92568969726562,70.79095458984375,0.121429443359375,35.3138427734375,-25.90362548828125,-26.36737060546875,26.2645263671875,16.39923095703125,-3.042449951171875,33.0777587890625,14.25372314453125,25.088409423828125,-2.75103759765625,15.920928955078125,20.25689697265625,24.5802001953125,-53.7220458984375,17.391265869140625,-24.00030517578125,3.47808837890625,-25.49395751953125,-64.38153076171875,-22.2099609375,-41.285888671875,-39.14892578125,44.360809326171875,30.94854736328125,28.1280517578125,-30.5357666015625,6.7574462890625,-38.582763671875,-31.496826171875,11.310516357421875,53.599029541015625,-67.39068603515625,48.178802490234375,98.0887451171875,73.52700805664062,91.38580322265625,95.85238647460938,132.34976196289062,76.358154296875,96.53335571289062,105.48406982421875,102.08758544921875,70.36968994140625,71.5316162109375,92.20123291015625,59.758392333984375,30.886138916015625,56.715179443359375,4.958343505859375,29.893585205078125,79.57998657226562,64.14309692382812,88.75845336914062,28.949676513671875,49.6273193359375,103.41748046875,23.246795654296875,-26.03338623046875,103.103759765625,-57.544189453125,-124.671875,-44.374755859375,-16.546142578125,4.02105712890625,27.374237060546875,-9.089263916015625,27.14703369140625,80.52688598632812,-83.2916259765625,89.62139892578125,96.58248901367188,107.15185546875,128.56591796875,164.60540771484375,131.52191162109375,96.34255981445312,150.15570068359375,79.04830932617188,101.13836669921875,107.32046508789062,156.88525390625,173.1990966796875,201.74697875976562,99.66143798828125,83.82156372070312,189.87884521484375
"S50",301.73248291015625,328.37074279785156,303.3943176269531,309.3283386230469,338.70692443847656,326.0218505859375,343.2813415527344,362.8863220214844,354.97776794433594,330.9427032470703,357.92987060546875,350.5272674560547,342.82289123535156,366.5137176513672,360.7820129394531,363.81333923339844,376.24109649658203,373.66127014160156,376.22792053222656,376.0486373901367,375.86234283447266,375.53491973876953,375.16197204589844,374.6494598388672,374.0699234008789,373.2883987426758,372.4025421142578,371.38233947753906,370.1481170654297,368.7351989746094,367.058349609375,365.1792297363281,363.0797576904297,360.7433624267578,358.09812927246094,355.19061279296875,351.98439025878906,348.52198791503906,344.7951965332031,340.86021423339844,336.5877990722656,332.10675048828125,327.4634094238281,322.58091735839844,317.4337921142578,280.00645446777344,260.47816467285156,232.82815551757812,184.95095825195312,151.1597900390625,142.91085815429688,75.25897216796875,72.92568969726562,33.8302001953125,7.975982666015625,35.3138427734375,-7.040618896484375,11.115753173828125,26.2645263671875,-41.94061279296875,-3.042449951171875,0.315704345703125,-17.1505126953125,18.330963134765625,-2.75103759765625,15.920928955078125,20.25689697265625,24.5802001953125,-53.7220458984375,17.391265869140625,-24.00030517578125,-8.367584228515625,-75.8101806640625,-64.38153076171875,-28.31622314453125,-101.6993408203125,-110.771484375,44.360809326171875,30.94854736328125,28.1280517578125,-30.5357666015625,6.7574462890625,-54.96160888671875,-31.496826171875,-3.81829833984375,-9.313873291015625,-67.39068603515625,-19.25537109375,-23.4373779296875,-26.87799072265625,-29.95330810546875,-32.20001220703125,-33.7508544921875,-34.59906005859375,-34.680908203125,-34.0089111328125,-32.45635986328125,-30.28802490234375,-27.023193359375,-22.9417724609375,-18.35302734375,-13.2255859375,-7.2161865234375,-0.7056884765625,6.55413818359375,14.083099365234375,21.854949951171875,29.97491455078125,28.949676513671875,47.18701171875,56.5118408203125,23.246795654296875,-26.03338623046875,85.61370849609375,-57.544189453125,-53.6199951171875,-2.455169677734375,-16.546142578125,4.02105712890625,36.554046630859375,93.83340454101562,109.294921875,120.27566528320312,128.309814453125,124.40087890625,117.69534301757812,151.292724609375,166.08599853515625,196.93402099609375,210.54217529296875,181.29742431640625,185.35562133789062,169.17672729492188,174.90682983398438,149.61038208007812,202.91281127929688,247.1265106201172,263.95323181152344,158.59451293945312,253.45098876953125,277.2515869140625
"S51",307.0833435058594,310.8782653808594,311.5690155029297,317.8412780761719,320.90521240234375,323.81834411621094,326.30992126464844,328.6593322753906,330.57969665527344,332.2544250488281,333.7428894042969,335.01380920410156,336.1245880126953,337.0216522216797,337.50721740722656,337.85765075683594,338.0904541015625,338.1303405761719,338.0694580078125,337.8144226074219,337.57679748535156,337.147216796875,336.6580047607422,335.9786376953125,335.21563720703125,334.19189453125,333.038330078125,331.6984558105469,330.0819549560547,328.22930908203125,326.0299835205078,323.57537841796875,320.82252502441406,317.75440979003906,314.2904357910156,310.4790954589844,306.2829284667969,301.75282287597656,296.8765106201172,291.7201385498047,286.11952209472656,280.2478942871094,274.15086364746094,267.7705841064453,261.0138244628906,254.07154846191406,247.01795959472656,239.68658447265625,232.49685668945312,224.916015625,167.0159912109375,96.00668334960938,72.92568969726562,51.996337890625,55.898223876953125,62.99639892578125,52.889923095703125,43.001068115234375,26.2645263671875,-28.991943359375,-3.042449951171875,-2.029052734375,-17.1505126953125,18.330963134765625,-2.75103759765625,15.920928955078125,20.25689697265625,24.5802001953125,-53.7220458984375,9.848663330078125,-24.00030517578125,-17.49884033203125,-75.8101806640625,-64.38153076171875,-56.0919189453125,-101.6993408203125,-130.11920166015625,-92.5211181640625,-103.64727783203125,-114.447021484375,-124.75238037109375,-134.6005859375,-144.0909423828125,-153.03216552734375,-160.8170166015625,-168.0382080078125,-175.04345703125,-181.14117431640625,-186.68310546875,-191.2579345703125,-195.3258056640625,-198.2869873046875,-200.3375244140625,-201.4896240234375,-201.6639404296875,-200.84625244140625,-198.78643798828125,-195.991943359375,-191.75732421875,-186.46844482421875,-180.47430419921875,-173.76397705078125,-165.93408203125,-157.377197265625,-147.88238525390625,-138.01922607421875,-127.88177490234375,-117.2484130859375,-106.294677734375,-94.68701171875,-82.48931884765625,-70.08770751953125,-57.39923095703125,-44.329833984375,-57.544189453125,-53.6199951171875,-4.013092041015625,-16.546142578125,4.02105712890625,36.554046630859375,52.25726318359375,66.61148071289062,81.02783203125,95.02615356445312,108.51571655273438,122.27838134765625,135.66629028320312,148.29055786132812,160.51870727539062,172.44952392578125,183.45587158203125,185.35562133789062,204.54791259765625,214.2271728515625,197.37484741210938,219.34255981445312,240.53939819335938,248.3230743408203,234.10910034179688,262.3865966796875,268.9945068359375
"S52",328.6579132080078,335.5716094970703,320.76588439941406,356.3150177001953,338.70692443847656,361.0416564941406,363.0102996826172,364.86895751953125,354.97776794433594,358.7911682128906,368.8949737548828,369.9045715332031,352.20359802246094,371.4964294433594,371.88629150390625,372.16686248779297,372.35552978515625,372.3930969238281,372.35120391845703,372.15174865722656,371.9694366455078,371.63548278808594,371.2550048828125,370.7230529785156,370.12525939941406,369.3217010498047,368.419921875,367.3677062988281,366.09642028808594,364.640380859375,362.90940856933594,360.9792022705078,358.8135681152344,356.3969421386719,353.6689910888672,350.67002868652344,347.3658752441406,343.7993927001953,339.9606018066406,335.8991241455078,331.4874725341797,326.86505126953125,322.0621643066406,317.0408020019531,311.72242736816406,306.25341796875,300.70143127441406,269.8915710449219,289.27809143066406,283.3110656738281,276.6212615966797,214.52072143554688,167.099365234375,207.34613037109375,159.533447265625,223.32589721679688,192.40997314453125,172.52069091796875,215.75607299804688,97.18368530273438,36.7867431640625,-23.54888916015625,-125.55450439453125,-52.30853271484375,-15.00067138671875,-9.64459228515625,28.453704833984375,2.548309326171875,-39.52471923828125,1.82305908203125,-26.28045654296875,-73.6405029296875,-222.74139404296875,-255.54876708984375,-230.744140625,-119.16650390625,-145.58197021484375,-128.29388427734375,-198.680419921875,-213.912841796875,-104.46368408203125,-113.61077880859375,-143.87841796875,-219.96685791015625,-185.720703125,-217.72576904296875,-235.46856689453125,-196.4290771484375,-186.722412109375,-139.66534423828125,-194.7366943359375,-83.6732177734375,-107.353271484375,-198.4635009765625,-114.97271728515625,-177.3861083984375,-250.57611083984375,-264.1505126953125,-192.66168212890625,-106.56280517578125,-81.06817626953125,-82.57611083984375,-52.69207763671875,-212.59747314453125,-128.10211181640625,-1.339508056640625,-78.6627197265625,-218.9642333984375,-211.10430908203125,-125.05316162109375,-57.72802734375,-107.031005859375,50.234466552734375,-89.62890625,-39.78564453125,-53.6199951171875,31.6954345703125,89.874755859375,-41.97271728515625,121.1168212890625,148.39990234375,159.68453979492188,171.01861572265625,152.29751586914062,192.63421630859375,192.732177734375,213.96478271484375,223.88116455078125,202.2742919921875,242.8681640625,251.50929260253906,185.35562133789062,268.08030700683594,275.6866455078125,282.8813781738281,289.77781677246094,296.35084533691406,278.761962890625,308.1605987548828,313.5196990966797,318.7096862792969
"S53",328.6579132080078,335.5716094970703,320.76588439941406,356.3150177001953,358.7374572753906,361.0416564941406,363.0102996826172,364.86895751953125,366.39154052734375,367.71771240234375,368.8949737548828,369.9045715332031,370.784912109375,371.4964294433594,371.88629150390625,372.16686248779297,372.35552978515625,372.3930969238281,372.35120391845703,372.15174865722656,371.9694366455078,371.63548278808594,371.2550048828125,370.7230529785156,370.12525939941406,369.3217010498047,368.419921875,367.3677062988281,366.09642028808594,364.640380859375,362.90940856933594,360.9792022705078,358.8135681152344,356.3969421386719,353.6689910888672,350.67002868652344,347.3658752441406,343.7993927001953,339.9606018066406,335.8991241455078,331.4874725341797,326.86505126953125,322.0621643066406,317.0408020019531,311.72242736816406,306.25341796875,300.70143127441406,294.9340362548828,289.27809143066406,283.3110656738281,276.6212615966797,248.4647979736328,242.61837768554688,220.1024169921875,232.93319702148438,243.36175537109375,235.97238159179688,227.95718383789062,219.53829956054688,205.27410888671875,203.1859130859375,194.40682983398438,185.24212646484375,175.69921875,166.08541870117188,156.07537841796875,145.83718872070312,135.40838623046875,124.72848510742188,114.2147216796875,103.4852294921875,92.72903442382812,82.2132568359375,72.16744995117188,62.4063720703125,52.660858154296875,43.076019287109375,33.805206298828125,25.07086181640625,16.595672607421875,8.515533447265625,0.79022216796875,-6.664337158203125,-13.67059326171875,-19.76470947265625,-25.42218017578125,-30.89898681640625,-35.67608642578125,-40.013427734375,-43.59405517578125,-46.7685546875,-49.061279296875,-50.6419677734375,-51.51654052734375,-51.63177490234375,-50.96563720703125,-49.3084716796875,-47.09124755859375,-43.73394775390625,-39.55523681640625,-34.81903076171875,-29.5206298828125,-23.353515625,-16.59527587890625,-9.113067626953125,-1.339508056640625,6.64764404296875,15.024627685546875,23.655670166015625,32.802459716796875,42.404998779296875,52.16741943359375,62.150390625,72.43862915039062,82.59994506835938,93.3814697265625,104.15261840820312,115.01693725585938,125.98812866210938,137.11953735351562,148.39990234375,159.68453979492188,171.01861572265625,182.02322387695312,192.63421630859375,203.44461059570312,213.96478271484375,223.88116455078125,233.48883056640625,242.8681640625,251.50929260253906,260.0072479248047,268.08030700683594,275.6866455078125,282.8813781738281,289.77781677246094,296.35084533691406,289.7874450683594,308.1605987548828,313.5196990966797,318.7096862792969
"S54",389.68431091308594,396.83985900878906,398.8997497558594,400.84107208251953,402.58526611328125,404.28748321533203,405.7562026977539,407.14749908447266,408.29949951171875,409.30506896972656,410.23731231689453,411.02315521240234,411.7482376098633,412.3424530029297,412.6637191772461,412.94283294677734,413.14402770996094,413.2402114868164,413.26526641845703,413.23050689697266,413.1499252319336,412.98197174072266,412.7845458984375,412.50667572021484,412.1824951171875,411.72071838378906,411.18225860595703,410.5768051147461,409.82879638671875,408.9679260253906,407.9345397949219,406.75540924072266,405.4456558227539,403.9870910644531,402.30896759033203,400.45475006103516,398.3878402709961,396.1405944824219,393.70872497558594,391.1380615234375,388.33074951171875,385.3642807006836,382.29378509521484,379.00402069091797,375.5580825805664,372.0311279296875,368.3848419189453,364.5850524902344,350.5077819824219,354.35597229003906,276.6212615966797,248.4647979736328,242.61837768554688,220.1024169921875,240.3577880859375,243.36175537109375,255.1239013671875,252.94114685058594,223.90106201171875,205.27410888671875,225.24795532226562,222.92864990234375,188.8046875,191.00982666015625,204.42892456054688,243.71517944335938,243.83929443359375,211.94146728515625,224.22509765625,186.4234619140625,221.30462646484375,206.90048217773438,158.15127563476562,199.47891235351562,204.60287475585938,118.69247436523438,153.70611572265625,176.677734375,161.37014770507812,178.34454345703125,172.57620239257812,132.88858032226562,123.89013671875,145.67254638671875,145.73294067382812,148.4090576171875,144.3199462890625,140.42990112304688,137.66604614257812,134.95343017578125,132.42062377929688,130.39559936523438,128.83883666992188,127.77877807617188,127.28323364257812,127.29434204101562,127.7784423828125,128.814697265625,130.62200927734375,133.05130004882812,135.8046875,138.94888305664062,142.80389404296875,146.93206787109375,151.70169067382812,156.66488647460938,157.35714721679688,167.32870483398438,172.93695068359375,178.90472412109375,185.27328491210938,191.70477294921875,198.37088012695312,165.77865600585938,155.51654052734375,161.9539794921875,177.49404907226562,177.737548828125,148.28274536132812,201.80868530273438,189.6053466796875,205.36447143554688,247.1785430908203,254.41612243652344,232.39688110351562,293.6492004394531,288.11952209472656,299.89825439453125,314.5947723388672,321.13597106933594,327.3053894042969,329.05389404296875,339.0068817138672,322.1355743408203,308.1125183105469,319.52662658691406,324.1383056640625,289.7874450683594,367.4209747314453,371.19024658203125,374.87293243408203
"S55",404.4689178466797,406.45548248291016,408.3675765991211,410.1892318725586,411.8670425415039,413.49132537841797,414.9083480834961,416.26332092285156,417.41416931152344,418.4373779296875,419.36637115478516,420.18592834472656,420.91905975341797,421.5384063720703,421.9425506591797,422.27166748046875,422.5330352783203,422.69361877441406,422.7960433959961,422.80089569091797,422.8067169189453,422.72367095947266,422.61588287353516,422.4259033203125,422.2043991088867,421.8716735839844,421.4964599609375,421.04624938964844,420.4812545776367,419.82479095458984,419.0177993774414,418.1081237792969,417.0771789550781,415.9089050292969,414.5671081542969,413.07462310791016,411.4011688232422,409.5736846923828,407.5848846435547,405.4546661376953,403.1083755493164,400.6233367919922,398.01304626464844,395.2516174316406,392.3000946044922,389.23160552978516,386.0888137817383,382.80470275878906,356.60203552246094,301.38787841796875,318.7679748535156,314.8026885986328,315.47271728515625,295.7019805908203,308.0670928955078,271.9919738769531,255.1239013671875,265.3748016357422,269.62286376953125,284.92938232421875,238.76336669921875,241.53741455078125,234.74600219726562,223.796875,226.54776000976562,253.9827117919922,243.83929443359375,232.82693481445312,229.18045043945312,234.36505126953125,240.78704833984375,223.50823974609375,220.1182861328125,217.009765625,248.35671997070312,234.86529541015625,236.20751953125,176.677734375,193.70709228515625,219.264892578125,214.02731323242188,209.00830078125,204.13290405273438,199.49615478515625,195.39175415039062,191.51983642578125,187.739990234375,184.35284423828125,181.185302734375,178.423095703125,175.850830078125,173.75149536132812,172.03231811523438,170.69473266601562,169.77792358398438,169.29962158203125,169.37832641601562,169.80416870117188,170.938232421875,172.59469604492188,174.62066650390625,177.02496337890625,180.00531005859375,183.40316772460938,187.312744140625,191.44808959960938,195.78103637695312,200.379150390625,205.15664672851562,210.12387084960938,203.4180908203125,215.24343872070312,227.03195190429688,195.03677368164062,238.7861328125,161.9539794921875,251.2843780517578,257.62379455566406,207.897705078125,270.6438446044922,277.358154296875,284.1552734375,291.0349578857422,297.7722473144531,272.1226348876953,311.057373046875,317.67974853515625,323.98248291015625,330.14112854003906,336.20367431640625,341.83717346191406,347.39752197265625,352.7130432128906,357.74720764160156,362.51564025878906,350.5358123779297,371.4375915527344,321.0700988769531,379.2649383544922,382.7969207763672,386.20423126220703
"S56",386.1613464355469,388.5211868286133,390.80274200439453,392.97308349609375,394.9625473022461,396.89591217041016,398.58361053466797,400.1947326660156,401.55846405029297,402.7697296142578,403.8785629272461,404.84680938720703,405.72286224365234,406.46082305908203,406.92870330810547,407.3191680908203,407.62584686279297,407.8124008178711,407.92626953125,407.9400177001953,407.9378433227539,407.8337097167969,407.6995315551758,407.4728317260742,407.20653533935547,406.80613708496094,406.34696197509766,405.80772399902344,405.13121032714844,404.34508514404297,403.38208770751953,402.28980255126953,401.05802154541016,399.6679229736328,398.0661087036133,396.28330993652344,394.28407287597656,392.0995101928711,389.7219543457031,387.18157958984375,384.38478088378906,381.4182586669922,378.31153869628906,375.00536346435547,371.4866638183594,367.8406524658203,364.08949279785156,360.1670837402344,356.29139709472656,352.2122802734375,347.9772186279297,343.6844482421875,339.2291717529297,334.5809631347656,329.9438781738281,325.1873474121094,320.117919921875,314.7817077636719,309.16558837890625,303.6493377685547,298.29095458984375,292.44683837890625,286.30926513671875,279.9049530029297,273.36712646484375,266.55516052246094,259.5103302001953,252.2822723388672,244.78570556640625,237.35589599609375,229.659423828125,221.90414428710938,214.2294921875,206.79071044921875,199.55191040039062,192.23382568359375,185.00067138671875,177.98046875,171.2735595703125,164.73223876953125,158.43804931640625,152.44400024414062,146.64047241210938,141.05718994140625,136.136474609375,131.49072265625,126.92849731445312,122.89691162109375,119.11392211914062,115.82229614257812,112.73556518554688,110.19070434570312,108.105712890625,106.48818969726562,105.39813232421875,104.82894897460938,104.8660888671875,105.37451171875,106.71905517578125,108.70526123046875,111.11016845703125,113.96356201171875,117.53805541992188,121.55313110351562,126.21844482421875,131.1439208984375,136.32998657226562,141.81353759765625,147.50631713867188,153.62857055664062,160.15115356445312,166.78240966796875,173.62957763671875,180.65765380859375,187.66561889648438,195.10931396484375,202.5855712890625,210.1644287109375,217.85003662109375,225.71737670898438,233.73858642578125,241.87933349609375,250.09530639648438,258.1443634033203,265.9502258300781,274.0177764892578,281.93101501464844,289.47547912597656,296.83489990234375,304.0644989013672,310.8244323730469,317.4659423828125,323.8197326660156,329.83885192871094,335.53802490234375,340.9867706298828,346.2051544189453,351.0472869873047,355.55372619628906,359.76963806152344,363.8497009277344
"S57",376.51629638671875,378.9416275024414,381.25382232666016,383.42505645751953,385.38297271728516,387.2588348388672,388.85992431640625,390.3706588745117,391.6055450439453,392.67615509033203,393.63939666748047,394.4555969238281,395.18050384521484,395.7638626098633,396.0676803588867,396.2989501953125,396.45178985595703,396.48382568359375,396.445556640625,396.30001068115234,396.14466094970703,395.8724899291992,395.5624084472656,395.13651275634766,394.6537780761719,394.0013198852539,393.2616424560547,392.41041564941406,391.3791275024414,390.1992645263672,388.7982864379883,387.22696685791016,385.4730987548828,383.52115631103516,381.3095474243164,378.8802032470703,376.1991958618164,373.30394744873047,370.1877746582031,366.89820861816406,363.3268737792969,359.5815734863281,355.7020568847656,351.61842346191406,347.3190612792969,342.91253662109375,338.4164733886719,333.7466583251953,329.1614685058594,324.3426055908203,319.3362731933594,314.2554473876953,308.967041015625,303.4313659667969,297.8925323486328,292.18165588378906,286.0575256347656,279.5841979980469,272.76051330566406,266.0542297363281,259.55223083496094,252.4585418701172,245.0385284423828,237.33743286132812,229.53045654296875,221.44564819335938,213.16140747070312,204.73538208007812,196.07632446289062,187.59228515625,178.87701416015625,170.17868041992188,161.6693115234375,153.51394653320312,145.65017700195312,137.75515747070312,129.99264526367188,122.51211547851562,115.44638061523438,108.57901000976562,102.01126098632812,95.792236328125,89.809326171875,84.10098266601562,79.18206787109375,74.60183715820312,70.138671875,66.3275146484375,62.852569580078125,59.99652099609375,57.4427490234375,55.5809326171875,54.299346923828125,53.60894775390625,53.5606689453125,54.141754150390625,55.4462890625,57.273223876953125,60.01806640625,63.445648193359375,67.29025268554688,71.58267211914062,76.61477661132812,82.05856323242188,88.13232421875,94.42843627929688,100.93511962890625,107.72512817382812,114.71536254882812,122.11495971679688,129.91268920898438,137.81765747070312,145.931640625,154.228759765625,162.49136352539062,171.21286010742188,179.9371337890625,188.7406005859375,197.61965942382812,206.63436889648438,215.7572021484375,224.91995239257812,234.08551025390625,242.98843383789062,251.55641174316406,260.3164367675781,268.8221893310547,276.85472106933594,284.6209411621094,292.1867370605469,299.20635986328125,306.0688934326172,312.5973358154297,318.7529754638672,324.5659942626953,330.1293182373047,335.45106506347656,340.3899688720703,344.99266052246094,349.3178253173828,353.5235290527344
"S58",376.51629638671875,378.9416275024414,381.25382232666016,383.42505645751953,385.38297271728516,387.2588348388672,388.85992431640625,390.3706588745117,391.6055450439453,392.67615509033203,393.63939666748047,394.4555969238281,395.18050384521484,395.7638626098633,396.0676803588867,396.2989501953125,396.45178985595703,396.48382568359375,396.445556640625,396.30001068115234,396.14466094970703,395.8724899291992,395.5624084472656,395.13651275634766,394.6537780761719,394.0013198852539,393.2616424560547,392.41041564941406,391.3791275024414,390.1992645263672,388.7982864379883,387.22696685791016,385.4730987548828,383.52115631103516,381.3095474243164,378.8802032470703,376.1991958618164,373.30394744873047,370.1877746582031,366.89820861816406,363.3268737792969,359.5815734863281,355.7020568847656,351.61842346191406,347.3190612792969,342.91253662109375,338.4164733886719,333.7466583251953,329.1614685058594,324.3426055908203,319.3362731933594,314.2554473876953,308.967041015625,303.4313659667969,297.8925323486328,292.18165588378906,286.0575256347656,279.5841979980469,272.76051330566406,266.0542297363281,259.55223083496094,252.4585418701172,245.0385284423828,237.33743286132812,229.53045654296875,221.44564819335938,213.16140747070312,204.73538208007812,196.07632446289062,187.59228515625,178.87701416015625,170.17868041992188,161.6693115234375,153.51394653320312,145.65017700195312,137.75515747070312,129.99264526367188,122.51211547851562,115.44638061523438,108.57901000976562,102.01126098632812,95.792236328125,89.809326171875,84.10098266601562,79.18206787109375,74.60183715820312,70.138671875,66.3275146484375,62.852569580078125,59.99652099609375,57.4427490234375,55.5809326171875,54.299346923828125,53.60894775390625,53.5606689453125,54.141754150390625,55.4462890625,57.273223876953125,60.01806640625,63.445648193359375,67.29025268554688,71.58267211914062,76.61477661132812,82.05856323242188,88.13232421875,94.42843627929688,100.93511962890625,107.72512817382812,114.71536254882812,122.11495971679688,129.91268920898438,137.81765747070312,145.931640625,154.228759765625,162.49136352539062,171.21286010742188,179.9371337890625,188.7406005859375,197.61965942382812,206.63436889648438,215.7572021484375,224.91995239257812,234.08551025390625,242.98843383789062,251.55641174316406,260.3164367675781,268.8221893310547,276.85472106933594,284.6209411621094,292.1867370605469,299.20635986328125,306.0688934326172,312.5973358154297,318.7529754638672,324.5659942626953,330.1293182373047,335.45106506347656,340.3899688720703,344.99266052246094,349.3178253173828,353.5235290527344
"S59",329.6835479736328,333.0338897705078,336.20672607421875,339.1893310546875,341.8949737548828,344.47088623046875,346.6726837158203,348.749755859375,350.44834899902344,351.9278564453125,353.2450256347656,354.3694305419922,355.3542022705078,356.149169921875,356.57801818847656,356.8899688720703,357.0976257324219,357.1357879638672,357.08372497558594,356.8629608154297,356.65370178222656,356.2763214111328,355.84649658203125,355.2496795654297,354.57835388183594,353.6761474609375,352.6595153808594,351.4792022705078,350.0537872314453,348.4208679199219,346.48170471191406,344.3161163330078,341.8890686035156,339.18397521972656,336.128173828125,332.7675476074219,329.06556701660156,325.0689239501953,320.7669372558594,316.2186279296875,311.27874755859375,306.1002502441406,300.7243347167969,295.0944519042969,289.1378936767578,283.01904296875,276.7990417480469,270.33558654785156,263.99583435058594,257.31378173828125,250.382568359375,243.3448486328125,235.99832153320312,228.34246826171875,220.65155029296875,212.75387573242188,204.26644897460938,195.28469848632812,185.84442138671875,176.5460205078125,167.52691650390625,157.68753051757812,147.41409301757812,136.721923828125,125.9315185546875,114.715576171875,103.23709106445312,91.55001831054688,79.56643676757812,67.78433227539062,55.738739013671875,43.68280029296875,31.89154052734375,20.6168212890625,9.679962158203125,-1.258056640625,-12.01348876953125,-22.407470703125,-32.20703125,-41.72039794921875,-50.79986572265625,-59.4644775390625,-67.81475830078125,-75.6934814453125,-82.5401611328125,-88.8963623046875,-95.06402587890625,-100.4185791015625,-105.28656005859375,-109.3023681640625,-112.8739013671875,-115.4698486328125,-117.2640380859375,-118.2620849609375,-118.3963623046875,-117.65631103515625,-115.832763671875,-113.35394287109375,-109.60345458984375,-104.92315673828125,-99.6275634765625,-93.7027587890625,-86.78790283203125,-79.2388916015625,-70.8592529296875,-62.1571044921875,-53.2056884765625,-43.8245849609375,-34.16119384765625,-23.9224853515625,-13.160888671875,-2.22479248046875,8.968994140625,20.48663330078125,31.885284423828125,43.964599609375,56.035980224609375,68.21572875976562,80.51019287109375,92.98898315429688,105.634765625,118.29214477539062,130.9962158203125,143.33230590820312,155.21932983398438,167.34710693359375,179.14212036132812,190.26620483398438,201.03860473632812,211.5478515625,221.24880981445312,230.77618408203125,239.82855224609375,248.3577880859375,256.42584228515625,264.15887451171875,271.53236389160156,278.38934326171875,284.7710418701172,290.7777557373047,296.60057067871094
"S60",341.0484313964844,344.1879577636719,347.1390380859375,349.91917419433594,352.4607849121094,354.8642883300781,356.9182891845703,358.8598937988281,360.4552307128906,361.8491973876953,363.0719757080078,364.1337585449219,365.044189453125,365.78309631347656,366.20774841308594,366.4992980957031,366.69952392578125,366.7406311035156,366.7050323486328,366.4801483154297,366.30072021484375,365.9560546875,365.5632629394531,365.00376892089844,364.37925720214844,363.5428009033203,362.6142883300781,361.51527404785156,360.18943786621094,358.6700744628906,356.860595703125,354.85365295410156,352.59156799316406,350.0599670410156,347.2113800048828,344.07911682128906,340.6315002441406,336.9120178222656,332.90855407714844,328.66363525390625,324.05055236816406,319.22222900390625,314.19073486328125,308.9628601074219,303.3975372314453,297.65606689453125,291.854736328125,285.82945251464844,279.9266815185547,273.6772766113281,267.21240234375,260.6448059082031,253.7589111328125,246.64088439941406,239.44638061523438,232.09646606445312,224.17831420898438,215.78927612304688,207.00473022460938,198.32077026367188,189.88534545898438,180.70120239257812,171.12841796875,161.13375854492188,151.12442016601562,140.64675903320312,129.94979858398438,119.03817749023438,107.90365600585938,96.89352416992188,85.72702026367188,74.4814453125,63.496124267578125,53.034088134765625,42.7991943359375,32.635467529296875,22.635284423828125,12.9302978515625,3.80908203125,-5.02764892578125,-13.42608642578125,-21.523193359375,-29.36181640625,-36.6270751953125,-42.9930419921875,-48.8905029296875,-54.56158447265625,-59.60223388671875,-64.16058349609375,-67.9375,-71.25701904296875,-73.62518310546875,-75.25579833984375,-76.17022705078125,-76.32672119140625,-75.6627197265625,-73.8697509765625,-71.5767822265625,-68.082763671875,-63.75445556640625,-58.8050537109375,-53.26092529296875,-46.85546875,-39.7489013671875,-31.94140625,-23.81390380859375,-15.50531005859375,-6.754608154296875,2.268646240234375,11.84033203125,21.85174560546875,32.05389404296875,42.45062255859375,53.23883056640625,63.8138427734375,75.08758544921875,86.33746337890625,97.67788696289062,109.14407348632812,120.768310546875,132.559326171875,144.31640625,156.165771484375,167.66610717773438,178.77679443359375,190.05352783203125,201.0506591796875,211.39828491210938,221.44277954101562,231.26889038085938,240.26144409179688,249.15240478515625,257.589599609375,265.5347900390625,273.0581970214844,280.27789306640625,287.1390838623047,293.5465393066406,299.4923858642578,305.10301208496094,310.5165710449219
"S61",365.1986846923828,367.9841003417969,370.6898651123047,373.25958251953125,375.6033020019531,377.8902130126953,379.88792419433594,381.7915344238281,383.39715576171875,384.8216781616211,386.13720703125,387.2735900878906,388.31420135498047,389.1881866455078,389.7253952026367,390.18585205078125,390.5432357788086,390.75850677490234,390.8834533691406,390.9097213745117,390.89613342285156,390.7665328979492,390.60069274902344,390.33211517333984,390.01404571533203,389.5353088378906,388.97691345214844,388.33522033691406,387.53031158447266,386.5948944091797,385.45306396484375,384.14967346191406,382.6873321533203,381.04393005371094,379.1438903808594,377.0277633666992,374.65428924560547,372.0592346191406,369.23486328125,366.2245788574219,362.9119567871094,359.39305114746094,355.71934509277344,351.7856750488281,347.6176300048828,343.3137664794922,338.86488342285156,334.20994567871094,329.6065979003906,324.7779998779297,319.75416564941406,314.66358947753906,309.3979034423828,303.868896484375,298.3785705566406,292.72607421875,286.7116241455078,280.3856201171875,273.70982360839844,267.17124938964844,260.82806396484375,253.89630126953125,246.60853576660156,239.02066040039062,231.22830200195312,223.15475463867188,214.78878784179688,206.21780395507812,197.29428100585938,188.48785400390625,179.3115234375,170.1094970703125,160.99386596679688,152.13302612304688,143.5596923828125,134.8480224609375,126.24179077148438,117.91299438476562,109.93829345703125,102.14944458007812,94.63284301757812,87.5206298828125,80.65838623046875,73.977294921875,68.1153564453125,62.57666015625,57.104583740234375,52.3382568359375,47.850189208984375,43.954254150390625,40.274261474609375,37.20904541015625,34.69677734375,32.75384521484375,31.467681884765625,30.796142578125,30.770843505859375,31.375274658203125,32.95977783203125,35.327911376953125,38.164703369140625,41.529571533203125,45.7906494140625,50.503082275390625,56.035675048828125,61.864898681640625,68.03402709960938,74.5325927734375,81.27273559570312,88.51486206054688,96.2637939453125,104.125732421875,112.2725830078125,120.57919311523438,128.92721557617188,137.75155639648438,146.62484741210938,155.62820434570312,164.74539184570312,174.0888671875,183.61026000976562,193.29925537109375,203.04837036132812,212.60345458984375,221.84930419921875,231.44815063476562,240.84368896484375,249.8173065185547,258.5553436279297,267.1206817626953,275.1818084716797,283.063720703125,290.6100311279297,297.76080322265625,304.52862548828125,310.9949645996094,317.2006072998047,322.94020080566406,328.2942352294922,333.2939147949219,338.14866638183594
"S62",365.1986846923828,367.9841003417969,370.6898651123047,373.25958251953125,375.6033020019531,377.8902130126953,379.88792419433594,381.7915344238281,383.39715576171875,384.8216781616211,386.13720703125,387.2735900878906,388.31420135498047,389.1881866455078,389.7253952026367,390.18585205078125,390.5432357788086,390.75850677490234,390.8834533691406,390.9097213745117,390.89613342285156,390.7665328979492,390.60069274902344,390.33211517333984,390.01404571533203,389.5353088378906,388.97691345214844,388.33522033691406,387.53031158447266,386.5948944091797,385.45306396484375,384.14967346191406,382.6873321533203,381.04393005371094,379.1438903808594,377.0277633666992,374.65428924560547,372.0592346191406,369.23486328125,366.2245788574219,362.9119567871094,359.39305114746094,355.71934509277344,351.7856750488281,347.6176300048828,343.3137664794922,338.86488342285156,334.20994567871094,329.6065979003906,324.7779998779297,319.75416564941406,314.66358947753906,309.3979034423828,303.868896484375,298.3785705566406,292.72607421875,286.7116241455078,280.3856201171875,273.70982360839844,267.17124938964844,260.82806396484375,253.89630126953125,246.60853576660156,239.02066040039062,231.22830200195312,223.15475463867188,214.78878784179688,206.21780395507812,197.29428100585938,188.48785400390625,179.3115234375,170.1094970703125,160.99386596679688,152.13302612304688,143.5596923828125,134.8480224609375,126.24179077148438,117.91299438476562,109.93829345703125,102.14944458007812,94.63284301757812,87.5206298828125,80.65838623046875,73.977294921875,68.1153564453125,62.57666015625,57.104583740234375,52.3382568359375,47.850189208984375,43.954254150390625,40.274261474609375,37.20904541015625,34.69677734375,32.75384521484375,31.467681884765625,30.796142578125,30.770843505859375,31.375274658203125,32.95977783203125,35.327911376953125,38.164703369140625,41.529571533203125,45.7906494140625,50.503082275390625,56.035675048828125,61.864898681640625,68.03402709960938,74.5325927734375,81.27273559570312,88.51486206054688,96.2637939453125,104.125732421875,112.2725830078125,120.57919311523438,128.92721557617188,137.75155639648438,146.62484741210938,155.62820434570312,164.74539184570312,174.0888671875,183.61026000976562,193.29925537109375,203.04837036132812,212.60345458984375,221.84930419921875,231.44815063476562,240.84368896484375,249.8173065185547,258.5553436279297,267.1206817626953,275.1818084716797,283.063720703125,290.6100311279297,297.76080322265625,304.52862548828125,310.9949645996094,317.2006072998047,322.94020080566406,328.2942352294922,333.2939147949219,338.14866638183594
"S63",335.8807830810547,352.3412170410156,348.6298522949219,339.7146301269531,358.63262939453125,350.59375,345.1943817138672,368.9621887207031,371.6392822265625,373.3818054199219,374.67675018310547,364.2799987792969,376.77069091796875,377.59375762939453,378.0387420654297,378.4225845336914,378.6980209350586,372.31585693359375,378.85475158691406,378.79920959472656,378.6835174560547,378.44425201416016,378.1633758544922,377.7694854736328,377.3119812011719,376.6633987426758,375.90570068359375,375.054931640625,374.0069274902344,372.7993621826172,371.35206604003906,369.7017517089844,367.86668395996094,365.82476806640625,363.4775695800781,360.8807830810547,357.99021911621094,354.8472137451172,351.4456329345703,347.8500213623047,343.9231719970703,339.7718505859375,335.474365234375,330.8738250732422,326.04759216308594,321.10813903808594,316.0038757324219,308.85601806640625,274.72068786621094,204.15802001953125,277.82408142089844,288.44464111328125,282.46580505371094,276.1418151855469,238.66098022460938,233.5166015625,136.67340087890625,205.13677978515625,238.48858642578125,229.0487060546875,207.06918334960938,218.63436889648438,162.40243530273438,201.513427734375,192.54608154296875,183.324951171875,110.4017333984375,164.08615112304688,153.98825073242188,144.11898803710938,133.82077026367188,123.5867919921875,113.49957275390625,103.72439575195312,94.36737060546875,84.84585571289062,75.46987915039062,66.45645141601562,57.857086181640625,49.46142578125,41.360107421875,33.76971435546875,26.489898681640625,19.33978271484375,13.16693115234375,7.36016845703125,1.6041259765625,-3.25494384765625,-7.793182373046875,-11.627166748046875,-15.2088623046875,-18.084228515625,-20.30035400390625,-21.8262939453125,-22.5596923828125,-22.5833740234375,-21.93426513671875,-20.5145263671875,-18.02081298828125,-14.6529541015625,-10.822967529296875,-6.441925048828125,-1.063385009765625,4.69805908203125,11.35919189453125,18.294189453125,25.588043212890625,33.188262939453125,41.0274658203125,49.37158203125,58.276824951171875,67.27783203125,76.6036376953125,86.03720092773438,95.57369995117188,105.58364868164062,115.6396484375,125.82772827148438,136.10702514648438,146.60934448242188,157.26739501953125,168.08724975585938,178.89666748046875,189.44992065429688,199.60440063476562,210.12911987304688,220.35894775390625,230.0972900390625,239.52090454101562,244.5185089111328,251.72520446777344,239.38088989257812,257.894775390625,256.4649200439453,242.47348022460938,264.9761047363281,248.84732055664062,261.5981903076172,280.4862365722656,281.2545928955078,307.88140869140625
"S64",335.8807830810547,352.3412170410156,348.6298522949219,339.7146301269531,358.63262939453125,359.2208709716797,365.88623046875,370.66432189941406,375.1004638671875,376.61673736572266,378.0299835205078,379.2381591796875,380.35839080810547,381.2962875366211,381.8546371459961,382.3473358154297,380.4716033935547,372.31585693359375,383.07678985595703,383.11769104003906,383.09217834472656,382.94811248779297,382.7646713256836,382.47859954833984,382.13648986816406,381.6199493408203,381.0080337524414,380.31903076171875,379.45401763916016,378.44908905029297,377.22605895996094,375.82073974609375,374.2525939941406,372.49729919433594,370.4602966308594,368.19117736816406,365.64447021484375,362.85833740234375,359.825927734375,356.60203552246094,353.0560607910156,349.2841491699219,345.3587341308594,341.12843322753906,336.66807556152344,332.07826232910156,327.3106689453125,322.32008361816406,317.3802185058594,284.4649200439453,277.82408142089844,301.3797607421875,295.75852966308594,289.8184814453125,251.44277954101562,233.5166015625,202.77334594726562,205.13677978515625,238.48858642578125,229.0487060546875,207.06918334960938,236.28866577148438,228.47244262695312,217.86376953125,211.96792602539062,203.32611083984375,194.35433959960938,185.17587280273438,175.58468627929688,166.1600341796875,156.28106689453125,146.41973876953125,136.64212036132812,127.11044311523438,117.94403076171875,108.58193969726562,99.3372802734375,90.4173583984375,81.85757446289062,73.48541259765625,65.38253784179688,57.769317626953125,50.447265625,43.230712890625,36.93353271484375,30.975677490234375,25.055084228515625,19.976318359375,15.176727294921875,11.02081298828125,7.0672607421875,3.74420166015625,1.0206298828125,-1.0753173828125,-2.434722900390625,-3.138885498046875,-3.2314453125,-2.572967529296875,-0.874603271484375,1.68646240234375,4.717376708984375,8.30889892578125,12.90435791015625,17.9068603515625,23.8399658203125,30.077667236328125,36.715484619140625,43.677642822265625,50.892181396484375,58.63629150390625,66.95761108398438,75.38037109375,84.14108276367188,93.00967407226562,101.995361328125,111.44607543945312,120.96102905273438,130.62310791015625,140.39361572265625,150.41690063476562,160.62322998046875,171.04122924804688,181.48880004882812,191.73272705078125,201.6240234375,211.93655395507812,222.0089111328125,231.64654541015625,241.013671875,250.17599487304688,258.85594177246094,267.3002166748047,257.894775390625,283.063720703125,290.3187561035156,297.24452209472656,303.9073028564453,310.05030822753906,315.79331970214844,321.1461486816406,326.3618927001953
"S65",227.25775146484375,232.92959594726562,238.32965087890625,243.47906494140625,248.2621612548828,252.8460235595703,256.8626403808594,260.6938018798828,263.93861389160156,266.84877014160156,269.46018981933594,271.7707824707031,273.81005859375,275.5395812988281,276.69415283203125,277.60093688964844,278.32110595703125,278.74200439453125,279.01426696777344,278.9710388183594,278.9822235107422,278.7227325439453,278.39036560058594,277.8102111816406,277.1498260498047,276.1804962158203,275.08953857421875,273.7725524902344,272.13951110839844,270.23341369628906,267.89996337890625,265.2871856689453,262.3046569824219,258.9266052246094,255.0684356689453,250.75819396972656,245.95155334472656,240.7032470703125,234.9898681640625,228.86129760742188,222.10763549804688,214.95022583007812,207.41415405273438,199.49627685546875,190.9642333984375,182.0777587890625,173.01620483398438,163.5283203125,154.17721557617188,144.2686767578125,134.01800537109375,123.61541748046875,112.74472045898438,101.51876831054688,90.21279907226562,78.72943115234375,66.42446899414062,53.434234619140625,39.860687255859375,26.45758056640625,13.426727294921875,-0.7890625,-15.6505126953125,-31.26348876953125,-47.03436279296875,-63.6055908203125,-80.6956787109375,-98.27032470703125,-116.4091796875,-134.52667236328125,-153.0948486328125,-171.91607666015625,-190.5341796875,-208.4898681640625,-226.19482421875,-243.9478759765625,-261.496826171875,-278.632568359375,-294.939697265625,-310.80535888671875,-326.00665283203125,-340.72845458984375,-355.0286865234375,-368.47027587890625,-380.53472900390625,-391.8494873046875,-402.870849609375,-412.93231201171875,-422.31597900390625,-430.52581787109375,-438.1495361328125,-444.4033203125,-449.547607421875,-453.6448974609375,-456.55548095703125,-458.19610595703125,-458.06854248046875,-457.04736328125,-454.00518798828125,-449.46453857421875,-443.7677001953125,-436.94927978515625,-428.509521484375,-418.76763916015625,-407.603271484375,-395.7537841796875,-383.4371337890625,-370.25384521484375,-356.546630859375,-341.76715087890625,-326.1241455078125,-310.11572265625,-293.70684814453125,-276.58648681640625,-259.7890625,-241.761962890625,-223.7021484375,-205.39617919921875,-186.79443359375,-167.76251220703125,-148.28582763671875,-128.6961669921875,-108.75177001953125,-89.2274169921875,-70.236572265625,-50.7017822265625,-31.46417236328125,-13.1800537109375,4.724395751953125,22.369598388671875,38.67559814453125,54.8692626953125,70.31561279296875,84.92242431640625,98.81051635742188,112.13629150390625,124.80184936523438,136.60617065429688,147.5611572265625,157.84783935546875,167.73297119140625
"S66",239.61953735351562,239.18807983398438,269.2415313720703,312.9199981689453,298.08033752441406,319.72386169433594,322.66651916503906,325.4642639160156,327.81427001953125,329.90074157714844,331.83961486816406,333.4975280761719,335.02978515625,336.3138732910156,337.08233642578125,332.6724853515625,335.23663330078125,338.57275390625,336.5438995361328,338.7841796875,338.7471008300781,338.5432434082031,338.2845764160156,337.8821105957031,337.4043731689453,336.68800354003906,335.8394012451172,334.8827819824219,333.6861114501953,332.2939758300781,330.6020050048828,328.6612548828125,326.4914245605469,324.0633544921875,321.25001525878906,318.1119079589844,314.59556579589844,310.7487487792969,306.5615234375,302.1083679199219,297.20965576171875,291.99754333496094,286.5701141357422,280.73170471191406,274.5618591308594,268.2102508544922,261.62025451660156,254.71775817871094,247.8887481689453,240.74392700195312,233.2972412109375,225.7528076171875,217.96807861328125,209.74996948242188,201.61740112304688,193.22561645507812,184.30386352539062,174.92257690429688,165.00616455078125,155.31515502929688,145.926513671875,135.64212036132812,124.82614135742188,113.5777587890625,101.97116088867188,90.00320434570312,77.58084106445312,64.86959838867188,51.589447021484375,38.52764892578125,24.85369873046875,11.2015380859375,-2.33758544921875,-15.52886962890625,-28.24114990234375,-41.21453857421875,-54.02349853515625,-66.39337158203125,-78.2584228515625,-89.8603515625,-101.085693359375,-111.663818359375,-121.83599853515625,-131.830810546875,-140.5870361328125,-148.85699462890625,-157.07159423828125,-164.1549072265625,-170.8436279296875,-176.640869140625,-182.1519775390625,-186.79217529296875,-190.600341796875,-193.55145263671875,-195.488037109375,-196.51788330078125,-196.67242431640625,-195.80694580078125,-193.50958251953125,-190.0196533203125,-185.86273193359375,-180.9244384765625,-174.6041259765625,-167.705078125,-159.5274658203125,-150.92242431640625,-141.78424072265625,-132.17724609375,-122.2205810546875,-111.5279541015625,-100.0440673828125,-88.405517578125,-76.3116455078125,-64.03631591796875,-51.62615966796875,-38.55499267578125,-25.3997802734375,-12.03729248046875,1.476837158203125,15.34381103515625,29.47760009765625,43.878631591796875,58.34356689453125,72.52529907226562,86.22085571289062,100.50112915039062,114.45547485351562,127.80319213867188,140.78350830078125,153.48309326171875,165.49807739257812,177.20550537109375,188.4178466796875,199.04214477539062,209.10116577148438,218.71209716796875,227.94326782226562,236.45623779296875,244.41436767578125,251.83547973632812,259.0593566894531
"S67",95.13565063476562,189.34939575195312,221.7359619140625,240.63638305664062,258.4131774902344,349.45118713378906,351.9106750488281,354.25244140625,356.22511291503906,357.9773712158203,359.59564208984375,360.9907989501953,362.2690887451172,363.3426208496094,334.28509521484375,324.69163513183594,324.85235595703125,338.593994140625,336.5438995361328,365.4393310546875,365.4190216064453,365.2553253173828,365.0465393066406,364.7116394042969,364.31602478027344,363.72267150878906,363.0283508300781,362.2333068847656,361.238037109375,360.08050537109375,358.66961669921875,357.05859375,355.2510070800781,353.22166442871094,350.87583923339844,348.26097106933594,345.3306121826172,342.12632751464844,338.638671875,334.92262268066406,330.8334045410156,326.48768615722656,321.9521179199219,317.0945129394531,311.94561767578125,306.63136291503906,301.1363983154297,295.3842315673828,289.6964416503906,283.73126220703125,273.0283660888672,271.2331085205078,260.69969177246094,243.97470092773438,223.18099975585938,172.03231811523438,191.47402954101562,182.60366821289062,220.6058349609375,212.52374267578125,197.82699584960938,196.114013671875,187.10501098632812,177.7222900390625,168.08197021484375,158.10086059570312,147.7554931640625,137.15841674804688,126.118408203125,115.22671508789062,103.87252807617188,92.49594116210938,81.22259521484375,70.26156616210938,59.656036376953125,48.8731689453125,38.22265625,27.916351318359375,18.046356201171875,8.4051513671875,-0.90289306640625,-9.713165283203125,-18.20745849609375,-26.48291015625,-33.75311279296875,-40.6170654296875,-47.40484619140625,-53.31707763671875,-58.88568115234375,-63.71990966796875,-68.291015625,-72.1097412109375,-75.2421875,-77.672607421875,-79.285888671875,-80.14031982421875,-80.200439453125,-79.47406005859375,-77.5423583984375,-74.63726806640625,-71.152099609375,-67.01263427734375,-61.7587890625,-55.95745849609375,-49.1348876953125,-41.94573974609375,-34.33843994140625,-26.32061767578125,-18.00555419921875,-9.0704345703125,0.495391845703125,10.203460693359375,20.265167236328125,30.525634765625,40.84063720703125,51.742584228515625,62.705352783203125,73.83251953125,85.09799194335938,96.64715576171875,108.4212646484375,120.39706420898438,132.45062255859375,144.2646484375,155.69241333007812,167.56744384765625,179.189208984375,190.29107666015625,201.10098266601562,211.69415283203125,221.66909790039062,231.42172241210938,42.3385009765625,249.6018829345703,257.9772186279297,265.98228454589844,273.66094970703125,280.75938415527344,287.3836669921875,293.5690155029297,299.57569885253906
"S68",13.081939697265625,185.11590576171875,164.84738159179688,142.25253295898438,250.28927612304688,288.64112854003906,191.0147705078125,199.92074584960938,300.94630432128906,300.3554992675781,303.1263732910156,324.8135070800781,276.67071533203125,324.86749267578125,329.6015167236328,324.69163513183594,324.85235595703125,338.593994140625,336.5438995361328,315.09803771972656,353.75550842285156,345.8038330078125,325.54461669921875,357.89674377441406,349.4984893798828,355.96392822265625,354.8026580810547,339.35243225097656,350.30943298339844,367.3164978027344,334.77418518066406,348.3248748779297,358.8872375488281,337.4792022705078,358.28070068359375,354.4126739501953,353.73106384277344,327.3282928466797,345.8447570800781,279.9345245361328,362.3612976074219,354.4443359375,327.7122039794922,335.81158447265625,323.6868438720703,293.01275634765625,261.9408416748047,271.4836120605469,211.25225830078125,239.91244506835938,224.81539916992188,175.5517578125,173.40988159179688,116.266845703125,62.959381103515625,104.56893920898438,149.53518676757812,70.33816528320312,106.496337890625,61.824676513671875,28.12457275390625,44.251708984375,77.10797119140625,87.67153930664062,129.52078247070312,14.495849609375,-12.05072021484375,97.79730224609375,-53.449462890625,-27.5494384765625,120.4371337890625,83.84329223632812,46.6439208984375,128.10614013671875,82.2940673828125,91.98916625976562,68.05072021484375,35.28424072265625,6.628387451171875,111.80484008789062,-7.97735595703125,18.38934326171875,44.683441162109375,-17.96844482421875,14.307586669921875,80.72015380859375,63.800079345703125,43.32354736328125,68.89022827148438,84.87893676757812,81.54098510742188,69.08676147460938,76.64041137695312,74.89541625976562,73.64974975585938,72.97488403320312,73.14108276367188,73.64669799804688,75.07595825195312,77.14999389648438,65.11337280273438,54.82958984375,86.64419555664062,91.07794189453125,96.10128784179688,19.84613037109375,95.128662109375,-75.1885986328125,-34.42218017578125,125.70770263671875,69.59902954101562,57.522125244140625,57.85845947265625,74.0118408203125,110.02664184570312,99.7081298828125,34.930206298828125,0.706451416015625,-4.08489990234375,-20.433349609375,-19.29022216796875,-29.963134765625,76.08932495117188,-33.86346435546875,-65.53692626953125,46.972900390625,16.002197265625,-49.890869140625,-4.7982177734375,-1.021942138671875,9.187713623046875,-25.982177734375,-118.52581787109375,-16.99078369140625,63.1497802734375,57.29779052734375,35.24365234375,25.095489501953125,16.24957275390625,25.26715087890625,42.025634765625
"S69",-42.146240234375,89.22900390625,138.9058837890625,141.07763671875,181.25283813476562,176.654541015625,162.81930541992188,196.19161987304688,213.78042602539062,211.4716796875,240.32272338867188,212.28338623046875,259.44984436035156,252.1033935546875,239.7403564453125,240.16107177734375,234.78024291992188,255.3278350830078,254.24200439453125,271.2125549316406,274.9651641845703,270.9000244140625,275.627197265625,288.9712677001953,281.9799499511719,267.76800537109375,297.2467956542969,287.8838653564453,290.2021179199219,317.3881530761719,295.03733825683594,290.1772003173828,313.8008270263672,303.80824279785156,298.0580749511719,301.48353576660156,304.5010528564453,304.7533264160156,302.9230194091797,265.24717712402344,272.89830017089844,271.15516662597656,249.90127563476562,228.40310668945312,208.97543334960938,188.257080078125,176.54916381835938,144.614013671875,83.07553100585938,38.731292724609375,31.6134033203125,79.89834594726562,4.12664794921875,70.79095458984375,-9.25408935546875,-4.9737548828125,-19.677734375,-33.060546875,-98.08209228515625,16.39923095703125,-24.12481689453125,33.0777587890625,14.25372314453125,25.088409423828125,-36.864990234375,-8.8760986328125,-15.55242919921875,16.57000732421875,-53.449462890625,-27.5494384765625,-58.1859130859375,3.47808837890625,-25.49395751953125,-44.92041015625,-22.2099609375,-34.87750244140625,-39.14892578125,-94.75018310546875,-55.3033447265625,-54.50299072265625,-78.01556396484375,-69.16644287109375,-38.582763671875,-41.48089599609375,-32.86431884765625,-49.267578125,-63.599609375,-13.8592529296875,-72.91455078125,-17.9150390625,46.654144287109375,-41.0760498046875,6.77166748046875,-55.729736328125,-69.69830322265625,-60.76190185546875,-3.404144287109375,-24.202392578125,-17.9620361328125,-8.23974609375,-8.827911376953125,-25.92755126953125,-29.379638671875,-39.7357177734375,8.50433349609375,-92.22894287109375,-52.91461181640625,-98.3525390625,-133.7322998046875,-61.91033935546875,-42.75830078125,-53.13311767578125,-53.10540771484375,-116.0943603515625,-29.402099609375,-58.31439208984375,-85.92181396484375,-163.13458251953125,-35.5999755859375,-95.51300048828125,-54.39495849609375,-71.1527099609375,-49.1455078125,-33.86346435546875,-65.53692626953125,-34.20733642578125,-47.399169921875,-94.57830810546875,-4.37652587890625,-1.522796630859375,9.187713623046875,-22.48687744140625,-47.70751953125,-16.99078369140625,36.960662841796875,57.29779052734375,21.671844482421875,-11.106231689453125,-15.080810546875,-41.37359619140625,-26.255126953125
"S70",220.04476928710938,217.51156616210938,230.23019409179688,128.5924072265625,276.47776794433594,194.86325073242188,194.42709350585938,204.82022094726562,268.95274353027344,273.29747009277344,282.49424743652344,278.85736083984375,274.5743408203125,290.5761260986328,304.08058166503906,286.9828338623047,287.03211975097656,308.75160217285156,318.0223693847656,295.79771423339844,323.3045349121094,279.72776794433594,299.7072296142578,312.5069885253906,307.3968200683594,316.5677795410156,323.89183044433594,341.60972595214844,301.930419921875,322.7229461669922,309.25927734375,309.77703857421875,309.21083068847656,301.21881103515625,294.93421936035156,321.4779357910156,300.4858093261719,288.69700622558594,320.8431701660156,289.2402038574219,278.41796875,284.8065643310547,271.70152282714844,273.700439453125,217.27789306640625,187.93121337890625,154.53271484375,144.614013671875,83.07553100585938,54.699676513671875,41.672576904296875,33.215423583984375,-1.20880126953125,70.79095458984375,-9.25408935546875,-4.9737548828125,-52.8306884765625,-33.060546875,-112.76275634765625,16.39923095703125,-33.96539306640625,33.0777587890625,14.25372314453125,25.088409423828125,-36.864990234375,-23.4625244140625,-15.55242919921875,16.57000732421875,-136.94000244140625,-38.30523681640625,-58.1859130859375,3.47808837890625,-25.49395751953125,-68.357666015625,-22.2099609375,-41.285888671875,-39.14892578125,-0.7083740234375,-55.3033447265625,-33.17864990234375,-90.76214599609375,-43.760498046875,-38.582763671875,-41.48089599609375,-32.86431884765625,-7.388885498046875,-108.04547119140625,0.912811279296875,78.21292114257812,39.355224609375,84.263427734375,80.05877685546875,132.34976196289062,74.03909301757812,82.8411865234375,96.94735717773438,102.08758544921875,69.86767578125,50.82598876953125,92.20123291015625,59.758392333984375,-25.92755126953125,48.945068359375,4.958343505859375,11.62420654296875,79.57998657226562,7.70855712890625,55.468109130859375,-46.5595703125,49.6273193359375,73.805419921875,-53.13311767578125,-81.39288330078125,76.3338623046875,-161.34326171875,-184.16351318359375,-177.98846435546875,-82.98150634765625,-85.7958984375,-80.80853271484375,-54.39495849609375,-70.38006591796875,5.680328369140625,-83.2916259765625,40.935302734375,74.59335327148438,89.38272094726562,116.45669555664062,155.22406005859375,112.71542358398438,75.13641357421875,150.15570068359375,16.684783935546875,55.0084228515625,21.511383056640625,151.96026611328125,156.66152954101562,201.74697875976562,77.62200927734375,-5.94891357421875,189.87884521484375
"S71",301.73248291015625,328.37074279785156,303.3943176269531,282.4637145996094,338.70692443847656,323.45281982421875,343.2813415527344,362.8863220214844,354.97776794433594,329.44732666015625,357.92987060546875,350.5272674560547,331.23468017578125,366.5137176513672,360.7820129394531,363.13352966308594,379.34069061279297,373.66127014160156,381.2665023803711,386.0879364013672,380.49886322021484,374.7735137939453,381.86048126220703,378.40055084228516,381.7925491333008,382.96598052978516,379.7937240600586,383.9318313598633,382.20216369628906,378.2084732055664,382.4652557373047,377.0564193725586,359.2997741699219,368.64479064941406,365.2176818847656,365.49090576171875,366.40550231933594,368.34800720214844,369.6780090332031,357.8362731933594,364.78382873535156,356.4535369873047,338.7261657714844,355.72998046875,321.2893524169922,278.18870544433594,260.47816467285156,232.82815551757812,177.42379760742188,151.1597900390625,142.91085815429688,75.25897216796875,32.445343017578125,13.702301025390625,7.975982666015625,-16.4844970703125,-15.59906005859375,-21.57843017578125,-112.76275634765625,-106.80230712890625,-33.96539306640625,-127.75958251953125,-112.21282958984375,-67.75311279296875,-125.2904052734375,-76.9989013671875,-71.4620361328125,-104.5772705078125,-186.08514404296875,-105.4371337890625,-159.68084716796875,-127.11962890625,-165.233642578125,-109.81854248046875,-138.37017822265625,-181.2254638671875,-299.36883544921875,-0.7083740234375,-74.03436279296875,-33.17864990234375,-90.76214599609375,-43.760498046875,-184.1080322265625,-186.20648193359375,-44.19635009765625,-7.388885498046875,-108.04547119140625,0.912811279296875,74.938232421875,39.355224609375,69.65069580078125,67.87738037109375,66.6607666015625,65.99752807617188,65.92083740234375,66.46066284179688,67.8009033203125,69.55960083007812,50.82598876953125,75.5240478515625,59.758392333984375,-25.92755126953125,48.945068359375,4.958343505859375,11.62420654296875,79.57998657226562,7.70855712890625,55.468109130859375,-46.5595703125,49.6273193359375,73.805419921875,-60.68597412109375,-81.39288330078125,76.3338623046875,-181.177978515625,-137.9976806640625,-89.3646240234375,-82.98150634765625,-85.7958984375,-26.35198974609375,75.90081787109375,64.75204467773438,120.27566528320312,56.61907958984375,124.40087890625,117.69534301757812,151.292724609375,166.08599853515625,196.93402099609375,210.54217529296875,181.29742431640625,185.35562133789062,169.17672729492188,174.90682983398438,98.35000610351562,202.91281127929688,247.1265106201172,263.95323181152344,148.49139404296875,253.45098876953125,277.2515869140625
"S72",314.5517272949219,328.58770751953125,311.5690155029297,343.8405303955078,338.70692443847656,352.3115692138672,366.9615020751953,376.51695251464844,354.97776794433594,347.40948486328125,374.11817932128906,367.82643127441406,342.4611053466797,373.04595947265625,369.0613098144531,392.13045501708984,398.6865921020508,383.3230667114258,399.46212005615234,406.6061019897461,390.5950469970703,399.60577392578125,405.54134368896484,397.8332214355469,404.08809661865234,398.6355743408203,398.4254837036133,394.09171295166016,399.30236053466797,400.4132385253906,404.23077392578125,407.78060150146484,388.95191955566406,401.5269012451172,403.88761138916016,392.8839111328125,398.9011993408203,368.34800720214844,395.4936981201172,395.65406036376953,392.85801696777344,387.14964294433594,369.0274658203125,383.6866912841797,357.00697326660156,349.3279266357422,328.41761779785156,258.7851867675781,253.43325805664062,237.54849243164062,167.0159912109375,96.00668334960938,49.515777587890625,51.996337890625,55.898223876953125,62.99639892578125,52.889923095703125,43.001068115234375,18.76708984375,-28.991943359375,-56.41473388671875,-127.75958251953125,-112.21282958984375,-67.75311279296875,-155.3680419921875,-76.9989013671875,-71.4620361328125,-104.5772705078125,-176.99468994140625,-105.4371337890625,-159.68084716796875,-127.11962890625,-212.22039794921875,-109.81854248046875,-138.37017822265625,-181.2254638671875,-329.2020263671875,-0.7083740234375,-74.03436279296875,-33.17864990234375,-90.76214599609375,-43.760498046875,-202.7481689453125,-186.20648193359375,-44.19635009765625,-7.388885498046875,-281.8052978515625,0.912811279296875,78.21292114257812,39.355224609375,84.263427734375,80.05877685546875,132.34976196289062,74.03909301757812,82.8411865234375,96.94735717773438,102.08758544921875,69.86767578125,50.82598876953125,92.20123291015625,59.758392333984375,-51.5213623046875,48.945068359375,4.958343505859375,11.62420654296875,79.57998657226562,7.70855712890625,55.468109130859375,-46.5595703125,49.6273193359375,73.805419921875,-60.68597412109375,-45.87530517578125,76.3338623046875,-149.19097900390625,-136.2354736328125,-46.00274658203125,-67.285400390625,-85.7958984375,25.845123291015625,119.33319091796875,89.42648315429688,147.59506225585938,107.65023803710938,147.87359619140625,129.76754760742188,156.77835083007812,196.93643188476562,196.93402099609375,210.54217529296875,221.2164306640625,185.35562133789062,227.68414306640625,227.01242065429688,197.37484741210938,219.34255981445312,247.1265106201172,263.95323181152344,234.10910034179688,284.0745391845703,277.2515869140625
"S73",328.6579132080078,335.5716094970703,320.76588439941406,379.53223419189453,338.70692443847656,373.40122985839844,368.83558654785156,377.5755310058594,354.97776794433594,358.7911682128906,390.03321075439453,382.9890823364258,352.20359802246094,373.04595947265625,374.51002502441406,416.7096176147461,408.4262390136719,391.20723724365234,412.99188232421875,414.0354537963867,401.5125503540039,410.3177185058594,418.10423278808594,411.1003952026367,417.397705078125,408.2305679321289,411.6874084472656,403.4040298461914,407.25221252441406,413.90858459472656,412.8123092651367,411.5787582397461,410.2061080932617,408.6801071166992,406.94718170166016,405.04539489746094,402.9436798095703,368.34800720214844,398.2302780151367,395.65406036376953,392.85801696777344,389.92491149902344,386.8917465209961,383.6866912841797,380.32479095458984,376.88492584228516,373.36534118652344,269.8915710449219,350.5077819824219,354.35597229003906,276.6212615966797,214.52072143554688,167.099365234375,207.34613037109375,159.533447265625,223.32589721679688,192.40997314453125,172.52069091796875,215.75607299804688,97.18368530273438,36.7867431640625,-23.54888916015625,-125.55450439453125,-52.30853271484375,-15.00067138671875,-9.64459228515625,28.453704833984375,2.548309326171875,-39.52471923828125,1.82305908203125,-26.28045654296875,-73.6405029296875,-222.74139404296875,-255.54876708984375,-267.99481201171875,-119.16650390625,-145.58197021484375,-128.29388427734375,-259.4422607421875,-213.912841796875,-188.38079833984375,-113.61077880859375,-143.87841796875,-266.2376708984375,-185.720703125,-238.05328369140625,-309.53826904296875,-196.4290771484375,-186.722412109375,-229.981201171875,-247.24285888671875,-83.6732177734375,-107.353271484375,-191.79986572265625,-114.97271728515625,-221.216064453125,-287.74578857421875,-264.1505126953125,-192.66168212890625,-106.56280517578125,-81.06817626953125,-82.57611083984375,-52.69207763671875,-212.59747314453125,-128.10211181640625,25.4339599609375,-78.6627197265625,-275.796630859375,-211.10430908203125,-125.05316162109375,-57.72802734375,-107.031005859375,50.234466552734375,-89.62890625,-39.78564453125,-110.0965576171875,31.6954345703125,89.874755859375,-100.6444091796875,121.1168212890625,189.6053466796875,166.19790649414062,214.19461059570312,152.29751586914062,222.14797973632812,192.732177734375,240.41055297851562,299.89825439453125,202.2742919921875,253.65870666503906,300.0900421142578,185.35562133789062,311.0475769042969,322.1355743408203,308.1125183105469,319.52662658691406,310.264892578125,278.761962890625,344.9637908935547,332.11476135253906,357.03013610839844
"S74",328.6579132080078,335.5716094970703,320.76588439941406,379.53223419189453,380.7120056152344,395.37499237060547,381.3687286376953,377.5755310058594,385.5681381225586,378.91112518310547,390.03321075439453,396.42130279541016,374.972412109375,383.1505432128906,389.7542724609375,416.7096176147461,408.4262390136719,391.20723724365234,412.99188232421875,414.0354537963867,401.5125503540039,410.3177185058594,418.10423278808594,411.1003952026367,417.397705078125,408.2305679321289,411.6874084472656,403.4040298461914,407.25221252441406,413.90858459472656,412.8123092651367,411.5787582397461,410.2061080932617,408.6801071166992,406.94718170166016,405.04539489746094,402.9436798095703,400.67352294921875,398.2302780151367,395.65406036376953,392.85801696777344,389.92491149902344,386.8917465209961,383.6866912841797,380.32479095458984,376.88492584228516,373.36534118652344,270.0257263183594,350.5077819824219,354.35597229003906,276.6212615966797,240.59808349609375,217.88796997070312,207.34613037109375,186.10165405273438,243.36175537109375,255.1239013671875,252.94114685058594,223.90106201171875,185.39773559570312,225.24795532226562,222.92864990234375,163.15713500976562,190.6961669921875,204.42892456054688,243.71517944335938,243.83929443359375,211.94146728515625,224.22509765625,186.4234619140625,221.30462646484375,206.90048217773438,142.49310302734375,199.47891235351562,204.60287475585938,84.11749267578125,153.70611572265625,176.677734375,161.37014770507812,193.68231201171875,188.53836059570312,14.90362548828125,105.58758544921875,145.67254638671875,145.73294067382812,152.28466796875,163.66107177734375,128.96600341796875,158.01803588867188,155.8096923828125,153.8270263671875,117.51779174804688,151.38424682617188,150.86209106445312,150.85293579101562,151.33489990234375,152.348388671875,153.79916381835938,155.9677734375,158.22427368164062,161.69650268554688,165.06243896484375,169.0213623046875,173.27542114257812,178.03976440429688,93.06185913085938,100.40777587890625,191.0,194.33328247070312,204.674072265625,203.4180908203125,210.73013305664062,202.796142578125,165.77865600585938,13.77484130859375,161.9539794921875,135.62191772460938,141.23809814453125,148.28274536132812,156.6124267578125,189.6053466796875,175.30636596679688,227.8868408203125,230.66592407226562,232.39688110351562,246.91685485839844,273.20594787597656,299.89825439453125,202.2742919921875,253.65870666503906,300.0900421142578,269.8455047607422,311.0475769042969,322.1355743408203,308.1125183105469,319.52662658691406,310.264892578125,289.7874450683594,344.9637908935547,332.11476135253906,357.03013610839844
"S75",328.6579132080078,335.5716094970703,320.76588439941406,350.2495880126953,352.88844299316406,355.44525146484375,357.6553497314453,359.74815368652344,361.481689453125,363.00274658203125,364.3974151611328,365.5818328857422,366.6595458984375,367.5457305908203,368.0411071777344,368.45440673828125,368.75425720214844,368.89227294921875,368.93035888671875,368.8556213378906,368.7390594482422,368.48284912109375,368.1819152832031,367.7516784667969,367.2558288574219,366.55580139160156,365.7459716796875,364.82460021972656,363.69166564941406,362.3853454589844,360.81732177734375,359.0383758544922,357.05165100097656,354.835205078125,352.2953186035156,349.4842834472656,346.3585510253906,342.9613037109375,339.2845458984375,335.3905944824219,331.1361389160156,326.6424865722656,321.97874450683594,317.01312255859375,311.78025817871094,306.409912109375,300.88291931152344,270.0257263183594,289.44212341308594,283.4936065673828,276.6212615966797,240.59808349609375,217.88796997070312,207.34613037109375,186.10165405273438,243.36175537109375,236.38931274414062,228.48831176757812,220.14083862304688,185.39773559570312,204.03720092773438,195.3648681640625,163.15713500976562,176.80633544921875,167.12271118164062,157.12142944335938,146.80142211914062,136.27371215820312,125.35635375976562,114.64703369140625,103.52865600585938,92.43994140625,81.51687622070312,70.957763671875,60.79339599609375,50.494873046875,40.350921630859375,30.572601318359375,21.261627197265625,12.182464599609375,3.442718505859375,-4.802032470703125,-12.72918701171875,-20.429443359375,-27.117919921875,-33.39813232421875,-39.593017578125,-44.900390625,-49.8411865234375,-54.02655029296875,-57.9117431640625,-61.00836181640625,-63.3958740234375,-65.05438232421875,-65.8834228515625,-65.94073486328125,-65.19140625,-63.67779541015625,-60.9942626953125,-57.38336181640625,-53.23907470703125,-48.491455078125,-42.70208740234375,-36.4287109375,-29.22686767578125,-21.71527099609375,-13.85150146484375,-5.6253662109375,2.86517333984375,11.910675048828125,21.53338623046875,31.28082275390625,41.34906005859375,51.596893310546875,13.77484130859375,72.73385620117188,83.6190185546875,94.64205932617188,105.77557373046875,117.143310546875,128.6903076171875,140.3780517578125,152.09048461914062,163.521484375,174.53842163085938,185.92184448242188,197.00613403320312,207.54208374023438,202.2742919921875,227.71893310546875,237.06195068359375,246.17144775390625,254.86512756347656,263.08006286621094,270.84410095214844,278.2648468017578,285.3786926269531,289.7874450683594,298.08995056152344,303.8309783935547,309.4199981689453
"S76",395.0292663574219,380.9401626586914,371.3263702392578,395.2999725341797,402.7635726928711,403.9500732421875,398.00984954833984,385.61685943603516,389.06400299072266,405.14105224609375,413.1498260498047,415.2387390136719,420.91905975341797,410.23165130615234,393.7861099243164,389.91302490234375,399.74900817871094,404.89945220947266,410.8926544189453,418.50038146972656,410.88187408447266,422.72367095947266,397.2533187866211,422.4259033203125,422.2043991088867,419.1007843017578,421.4964599609375,421.04624938964844,420.4812545776367,419.82479095458984,419.0177993774414,418.1081237792969,417.0771789550781,415.9089050292969,414.5671081542969,413.07462310791016,411.4011688232422,409.5736846923828,406.8838806152344,405.4546661376953,393.6789016723633,399.7889709472656,383.7118911743164,373.1082763671875,345.6349639892578,352.5311279296875,304.04966735839844,278.2905578613281,279.04833984375,247.0244598388672,261.8655700683594,240.59808349609375,217.88796997070312,181.15509033203125,188.345947265625,243.36175537109375,255.1239013671875,252.94114685058594,223.90106201171875,185.39773559570312,225.24795532226562,222.92864990234375,163.15713500976562,190.6961669921875,204.42892456054688,243.71517944335938,243.83929443359375,211.94146728515625,224.22509765625,199.8636474609375,221.30462646484375,206.90048217773438,143.8192138671875,199.47891235351562,204.60287475585938,156.67562866210938,191.60403442382812,176.677734375,161.37014770507812,210.42227172851562,195.84597778320312,128.02532958984375,105.58758544921875,145.67254638671875,145.73294067382812,152.28466796875,186.08822631835938,131.72296142578125,181.185302734375,178.423095703125,171.41986083984375,136.12457275390625,172.03231811523438,170.69473266601562,169.77792358398438,169.29962158203125,162.12799072265625,169.80416870117188,170.76071166992188,158.22427368164062,174.62066650390625,177.02496337890625,174.76596069335938,183.40316772460938,187.312744140625,99.12057495117188,113.84707641601562,191.0,194.33328247070312,210.12387084960938,203.4180908203125,210.73013305664062,202.796142578125,165.77865600585938,46.53765869140625,161.9539794921875,135.62191772460938,141.23809814453125,148.28274536132812,156.6124267578125,172.37667846679688,175.30636596679688,227.8868408203125,230.66592407226562,232.39688110351562,246.91685485839844,273.20594787597656,192.84817504882812,237.70571899414062,219.74102783203125,213.67913818359375,269.8455047607422,233.69403076171875,195.76950073242188,261.6230926513672,243.08377075195312,266.2280731201172,289.7874450683594,316.2751770019531,313.2230224609375,332.111328125
"S77",368.33644104003906,371.09141540527344,373.7015151977539,376.19734954833984,378.53038024902344,380.7576904296875,382.70359802246094,384.56778717041016,386.1590805053711,387.58438873291016,388.8479232788086,389.9878234863281,390.9761276245117,391.8179931640625,392.4068298339844,392.8542709350586,393.2175598144531,393.43834686279297,393.59212493896484,393.5630340576172,393.59022521972656,393.4808807373047,393.33802032470703,393.0652542114258,392.7567901611328,392.30116271972656,391.8057174682617,391.1817932128906,390.40438079833984,389.4986801147461,388.38053131103516,387.14093017578125,385.7154846191406,384.08760833740234,382.2364044189453,380.17425537109375,377.8706970214844,375.35829162597656,372.62378692626953,369.67796325683594,366.4294128417969,362.9973602294922,359.3653869628906,355.5846252441406,351.4880676269531,347.1962127685547,342.8514709472656,338.3113708496094,333.84095764160156,329.0796203613281,324.17083740234375,319.18768310546875,313.9546661376953,308.6081085205078,303.18572998046875,297.70396423339844,291.8196258544922,285.6036071777344,279.1307373046875,272.71051025390625,266.45213317871094,259.6559295654297,252.55633544921875,245.0796356201172,237.5999755859375,229.66424560546875,221.50759887695312,213.09909057617188,204.48065185546875,195.81353759765625,187.0145263671875,178.01641845703125,169.13485717773438,160.60964965820312,152.13446044921875,143.70925903320312,135.3714599609375,127.19485473632812,119.44134521484375,111.91543579101562,104.7425537109375,97.73593139648438,90.885498046875,84.56573486328125,78.87213134765625,73.5291748046875,68.38272094726562,63.58447265625,59.13427734375,55.22845458984375,51.647369384765625,48.774169921875,46.416412353515625,44.54241943359375,43.183837890625,42.43896484375,42.648590087890625,43.17388916015625,44.693511962890625,46.890716552734375,49.678009033203125,53.004608154296875,57.038665771484375,61.812744140625,67.18685913085938,72.9052734375,78.80877685546875,85.15313720703125,91.7593994140625,98.8897705078125,106.3819580078125,114.06613159179688,121.8995361328125,130.14599609375,138.14251708984375,146.78634643554688,155.4310302734375,164.17526245117188,173.08297729492188,182.17459106445312,191.47598266601562,200.80624389648438,210.33966064453125,219.66616821289062,228.77291870117188,238.06173706054688,247.23973083496094,255.93711853027344,264.4761962890625,272.92279052734375,280.64723205566406,288.37217712402344,295.7358703613281,302.6995849609375,309.3164978027344,315.666015625,321.69020080566406,327.3369140625,332.55552673339844,337.4692687988281,342.1679992675781
"S78",326.4249572753906,329.99676513671875,333.4861297607422,336.79339599609375,339.7912902832031,342.7307891845703,345.3011016845703,347.7445983886719,349.79600524902344,351.6139678955078,353.31105041503906,354.7569885253906,356.10105895996094,357.2257537841797,357.88987731933594,358.4788818359375,358.9290313720703,359.1960754394531,359.3402404785156,359.3892364501953,359.35345458984375,359.17576599121094,358.9502716064453,358.6033477783203,358.1886749267578,357.5641784667969,356.8205871582031,355.98838806152344,354.94520568847656,353.73252868652344,352.25914001464844,350.56402587890625,348.2860412597656,345.6697235107422,342.7376251220703,339.5128479003906,335.967529296875,332.14512634277344,328.03099060058594,323.65650939941406,318.89984130859375,313.92816162109375,308.7281188964844,303.3672637939453,297.6238250732422,291.67449951171875,285.6983947753906,279.49346923828125,273.4224395751953,266.9663848876953,260.30523681640625,253.5345458984375,246.4048614501953,239.09201049804688,231.65554809570312,224.0986328125,215.93630981445312,207.27780151367188,198.24575805664062,189.28524780273438,180.56976318359375,171.096435546875,161.24087524414062,150.91656494140625,140.65438842773438,129.839111328125,118.82278442382812,107.5653076171875,96.12997436523438,84.75881958007812,73.31640625,61.725494384765625,50.414764404296875,39.68499755859375,29.097991943359375,18.65606689453125,8.376861572265625,-1.641082763671875,-11.027587890625,-20.10321044921875,-28.69390869140625,-37.06402587890625,-45.20013427734375,-52.60919189453125,-59.16107177734375,-65.2315673828125,-72.39813232421875,-78.5313720703125,-84.3319091796875,-89.35272216796875,-94.13861083984375,-98.17669677734375,-101.488525390625,-104.04205322265625,-105.69708251953125,-106.56390380859375,-106.713134765625,-105.93536376953125,-103.9119873046875,-100.8402099609375,-97.20770263671875,-92.899169921875,-87.36700439453125,-81.3677978515625,-74.23052978515625,-66.72906494140625,-58.740234375,-50.3629150390625,-41.68414306640625,-32.369140625,-22.34820556640625,-12.206298828125,-1.650054931640625,9.02545166015625,19.85888671875,31.242431640625,42.705841064453125,54.35125732421875,66.12265014648438,78.20413208007812,90.50918579101562,103.07052612304688,115.6639404296875,128.01309204101562,139.9293212890625,152.37130737304688,164.5179443359375,176.14520263671875,187.44241333007812,198.48614501953125,208.96414184570312,219.14895629882812,228.9090576171875,238.160400390625,246.91270446777344,255.26913452148438,263.30812072753906,270.7130584716797,277.6407775878906,284.0953369140625,290.3886413574219
"S79",321.8853759765625,325.3856658935547,328.7054748535156,331.82469177246094,334.6495666503906,337.3426055908203,339.64495849609375,341.8155975341797,343.58848571777344,345.1319122314453,346.51043701171875,347.6824035644531,348.713623046875,349.54510498046875,349.98692321777344,350.31243896484375,350.52735900878906,350.5650939941406,350.5067138671875,350.27992248535156,350.05665588378906,349.6595153808594,349.2072448730469,348.5830841064453,347.8799285888672,346.9345397949219,345.86541748046875,344.62977600097656,343.1374969482422,341.42791748046875,339.3992919921875,337.13038635253906,334.5906066894531,331.76271057128906,328.5655517578125,325.04893493652344,321.1748504638672,316.9917297363281,312.4889373779297,307.73146057128906,302.5650939941406,297.1470031738281,291.5271911621094,285.6317138671875,279.40208435058594,273.00904846191406,266.50157165527344,259.7381896972656,253.10256958007812,246.1156463623047,238.86370849609375,231.50103759765625,223.82284545898438,215.80642700195312,207.76419067382812,199.49679565429688,190.61639404296875,181.220947265625,171.33810424804688,161.6116943359375,152.18093872070312,141.88677978515625,131.135009765625,119.9522705078125,108.6470947265625,96.91531372070312,84.90200805664062,72.67572021484375,60.12481689453125,47.800872802734375,35.178466796875,22.563812255859375,10.22222900390625,-1.589447021484375,-13.026123046875,-24.48272705078125,-35.74627685546875,-46.6212158203125,-56.881591796875,-66.84686279296875,-76.3668212890625,-85.43231201171875,-94.1591796875,-102.426025390625,-109.598876953125,-116.25994873046875,-122.73699951171875,-128.33172607421875,-133.42431640625,-137.62152099609375,-141.364990234375,-144.09893798828125,-145.99090576171875,-147.0438232421875,-147.18035888671875,-146.40350341796875,-144.52239990234375,-141.92730712890625,-138.0062255859375,-133.1033935546875,-127.56817626953125,-121.37628173828125,-114.13232421875,-106.25299072265625,-97.4854736328125,-88.38519287109375,-79.011962890625,-69.19854736328125,-59.09228515625,-48.3870849609375,-37.122314453125,-25.681396484375,-13.95953369140625,-1.920318603515625,10.019744873046875,22.65625,35.288482666015625,48.0372314453125,60.901031494140625,73.96173095703125,87.1951904296875,100.45083618164062,113.74398803710938,126.65359497070312,139.08547973632812,151.78521728515625,164.12899780273438,175.77670288085938,187.05026245117188,198.0413818359375,208.20687866210938,218.17593383789062,227.6502685546875,236.57785034179688,245.021484375,253.1128387451172,260.8329772949219,268.0052032470703,274.68499755859375,280.96876525878906,287.06639099121094
"S80",314.0457458496094,317.68504333496094,321.16392517089844,324.4253845214844,327.3551483154297,330.16822814941406,332.5735626220703,334.83665466308594,336.67633056640625,338.2722473144531,339.7198944091797,340.9292449951172,342.01707458496094,342.8894348144531,343.3217315673828,343.6617126464844,343.87889099121094,343.91249084472656,343.8365173339844,343.6231231689453,343.3713684082031,342.9481964111328,342.46653747558594,341.818603515625,341.0826416015625,340.0894775390625,338.9495849609375,337.65716552734375,336.09434509277344,334.3046875,332.18701171875,329.8018493652344,327.1475067138672,324.2042541503906,320.8630828857422,317.18775939941406,313.13502502441406,308.75599670410156,304.0421905517578,299.0763854980469,293.68707275390625,288.02622985839844,282.1776580810547,275.99220275878906,269.49778747558594,262.86244201660156,256.0659484863281,248.99891662597656,242.05645751953125,234.78030395507812,227.20697021484375,219.52218627929688,211.54464721679688,203.14599609375,194.77349853515625,186.1201171875,176.84884643554688,167.052001953125,156.70687866210938,146.56341552734375,136.74285888671875,126.00186157226562,114.7628173828125,103.11221313476562,91.24078369140625,79.00997924804688,66.45428466796875,53.7005615234375,40.543548583984375,27.700408935546875,14.4376220703125,1.265960693359375,-11.6361083984375,-24.03497314453125,-35.935302734375,-47.9432373046875,-59.7418212890625,-71.0836181640625,-81.81927490234375,-92.26788330078125,-102.291748046875,-111.73681640625,-120.7867431640625,-129.5181884765625,-137.02923583984375,-144.02008056640625,-150.8792724609375,-156.6619873046875,-161.95477294921875,-166.296630859375,-170.216552734375,-173.13140869140625,-175.15509033203125,-176.2701416015625,-176.3709716796875,-175.52392578125,-173.66741943359375,-170.93096923828125,-166.8272705078125,-161.6588134765625,-155.88763427734375,-149.44049072265625,-141.8201904296875,-133.66827392578125,-124.4998779296875,-115.0076904296875,-105.16741943359375,-94.91815185546875,-84.37445068359375,-73.2196044921875,-61.42254638671875,-49.475830078125,-37.18048095703125,-24.66278076171875,-12.12457275390625,1.063385009765625,14.266815185546875,27.60418701171875,41.039215087890625,54.696197509765625,68.51943969726562,82.421142578125,96.3021240234375,109.78976440429688,122.7432861328125,136.04641723632812,148.94073486328125,161.13671875,172.91180419921875,184.35946655273438,195.04135131835938,205.44473266601562,215.3448486328125,224.67916870117188,233.49740600585938,241.93679809570312,250.01727294921875,257.4920196533203,264.4745788574219,271.0259094238281,277.41395568847656
"S81",326.47528076171875,330.0094757080078,333.3465576171875,336.5129699707031,339.4385528564453,342.21942138671875,344.6247253417969,346.9118347167969,348.8254699707031,350.52056884765625,352.01812744140625,353.34046936035156,354.4840393066406,355.43658447265625,356.0447082519531,356.4914093017578,356.83203125,356.99143981933594,357.06524658203125,356.9222106933594,356.8374786376953,356.57456970214844,356.26470947265625,355.7816925048828,355.2410125732422,354.4884796142578,353.65631103515625,352.65171813964844,351.42327880859375,350.0039367675781,348.28753662109375,346.3806915283203,344.2128601074219,341.7665100097656,338.9975128173828,335.9310760498047,332.533203125,328.84703063964844,324.85760498046875,320.5980987548828,315.9364318847656,311.0325164794922,305.88873291015625,300.53273010253906,294.7858123779297,288.8194580078125,282.7808532714844,276.4892578125,270.31333923339844,263.76202392578125,256.9945373535156,250.12469482421875,242.92230224609375,235.50747680664062,228.00970458984375,220.38528442382812,212.18365478515625,203.50357055664062,194.43161010742188,185.45382690429688,176.72140502929688,167.2105712890625,157.28176879882812,146.8687744140625,136.42648315429688,125.43679809570312,114.16961669921875,102.61843872070312,90.78842163085938,79.00430297851562,67.02810668945312,54.893951416015625,42.975067138671875,31.5731201171875,20.34326171875,9.171051025390625,-1.8487548828125,-12.59112548828125,-22.7369384765625,-32.5784912109375,-41.95367431640625,-51.044677734375,-59.88189697265625,-68.07989501953125,-75.370361328125,-82.17144775390625,-88.7369384765625,-94.70953369140625,-100.1966552734375,-104.89398193359375,-109.1392822265625,-112.4083251953125,-114.927978515625,-116.731689453125,-117.7645263671875,-117.93939208984375,-116.87982177734375,-115.30902099609375,-112.4222412109375,-108.61474609375,-104.078857421875,-98.85699462890625,-92.6759033203125,-85.645263671875,-77.81439208984375,-69.58587646484375,-61.1326904296875,-52.1519775390625,-42.855224609375,-32.9156494140625,-22.486572265625,-11.831207275390625,-0.964080810546875,10.377410888671875,21.45440673828125,33.334442138671875,45.206268310546875,57.201324462890625,69.37203979492188,81.76119995117188,94.38766479492188,107.020751953125,119.8372802734375,132.327880859375,144.45111083984375,156.80752563476562,168.92971801757812,180.38006591796875,191.55252075195312,202.5343017578125,212.59420776367188,222.58560180664062,232.08547973632812,241.04629516601562,249.54554748535156,257.6999206542969,265.4408416748047,272.67320251464844,279.3732604980469,285.68438720703125,291.7508239746094
"S82",326.47528076171875,330.0094757080078,333.3465576171875,336.5129699707031,339.4385528564453,342.21942138671875,344.6247253417969,346.9118347167969,348.8254699707031,350.52056884765625,352.01812744140625,353.34046936035156,354.4840393066406,355.43658447265625,356.0447082519531,356.4914093017578,356.83203125,356.99143981933594,357.06524658203125,356.9222106933594,356.8374786376953,356.57456970214844,356.26470947265625,355.7816925048828,355.2410125732422,354.4884796142578,353.65631103515625,352.65171813964844,351.42327880859375,350.0039367675781,348.28753662109375,346.3806915283203,344.2128601074219,341.7665100097656,338.9975128173828,335.9310760498047,332.533203125,328.84703063964844,324.85760498046875,320.5980987548828,315.9364318847656,311.0325164794922,305.88873291015625,300.53273010253906,294.7858123779297,288.8194580078125,282.7808532714844,276.4892578125,270.31333923339844,263.76202392578125,256.9945373535156,250.12469482421875,242.92230224609375,235.50747680664062,228.00970458984375,220.38528442382812,212.18365478515625,203.50357055664062,194.43161010742188,185.45382690429688,176.72140502929688,167.2105712890625,157.28176879882812,146.8687744140625,136.42648315429688,125.43679809570312,114.16961669921875,102.61843872070312,90.78842163085938,79.00430297851562,67.02810668945312,54.893951416015625,42.975067138671875,31.5731201171875,20.34326171875,9.171051025390625,-1.8487548828125,-12.59112548828125,-22.7369384765625,-32.5784912109375,-41.95367431640625,-51.044677734375,-59.88189697265625,-68.07989501953125,-75.370361328125,-82.17144775390625,-88.7369384765625,-94.70953369140625,-100.1966552734375,-104.89398193359375,-109.1392822265625,-112.4083251953125,-114.927978515625,-116.731689453125,-117.7645263671875,-117.93939208984375,-116.87982177734375,-115.30902099609375,-112.4222412109375,-108.61474609375,-104.078857421875,-98.85699462890625,-92.6759033203125,-85.645263671875,-77.81439208984375,-69.58587646484375,-61.1326904296875,-52.1519775390625,-42.855224609375,-32.9156494140625,-22.486572265625,-11.831207275390625,-0.964080810546875,10.377410888671875,21.45440673828125,33.334442138671875,45.206268310546875,57.201324462890625,69.37203979492188,81.76119995117188,94.38766479492188,107.020751953125,119.8372802734375,132.327880859375,144.45111083984375,156.80752563476562,168.92971801757812,180.38006591796875,191.55252075195312,202.5343017578125,212.59420776367188,222.58560180664062,232.08547973632812,241.04629516601562,249.54554748535156,257.6999206542969,265.4408416748047,272.67320251464844,279.3732604980469,285.68438720703125,291.7508239746094
"S83",244.65036010742188,249.8275909423828,254.74057006835938,259.39234924316406,263.66514587402344,267.7436065673828,271.2766571044922,274.62623596191406,277.41249084472656,279.87969970703125,282.08392333984375,283.9990997314453,285.6826629638672,287.0790252685547,287.9296875,288.5771026611328,289.05938720703125,289.2734832763672,289.35289001464844,289.16058349609375,289.00559997558594,288.5988464355469,288.1208953857422,287.4040222167969,286.5968933105469,285.4739990234375,284.2073974609375,282.71563720703125,280.8943176269531,278.78843688964844,276.2538299560547,273.4181365966797,270.21156311035156,266.61204528808594,262.52362060546875,257.9898986816406,252.96841430664062,247.5166473388672,241.61553955078125,235.334228515625,228.46356201171875,221.22103881835938,213.65280151367188,205.71490478515625,197.23870849609375,188.47711181640625,179.55908203125,170.25640869140625,161.11669921875,151.4609375,141.46023559570312,131.31170654296875,120.7137451171875,109.71484375,98.65444946289062,87.36123657226562,75.234130859375,62.4085693359375,48.96417236328125,35.70513916015625,22.831634521484375,8.769012451171875,-5.9256591796875,-21.30181884765625,-36.83551025390625,-53.0670166015625,-69.74969482421875,-86.82171630859375,-104.39508056640625,-121.807373046875,-139.63592529296875,-157.58233642578125,-175.23736572265625,-192.18994140625,-208.7703857421875,-225.3779296875,-241.74609375,-257.644775390625,-272.70404052734375,-287.33929443359375,-301.3385009765625,-314.8076171875,-327.8375244140625,-340.1146240234375,-350.9822998046875,-361.12481689453125,-371.0023193359375,-379.82275390625,-387.96466064453125,-394.91448974609375,-401.26336669921875,-406.2432861328125,-410.09429931640625,-412.85528564453125,-414.3985595703125,-414.68182373046875,-413.3118896484375,-411.01470947265625,-406.80670166015625,-401.1807861328125,-394.5401611328125,-386.8922119140625,-377.724609375,-367.47637939453125,-355.92547607421875,-343.813232421875,-331.3028564453125,-318.06134033203125,-304.36822509765625,-289.74200439453125,-274.315673828125,-258.58734130859375,-242.47857666015625,-225.7891845703125,-209.3409423828125,-191.79840087890625,-174.24432373046875,-156.48443603515625,-138.49664306640625,-120.15704345703125,-101.469970703125,-82.72357177734375,-63.76593017578125,-45.2813720703125,-27.3902587890625,-9.046722412109375,8.902618408203125,25.895599365234375,42.44097900390625,58.658721923828125,73.63650512695312,88.42669677734375,102.49984741210938,115.77667236328125,128.36911010742188,140.445068359375,151.93203735351562,162.6180419921875,172.54824829101562,181.88113403320312,190.8887939453125
"S84",327.36468505859375,319.0673065185547,343.4822540283203,333.67210388183594,339.55572509765625,346.71629333496094,344.2042999267578,341.1911315917969,347.1954345703125,358.8451690673828,352.9323272705078,362.9019470214844,370.4364318847656,373.64330291748047,370.40625,378.4225845336914,376.31771087646484,378.8250732421875,378.0305938720703,378.79920959472656,378.6835174560547,378.44425201416016,378.1633758544922,377.7694854736328,377.3119812011719,376.6633987426758,375.90570068359375,375.054931640625,374.0069274902344,372.7993621826172,371.35206604003906,369.7017517089844,367.86668395996094,365.82476806640625,363.4775695800781,360.8807830810547,357.99021911621094,354.8472137451172,351.4456329345703,347.8500213623047,343.9231719970703,339.7718505859375,335.474365234375,330.8738250732422,326.04759216308594,321.10813903808594,315.7913513183594,282.80918884277344,239.57693481445312,204.15802001953125,250.8136749267578,288.44464111328125,282.46580505371094,276.1418151855469,228.5931396484375,176.81964111328125,112.68289184570312,197.88052368164062,227.26187133789062,229.0487060546875,201.5262451171875,218.63436889648438,162.40243530273438,192.28335571289062,164.62020874023438,178.41177368164062,110.4017333984375,164.08615112304688,153.98825073242188,144.11898803710938,133.82077026367188,123.5867919921875,113.49957275390625,103.72439575195312,94.36737060546875,84.84585571289062,75.46987915039062,66.45645141601562,57.857086181640625,49.46142578125,41.360107421875,33.76971435546875,26.489898681640625,19.33978271484375,13.16693115234375,7.36016845703125,1.6041259765625,-3.25494384765625,-7.793182373046875,-11.627166748046875,-15.2088623046875,-18.084228515625,-20.30035400390625,-21.8262939453125,-22.5596923828125,-22.5833740234375,-21.93426513671875,-20.5145263671875,-18.02081298828125,-14.6529541015625,-10.822967529296875,-6.441925048828125,-1.063385009765625,4.69805908203125,11.35919189453125,18.294189453125,25.588043212890625,33.188262939453125,41.0274658203125,49.37158203125,58.276824951171875,67.27783203125,76.6036376953125,86.03720092773438,95.57369995117188,105.58364868164062,115.6396484375,125.82772827148438,136.10702514648438,146.60934448242188,157.26739501953125,168.08724975585938,178.89666748046875,189.44992065429688,199.60440063476562,210.12911987304688,217.30648803710938,230.0972900390625,239.52090454101562,228.27700805664062,251.72520446777344,238.02606201171875,252.43116760253906,256.4649200439453,231.68490600585938,264.9761047363281,248.84732055664062,243.76947021484375,267.2038879394531,281.2545928955078,307.88140869140625
"S85",327.36468505859375,319.0673065185547,343.4822540283203,333.67210388183594,339.55572509765625,355.5251159667969,356.93080139160156,365.6521911621094,365.0196075439453,358.8451690673828,374.76361083984375,379.2381591796875,380.35839080810547,381.2962875366211,370.40625,381.60939025878906,376.31771087646484,379.1673278808594,378.0305938720703,381.6445846557617,383.09217834472656,382.94811248779297,382.7646713256836,382.47859954833984,382.13648986816406,381.6199493408203,381.0080337524414,380.31903076171875,379.45401763916016,378.44908905029297,377.22605895996094,375.82073974609375,374.2525939941406,372.49729919433594,370.4602966308594,368.19117736816406,365.64447021484375,362.85833740234375,359.825927734375,356.60203552246094,353.0560607910156,349.2841491699219,345.3587341308594,341.12843322753906,336.66807556152344,332.07826232910156,327.3106689453125,322.32008361816406,317.3802185058594,284.4649200439453,270.26123046875,301.3797607421875,295.75852966308594,289.8184814453125,228.5931396484375,207.06240844726562,271.4356231689453,264.66351318359375,257.49591064453125,250.4958953857422,201.5262451171875,236.28866577148438,228.47244262695312,220.35458374023438,211.96792602539062,203.32611083984375,194.35433959960938,185.17587280273438,175.58468627929688,166.1600341796875,156.28106689453125,146.41973876953125,136.64212036132812,127.11044311523438,117.94403076171875,108.58193969726562,99.3372802734375,90.4173583984375,81.85757446289062,73.48541259765625,65.38253784179688,57.769317626953125,50.447265625,43.230712890625,36.93353271484375,30.975677490234375,25.055084228515625,19.976318359375,15.176727294921875,11.02081298828125,7.0672607421875,3.74420166015625,1.0206298828125,-1.0753173828125,-2.434722900390625,-3.138885498046875,-3.2314453125,-2.572967529296875,-0.874603271484375,1.68646240234375,4.717376708984375,8.30889892578125,12.90435791015625,17.9068603515625,23.8399658203125,30.077667236328125,36.715484619140625,43.677642822265625,50.892181396484375,58.63629150390625,66.95761108398438,75.38037109375,84.14108276367188,93.00967407226562,101.995361328125,111.44607543945312,120.96102905273438,130.62310791015625,140.39361572265625,150.41690063476562,160.62322998046875,171.04122924804688,181.48880004882812,191.73272705078125,201.6240234375,211.93655395507812,222.0089111328125,231.64654541015625,241.013671875,250.17599487304688,258.85594177246094,267.3002166748047,252.43116760253906,256.4649200439453,290.3187561035156,297.24452209472656,303.9073028564453,310.05030822753906,315.79331970214844,321.1461486816406,326.3618927001953
"S86",327.36468505859375,319.0673065185547,343.4822540283203,333.67210388183594,339.55572509765625,352.7559356689453,355.1593475341797,357.4525146484375,359.3934326171875,355.6687927246094,362.69671630859375,364.0759735107422,365.3132019042969,366.3578796386719,367.03208923339844,367.58270263671875,368.0165710449219,368.2763214111328,368.43780517578125,368.44061279296875,368.4403076171875,368.2886199951172,368.0937805175781,367.761474609375,367.3757629394531,366.8013153076172,366.1463928222656,365.3703308105469,364.4012145996094,363.27305603027344,361.89183044433594,360.3323059082031,358.56591796875,356.5702667236328,354.2781677246094,351.7230987548828,348.86407470703125,345.7407989501953,342.3413391113281,338.7041473388672,334.6984405517578,330.4505615234375,325.99365234375,321.27210998535156,316.22422790527344,310.9845428466797,305.6106414794922,299.98822021484375,294.43788146972656,288.5823669433594,273.0283660888672,276.3531036376953,269.9471740722656,263.2871398925781,228.5931396484375,249.80706787109375,242.5306396484375,234.86312866210938,226.814453125,218.89422607421875,211.1988525390625,202.80374145507812,194.00213623046875,184.7950439453125,175.43017578125,165.64520263671875,155.534912109375,145.15377807617188,134.40399169921875,123.72128295898438,112.696044921875,101.56533813476562,90.55120849609375,79.89398193359375,69.47412109375,58.969635009765625,48.5870361328125,38.488525390625,28.85369873046875,19.4647216796875,10.4434814453125,1.799652099609375,-6.57745361328125,-14.57110595703125,-21.66455078125,-28.34417724609375,-34.8861083984375,-40.7352294921875,-46.2117919921875,-50.9864501953125,-55.44915771484375,-59.124267578125,-62.14007568359375,-64.50390625,-66.129150390625,-67.005859375,-66.9508056640625,-66.270263671875,-64.3929443359375,-61.60589599609375,-58.188232421875,-54.11956787109375,-49.04193115234375,-43.28485107421875,-36.625732421875,-29.58203125,-22.19964599609375,-14.35882568359375,-6.214935302734375,2.551544189453125,11.870849609375,21.36834716796875,31.149566650390625,41.248260498046875,51.26104736328125,61.93511962890625,72.64617919921875,83.50460815429688,94.52349853515625,105.80181884765625,117.31710815429688,128.96533203125,140.75857543945312,152.30929565429688,163.521728515625,175.0931396484375,186.45904541015625,197.28347778320312,207.85687255859375,218.25494384765625,227.93817138671875,237.48806762695312,246.6141815185547,255.25369262695312,263.4471130371094,271.291259765625,278.7825622558594,285.7438659667969,292.2167053222656,298.2800598144531,304.13343811035156
"S87",239.61953735351562,263.30865478515625,269.2415313720703,324.47703552246094,298.08033752441406,336.02061462402344,338.69671630859375,341.2462615966797,343.3976745605469,345.3131866455078,347.06871032714844,348.5933074951172,349.97625732421875,351.1407165527344,351.8715057373047,332.6724853515625,335.23663330078125,338.593994140625,336.5438995361328,353.4288330078125,353.4155578613281,353.2398223876953,353.0152893066406,352.6460723876953,352.2140655517578,351.5694274902344,350.82330322265625,349.9562072753906,348.873046875,347.61228942871094,346.07322692871094,344.3252258300781,342.3548889160156,340.13697814941406,337.58148193359375,334.73167419433594,331.5416259765625,328.05482482910156,324.2596435546875,320.208251953125,315.74827575683594,311.0125427246094,306.05787658691406,300.7790222167969,295.15916442871094,289.3439636230469,283.3540344238281,277.0840606689453,270.8894958496094,264.37464904785156,257.6060333251953,250.74447631835938,243.62777709960938,236.18582153320312,216.310791015625,221.16079711914062,213.04946899414062,204.50875854492188,195.52047729492188,186.69857788085938,178.1368408203125,168.78125,158.96182250976562,148.71176147460938,138.22915649414062,127.3316650390625,116.05209350585938,104.48565673828125,92.4674072265625,80.57061767578125,68.22607421875,55.81683349609375,43.526824951171875,31.6038818359375,20.008880615234375,8.265380859375,-3.336822509765625,-14.59149169921875,-25.35107421875,-35.84967041015625,-45.9638671875,-55.5958251953125,-64.90228271484375,-73.88092041015625,-81.812255859375,-89.28790283203125,-96.6494140625,-103.143310546875,-109.2427978515625,-114.549072265625,-119.54071044921875,-123.68768310546875,-127.09124755859375,-129.74884033203125,-131.54559326171875,-132.5118408203125,-132.5302734375,-131.7646484375,-129.67822265625,-126.55072021484375,-122.75592041015625,-118.24078369140625,-112.55126953125,-106.191650390625,-98.76702880859375,-90.9287109375,-82.67352294921875,-73.93798828125,-64.8724365234375,-55.1221923828125,-44.7166748046875,-34.13348388671875,-23.19781494140625,-11.9779052734375,-0.7723388671875,11.119659423828125,23.065887451171875,35.18597412109375,47.469329833984375,60.054290771484375,72.89630126953125,85.92050170898438,99.0687255859375,111.95147705078125,124.43215942382812,137.36373901367188,150.04110717773438,162.13427734375,173.927490234375,185.50253295898438,196.34625244140625,206.99267578125,182.303955078125,226.81646728515625,235.95571899414062,244.69943237304688,253.0668487548828,260.8197021484375,268.04339599609375,274.7986755371094,281.3402404785156
"S88",95.13565063476562,189.34939575195312,221.7359619140625,240.63638305664062,258.4131774902344,335.63812255859375,344.8180389404297,350.0635070800781,356.22511291503906,350.1948547363281,359.59564208984375,360.9907989501953,362.2690887451172,363.3426208496094,334.28509521484375,324.69163513183594,324.85235595703125,338.593994140625,336.5438995361328,365.4393310546875,365.4190216064453,365.2553253173828,365.0465393066406,364.7116394042969,364.31602478027344,363.72267150878906,363.0283508300781,362.2333068847656,361.238037109375,360.08050537109375,358.66961669921875,357.05859375,355.2510070800781,353.22166442871094,350.87583923339844,348.26097106933594,345.3306121826172,342.12632751464844,338.638671875,334.92262268066406,330.8334045410156,326.48768615722656,321.9521179199219,317.0945129394531,311.94561767578125,306.63136291503906,301.1363983154297,295.3842315673828,289.6964416503906,283.73126220703125,273.0283660888672,271.2331085205078,260.69969177246094,226.1767578125,167.49563598632812,244.1168670654297,236.68133544921875,228.859130859375,220.6058349609375,212.52374267578125,204.68588256835938,196.114013671875,187.10501098632812,177.7222900390625,168.08197021484375,158.10086059570312,147.7554931640625,137.15841674804688,126.118408203125,115.22671508789062,103.87252807617188,92.49594116210938,81.22259521484375,70.26156616210938,59.656036376953125,48.8731689453125,38.22265625,27.916351318359375,18.046356201171875,8.4051513671875,-0.90289306640625,-9.713165283203125,-18.20745849609375,-26.48291015625,-33.75311279296875,-40.6170654296875,-47.40484619140625,-53.31707763671875,-58.88568115234375,-63.71990966796875,-68.291015625,-72.1097412109375,-75.2421875,-77.672607421875,-79.285888671875,-80.14031982421875,-80.200439453125,-79.47406005859375,-77.5423583984375,-74.63726806640625,-71.152099609375,-67.01263427734375,-61.7587890625,-55.95745849609375,-49.1348876953125,-41.94573974609375,-34.33843994140625,-26.32061767578125,-18.00555419921875,-9.0704345703125,0.495391845703125,10.203460693359375,20.265167236328125,30.525634765625,40.84063720703125,51.742584228515625,62.705352783203125,73.83251953125,85.09799194335938,96.64715576171875,108.4212646484375,120.39706420898438,132.45062255859375,71.43408203125,8.625640869140625,167.56744384765625,179.189208984375,190.29107666015625,201.10098266601562,211.69415283203125,181.60708618164062,211.92141723632812,9.2952880859375,195.58932495117188,257.9772186279297,259.0719299316406,269.23243713378906,280.75938415527344,280.20298767089844,293.5690155029297,287.1573791503906
"S89",13.081939697265625,185.11590576171875,164.84738159179688,142.25253295898438,250.28927612304688,288.64112854003906,191.0147705078125,199.92074584960938,300.94630432128906,300.3554992675781,303.1263732910156,324.8135070800781,276.67071533203125,324.86749267578125,329.6015167236328,324.69163513183594,324.85235595703125,338.593994140625,336.5438995361328,315.09803771972656,353.75550842285156,345.8038330078125,325.54461669921875,357.89674377441406,349.4984893798828,355.96392822265625,354.8026580810547,339.35243225097656,350.30943298339844,362.09234619140625,334.77418518066406,348.3248748779297,356.7589569091797,337.4792022705078,351.9791717529297,349.16180419921875,346.0338592529297,327.3282928466797,338.9614715576172,265.24717712402344,330.7787170410156,326.2736053466797,321.5733947753906,316.623291015625,311.36109924316406,293.01275634765625,261.9408416748047,271.4836120605469,211.25225830078125,239.91244506835938,224.81539916992188,175.5517578125,173.40988159179688,116.266845703125,62.959381103515625,223.562744140625,235.6402587890625,206.13949584960938,219.34500122070312,211.12359619140625,203.1414794921875,194.42831420898438,185.30679321289062,175.7867431640625,166.13787841796875,156.07943725585938,145.73355102539062,135.15350341796875,124.249755859375,113.4727783203125,102.40069580078125,91.27130126953125,80.32406616210938,69.79583740234375,59.547332763671875,49.25701904296875,39.113922119140625,29.282623291015625,19.95880126953125,10.8905029296875,2.2060546875,-6.0965576171875,-14.12371826171875,-21.74700927734375,-28.44287109375,-34.711181640625,-40.828857421875,-46.2259521484375,-51.21722412109375,-55.4671630859375,-59.35986328125,-62.4088134765625,-64.75848388671875,-66.41278076171875,-67.296875,-67.400146484375,-66.535400390625,-65.05072021484375,-62.3746337890625,-58.81072998046875,-54.64678955078125,-49.8660888671875,-44.1219482421875,-37.7467041015625,-30.53765869140625,-22.99139404296875,-15.16326904296875,-75.1885986328125,-34.42218017578125,10.71466064453125,20.330078125,30.110443115234375,40.150146484375,50.494293212890625,60.741241455078125,71.63381958007812,34.930206298828125,0.706451416015625,-4.08489990234375,-20.433349609375,-42.15771484375,-29.963134765625,76.08932495117188,-91.4306640625,-119.654052734375,46.972900390625,16.002197265625,-49.890869140625,-92.0025634765625,-152.70556640625,-116.05718994140625,-102.375244140625,-168.77862548828125,-104.11163330078125,63.1497802734375,-62.87176513671875,-52.364501953125,-16.2952880859375,-18.31134033203125,25.26715087890625,42.025634765625
"S90",71.82406616210938,132.39175415039062,157.01577758789062,128.5924072265625,149.53872680664062,170.44158935546875,197.71380615234375,196.95718383789062,213.78042602539062,211.4716796875,240.32272338867188,234.739501953125,259.44984436035156,252.1033935546875,252.7882080078125,246.45729064941406,239.40872192382812,255.3278350830078,254.24200439453125,271.2125549316406,274.9651641845703,290.2095489501953,294.9737854003906,291.055908203125,306.92457580566406,285.9895477294922,300.15106201171875,296.6027374267578,316.4668273925781,319.88441467285156,315.8268127441406,316.9191436767578,318.614013671875,312.2820739746094,308.18865966796875,313.3096160888672,303.6453399658203,313.5109558105469,305.80169677734375,280.79766845703125,285.5384521484375,283.8934631347656,262.97349548339844,228.40310668945312,218.11737060546875,188.257080078125,176.54916381835938,145.6019287109375,122.375,41.30645751953125,31.6134033203125,79.89834594726562,4.12664794921875,70.79095458984375,-9.25408935546875,-4.9737548828125,-19.677734375,-33.060546875,-75.4739990234375,16.39923095703125,-24.12481689453125,33.0777587890625,14.25372314453125,25.088409423828125,-36.864990234375,-8.8760986328125,-15.55242919921875,16.57000732421875,-53.449462890625,-23.4072265625,-58.1859130859375,3.47808837890625,-25.49395751953125,-44.92041015625,-22.2099609375,-34.87750244140625,-39.14892578125,-94.75018310546875,-55.3033447265625,-54.50299072265625,-78.01556396484375,-69.16644287109375,-38.582763671875,-41.48089599609375,-32.86431884765625,-49.267578125,-63.599609375,-13.8592529296875,-72.91455078125,-17.9150390625,46.654144287109375,-41.0760498046875,6.77166748046875,-55.729736328125,-69.69830322265625,-60.76190185546875,-3.404144287109375,-24.202392578125,-17.9620361328125,-8.23974609375,-8.827911376953125,-25.92755126953125,-29.379638671875,-39.7357177734375,8.50433349609375,-92.22894287109375,-52.91461181640625,-98.3525390625,-133.7322998046875,-61.91033935546875,-42.75830078125,-53.13311767578125,-53.10540771484375,-116.0943603515625,-29.402099609375,-58.31439208984375,-85.92181396484375,-196.126953125,-35.5999755859375,-95.51300048828125,-54.39495849609375,-71.1527099609375,-49.1455078125,-83.2916259765625,-85.29425048828125,-91.20086669921875,-47.399169921875,-94.57830810546875,-4.37652587890625,-31.85260009765625,0.29486083984375,-22.48687744140625,-47.70751953125,-62.42828369140625,16.545135498046875,-67.55010986328125,-44.7060546875,-16.2952880859375,-34.49346923828125,-41.37359619140625,-26.255126953125
"S91",71.82406616210938,133.99093627929688,157.01577758789062,128.5924072265625,149.53872680664062,170.44158935546875,197.71380615234375,196.95718383789062,233.17758178710938,250.32040405273438,260.25018310546875,234.739501953125,259.44984436035156,270.737548828125,269.4663391113281,267.46058654785156,267.5789031982422,272.78253173828125,287.79698181152344,265.3466339111328,278.7939147949219,290.2095489501953,294.9737854003906,291.055908203125,306.92457580566406,289.1074981689453,302.45599365234375,319.19581604003906,316.4668273925781,319.88441467285156,315.8268127441406,316.9191436767578,318.614013671875,312.2820739746094,308.18865966796875,313.3096160888672,303.6453399658203,313.5109558105469,307.23497009277344,289.2402038574219,285.5384521484375,283.8934631347656,262.97349548339844,248.78091430664062,218.11737060546875,187.63967895507812,158.47845458984375,145.6019287109375,122.375,41.30645751953125,31.6134033203125,6.03961181640625,-22.4422607421875,70.79095458984375,-9.25408935546875,-4.9737548828125,-52.8306884765625,-33.060546875,-75.4739990234375,16.39923095703125,-33.96539306640625,33.0777587890625,14.25372314453125,25.088409423828125,-36.864990234375,-18.7904052734375,-15.55242919921875,16.57000732421875,-112.1221923828125,-23.4072265625,-58.1859130859375,3.47808837890625,-25.49395751953125,-68.357666015625,-22.2099609375,-41.285888671875,-39.14892578125,-94.75018310546875,-55.3033447265625,-54.50299072265625,-152.40924072265625,-69.16644287109375,-38.582763671875,-41.48089599609375,-32.86431884765625,-49.267578125,-108.04547119140625,-13.8592529296875,-72.91455078125,-17.9150390625,46.654144287109375,-41.0760498046875,6.77166748046875,-55.729736328125,-69.69830322265625,-60.76190185546875,-3.404144287109375,-24.202392578125,-17.9620361328125,-8.23974609375,-8.827911376953125,-25.92755126953125,-29.379638671875,-39.7357177734375,8.50433349609375,-92.22894287109375,-52.91461181640625,-100.3814697265625,-133.7322998046875,-61.91033935546875,-98.59600830078125,-53.13311767578125,-81.39288330078125,-136.78204345703125,-161.34326171875,-184.16351318359375,-177.98846435546875,-228.1282958984375,-103.37762451171875,-123.88824462890625,-54.39495849609375,-71.1527099609375,-49.1455078125,-83.2916259765625,-85.29425048828125,-91.20086669921875,-47.399169921875,-94.57830810546875,-4.37652587890625,-31.85260009765625,0.29486083984375,-22.48687744140625,-47.70751953125,-62.42828369140625,16.545135498046875,-22.49365234375,-29.78851318359375,19.358551025390625,-20.243896484375,-41.37359619140625,0.981231689453125
"S92",143.01690673828125,180.11956787109375,158.22848510742188,134.58938598632812,148.88613891601562,170.44158935546875,197.71380615234375,196.95718383789062,233.17758178710938,252.59947204589844,260.25018310546875,234.739501953125,259.44984436035156,270.737548828125,269.4663391113281,276.9805145263672,285.7287139892578,274.18736267089844,300.09523010253906,303.49110412597656,295.3212585449219,303.2273712158203,309.79957580566406,302.99037170410156,320.6567077636719,319.7563781738281,306.61058044433594,319.19581604003906,319.8902587890625,319.88441467285156,321.92054748535156,316.9191436767578,318.614013671875,314.5455780029297,308.18865966796875,313.3096160888672,303.6453399658203,313.5109558105469,307.23497009277344,292.3514862060547,292.6560363769531,283.8934631347656,262.97349548339844,249.43829345703125,218.11737060546875,187.63967895507812,158.47845458984375,145.6019287109375,122.375,41.30645751953125,30.6416015625,-11.306060791015625,-35.4564208984375,-0.400054931640625,-11.06195068359375,-48.62884521484375,-52.8306884765625,-33.060546875,-75.4739990234375,-33.3626708984375,-33.96539306640625,-86.31365966796875,-51.0977783203125,-17.14788818359375,-61.88330078125,-18.7904052734375,-36.1768798828125,-48.7496337890625,-112.1221923828125,-23.4072265625,-60.41156005859375,-51.5859375,-30.31475830078125,-159.65576171875,-154.329833984375,-47.31207275390625,-136.66265869140625,-124.6031494140625,-202.3275146484375,-107.1400146484375,-161.0069580078125,-197.8421630859375,-184.1080322265625,-232.57073974609375,-76.0567626953125,-90.74884033203125,-108.04547119140625,-21.04364013671875,-72.91455078125,-34.59185791015625,-46.18206787109375,-121.4462890625,-76.211181640625,-55.729736328125,-81.2509765625,-60.76190185546875,-23.940673828125,-24.202392578125,-87.9736328125,-8.23974609375,-8.827911376953125,-25.92755126953125,-29.379638671875,-39.7357177734375,8.50433349609375,-92.22894287109375,-62.85693359375,-100.3814697265625,-133.7322998046875,-154.75067138671875,-143.0799560546875,-138.96038818359375,-81.39288330078125,-143.022216796875,-183.46563720703125,-184.16351318359375,-240.81341552734375,-228.1282958984375,-103.37762451171875,-123.88824462890625,-54.39495849609375,-71.1527099609375,-49.1455078125,-83.2916259765625,-85.29425048828125,-91.20086669921875,-47.399169921875,-106.162841796875,-4.37652587890625,-31.85260009765625,0.29486083984375,-22.48687744140625,-47.70751953125,-62.42828369140625,-68.48004150390625,-22.49365234375,-29.78851318359375,19.358551025390625,-20.243896484375,-41.37359619140625,0.981231689453125
"S93",314.5517272949219,328.58770751953125,311.5690155029297,343.8405303955078,314.34898376464844,352.3115692138672,366.9615020751953,376.51695251464844,320.48919677734375,347.40948486328125,374.11817932128906,367.82643127441406,342.4611053466797,373.04595947265625,369.0613098144531,392.13045501708984,398.6865921020508,383.3230667114258,399.46212005615234,406.6061019897461,390.5950469970703,399.60577392578125,405.54134368896484,397.8332214355469,404.08809661865234,398.6355743408203,398.4254837036133,394.09171295166016,399.30236053466797,400.4132385253906,404.23077392578125,407.78060150146484,388.95191955566406,401.5269012451172,403.88761138916016,392.8839111328125,398.9011993408203,351.3200378417969,395.4936981201172,395.65406036376953,392.85801696777344,387.14964294433594,369.0274658203125,383.6866912841797,357.00697326660156,349.3279266357422,328.41761779785156,258.7851867675781,253.43325805664062,237.54849243164062,167.0159912109375,96.00668334960938,49.515777587890625,51.996337890625,55.898223876953125,62.99639892578125,52.889923095703125,43.001068115234375,18.76708984375,-28.991943359375,-56.41473388671875,-228.87005615234375,-313.1458740234375,-202.31488037109375,-155.3680419921875,-205.92047119140625,-135.32574462890625,-175.0721435546875,-176.99468994140625,-167.7315673828125,-219.1392822265625,-216.9031982421875,-262.251708984375,-341.2255859375,-350.47210693359375,-247.95703125,-344.283203125,-309.8372802734375,-297.85546875,-257.1339111328125,-300.7637939453125,-308.68560791015625,-290.83709716796875,-262.79547119140625,-182.973388671875,-212.22247314453125,-354.4566650390625,-170.6595458984375,-189.60430908203125,-146.3070068359375,-90.17474365234375,-177.5762939453125,-212.0357666015625,-158.46929931640625,-106.92462158203125,-160.59228515625,-150.219482421875,-140.38397216796875,-323.8209228515625,-198.86907958984375,-100.487548828125,-164.67755126953125,-181.08709716796875,-268.27789306640625,-167.96209716796875,-96.26953125,-217.0185546875,-211.2628173828125,-167.18157958984375,-168.98199462890625,-133.94146728515625,-208.25897216796875,-45.87530517578125,-195.864013671875,-149.19097900390625,-136.2354736328125,-46.00274658203125,-67.285400390625,-157.07421875,25.845123291015625,119.33319091796875,89.42648315429688,147.59506225585938,107.65023803710938,147.87359619140625,129.76754760742188,156.77835083007812,196.93643188476562,173.92864990234375,207.30203247070312,221.2164306640625,151.4954833984375,227.68414306640625,227.01242065429688,197.37484741210938,219.34255981445312,243.13882446289062,235.92022705078125,234.10910034179688,284.0745391845703,245.19589233398438
"S94",328.6579132080078,335.5716094970703,320.76588439941406,379.53223419189453,314.34898376464844,373.40122985839844,368.83558654785156,377.5755310058594,320.48919677734375,358.7911682128906,390.03321075439453,382.9890823364258,352.20359802246094,373.04595947265625,374.51002502441406,416.7096176147461,408.4262390136719,391.20723724365234,412.99188232421875,414.0354537963867,401.5125503540039,410.3177185058594,418.10423278808594,411.1003952026367,417.397705078125,408.2305679321289,411.6874084472656,403.4040298461914,407.25221252441406,413.90858459472656,412.8123092651367,411.5787582397461,410.2061080932617,408.6801071166992,406.94718170166016,405.04539489746094,402.9436798095703,351.3200378417969,398.2302780151367,395.65406036376953,392.85801696777344,389.92491149902344,386.8917465209961,383.6866912841797,380.32479095458984,376.88492584228516,373.36534118652344,269.8915710449219,350.5077819824219,354.35597229003906,276.6212615966797,214.52072143554688,167.099365234375,207.34613037109375,159.533447265625,223.32589721679688,192.40997314453125,172.52069091796875,215.75607299804688,97.18368530273438,36.7867431640625,-23.54888916015625,-125.55450439453125,-52.30853271484375,-15.00067138671875,-9.64459228515625,28.453704833984375,2.548309326171875,-39.52471923828125,1.82305908203125,-26.28045654296875,-73.6405029296875,-130.44683837890625,-125.39764404296875,-205.42535400390625,-119.16650390625,-145.58197021484375,-128.29388427734375,-279.94140625,-190.544189453125,-281.65679931640625,-113.61077880859375,-136.68890380859375,-235.8486328125,-185.720703125,-230.94439697265625,-275.8853759765625,-196.4290771484375,-141.38116455078125,-169.745849609375,-231.398193359375,-83.6732177734375,-107.353271484375,-91.8233642578125,-114.97271728515625,-208.14422607421875,-208.0198974609375,-264.1505126953125,-192.66168212890625,-106.56280517578125,-81.06817626953125,-82.57611083984375,-52.69207763671875,-212.62396240234375,-128.10211181640625,25.4339599609375,-78.6627197265625,-279.02142333984375,-211.10430908203125,-198.47821044921875,-60.07403564453125,-107.031005859375,50.234466552734375,-212.75640869140625,-39.78564453125,-110.0965576171875,31.6954345703125,89.874755859375,-102.66107177734375,121.1168212890625,189.6053466796875,166.19790649414062,214.19461059570312,152.29751586914062,222.14797973632812,192.732177734375,240.41055297851562,299.89825439453125,202.2742919921875,253.65870666503906,300.0900421142578,167.88592529296875,311.0475769042969,322.1355743408203,308.1125183105469,319.52662658691406,310.264892578125,278.761962890625,344.9637908935547,332.11476135253906,357.03013610839844
"S95",328.6579132080078,335.5716094970703,320.76588439941406,379.53223419189453,314.34898376464844,373.40122985839844,368.83558654785156,377.5755310058594,320.48919677734375,358.7911682128906,390.03321075439453,382.9890823364258,352.20359802246094,373.04595947265625,374.51002502441406,416.7096176147461,408.4262390136719,391.20723724365234,412.99188232421875,414.0354537963867,401.5125503540039,410.3177185058594,418.10423278808594,411.1003952026367,417.397705078125,408.2305679321289,411.6874084472656,403.4040298461914,407.25221252441406,413.90858459472656,412.8123092651367,411.5787582397461,410.2061080932617,408.6801071166992,406.94718170166016,405.04539489746094,402.9436798095703,366.2818298339844,398.2302780151367,395.65406036376953,392.85801696777344,389.92491149902344,386.8917465209961,383.6866912841797,380.32479095458984,376.88492584228516,373.36534118652344,269.8915710449219,350.5077819824219,354.35597229003906,276.6212615966797,214.52072143554688,167.099365234375,207.34613037109375,159.533447265625,223.32589721679688,192.40997314453125,172.52069091796875,215.75607299804688,97.18368530273438,81.89764404296875,78.72796630859375,84.7122802734375,49.455718994140625,74.13360595703125,59.802154541015625,80.69049072265625,35.29681396484375,73.65939331054688,105.03915405273438,118.98855590820312,79.03961181640625,86.12310791015625,70.94412231445312,-18.7056884765625,-13.2591552734375,17.76922607421875,9.48974609375,-65.7667236328125,20.115447998046875,-69.85296630859375,83.651123046875,95.60440063476562,0.438262939453125,6.13958740234375,24.85223388671875,-30.57635498046875,-3.694366455078125,118.15615844726562,57.53192138671875,0.6402587890625,105.54806518554688,77.19967651367188,97.78475952148438,36.370819091796875,27.578948974609375,5.28839111328125,-127.5029296875,-48.928466796875,82.74395751953125,-8.73046875,69.27297973632812,56.380584716796875,15.235931396484375,35.220245361328125,25.4339599609375,-78.6627197265625,-274.44476318359375,-211.10430908203125,-33.624755859375,-40.1612548828125,-6.99420166015625,50.234466552734375,-68.14495849609375,-39.78564453125,-110.0965576171875,31.6954345703125,89.874755859375,-84.25360107421875,121.1168212890625,189.6053466796875,166.19790649414062,214.19461059570312,152.29751586914062,222.14797973632812,192.732177734375,240.41055297851562,299.89825439453125,202.2742919921875,253.65870666503906,300.0900421142578,167.88592529296875,311.0475769042969,322.1355743408203,308.1125183105469,319.52662658691406,310.264892578125,278.761962890625,344.9637908935547,332.11476135253906,357.03013610839844
"S96",399.4016342163086,401.42179107666016,403.3954391479492,405.2532196044922,406.9141845703125,408.54251861572266,409.94712829589844,411.2765808105469,412.3750305175781,413.3315658569336,414.2259216308594,414.97335052490234,415.67089080810547,416.2409362792969,416.5393295288086,416.8069076538086,416.9977111816406,417.08885955810547,417.10887908935547,417.0840530395508,417.0016784667969,416.8392639160156,416.6484832763672,416.3850326538086,416.07545471191406,415.63291931152344,415.1119689941406,414.5335922241211,413.81798553466797,412.9948501586914,412.00831604003906,410.8772888183594,409.62603759765625,408.2361755371094,406.6324920654297,404.86092376708984,402.88439178466797,400.7345275878906,398.4080505371094,395.9532775878906,393.2735595703125,390.4394226074219,387.5130081176758,384.3616180419922,381.07433319091797,377.7186813354492,374.2360534667969,370.6063232421875,367.02317810058594,363.2924499511719,359.39646911621094,355.4513702392578,351.3915100097656,347.07545471191406,342.8220672607422,338.39476013183594,333.68727111816406,328.73419189453125,323.46929931640625,318.3365783691406,313.3690643310547,307.9281311035156,302.19764709472656,296.2769012451172,290.15272521972656,283.88134765625,277.3914031982422,270.7861785888672,263.89988708496094,257.1953430175781,250.16244506835938,243.19454956054688,236.32489013671875,229.65115356445312,223.30453491210938,216.81915283203125,210.4334716796875,204.31341552734375,198.46286010742188,192.7437744140625,187.21319580078125,182.07470703125,177.15582275390625,172.26678466796875,168.0833740234375,164.1353759765625,160.20516967773438,156.94418334960938,153.88836669921875,151.31561279296875,148.8984375,146.95162963867188,145.45516967773438,144.44381713867188,143.98910522460938,144.01632690429688,144.44900512695312,145.45111083984375,147.18508911132812,149.52493286132812,152.15499877929688,155.15463256835938,158.85623168945312,162.7772216796875,167.33847045898438,172.07675170898438,177.087646484375,182.2825927734375,187.63711547851562,193.33023071289062,199.42437744140625,205.56658935546875,211.95101928710938,218.3624267578125,224.8909912109375,231.71231079101562,238.5728759765625,245.52415466308594,252.53103637695312,259.6920166015625,266.9474182128906,274.3423614501953,281.7014923095703,288.8888244628906,295.7945861816406,302.9689636230469,309.92945861816406,316.56524658203125,322.97509765625,329.2093200683594,335.1199493408203,340.8282165527344,346.2886962890625,351.4552459716797,356.32395935058594,360.96478271484375,365.44097900390625,369.55833435058594,373.41371154785156,377.0080337524414,380.5299377441406
"S97",404.4689178466797,406.45548248291016,408.3675765991211,410.1892318725586,411.8670425415039,413.49132537841797,414.9083480834961,416.26332092285156,417.41416931152344,418.4373779296875,419.36637115478516,420.18592834472656,420.91905975341797,421.5384063720703,421.9425506591797,422.27166748046875,422.5330352783203,422.69361877441406,422.7960433959961,422.80089569091797,422.8067169189453,422.72367095947266,422.61588287353516,422.4259033203125,422.2043991088867,421.8716735839844,421.4964599609375,421.04624938964844,420.4812545776367,419.82479095458984,419.0177993774414,418.1081237792969,417.0771789550781,415.9089050292969,414.5671081542969,413.07462310791016,411.4011688232422,409.5736846923828,407.5848846435547,405.4546661376953,403.1083755493164,400.6233367919922,398.01304626464844,395.2516174316406,392.3000946044922,389.23160552978516,386.0888137817383,382.80470275878906,379.56224822998047,376.1385726928711,372.59117889404297,368.9942932128906,364.98313903808594,355.7530975341797,357.47523498535156,353.4979553222656,349.25230407714844,344.7800598144531,340.08526611328125,335.46142578125,330.9642639160156,326.06886291503906,320.932861328125,315.5625,310.1112518310547,304.40098571777344,298.50633239746094,292.4500732421875,286.1918029785156,279.96400451660156,273.54888916015625,267.0548400878906,260.6346893310547,254.428955078125,248.35671997070312,242.2481689453125,236.20751953125,230.32855224609375,224.72378540039062,219.264892578125,214.02731323242188,209.00830078125,204.13290405273438,199.49615478515625,195.39175415039062,191.51983642578125,187.739990234375,184.35284423828125,181.185302734375,178.423095703125,175.850830078125,173.75149536132812,172.03231811523438,170.69473266601562,169.77792358398438,169.29962158203125,169.37832641601562,169.80416870117188,170.938232421875,172.59469604492188,174.62066650390625,177.02496337890625,180.00531005859375,183.40316772460938,187.312744140625,191.44808959960938,195.78103637695312,200.379150390625,205.15664672851562,210.29885864257812,215.75497436523438,221.31295776367188,227.03195190429688,232.93948364257812,238.7861328125,245.02516174316406,251.2843780517578,257.62379455566406,264.0613250732422,270.6438446044922,277.358154296875,284.1552734375,291.0349578857422,297.7722473144531,304.319580078125,311.057373046875,317.67974853515625,323.98248291015625,330.14112854003906,336.20367431640625,341.83717346191406,347.39752197265625,352.7130432128906,357.74720764160156,362.51564025878906,367.0773010253906,371.4375915527344,375.49609375,379.2649383544922,382.7969207763672,386.20423126220703
"S98",384.6136779785156,387.0166320800781,389.3183288574219,391.51319885253906,393.54354095458984,395.5006103515625,397.2094497680664,398.84362030029297,400.23277282714844,401.47115325927734,402.5879669189453,403.5785675048828,404.4571075439453,405.2010269165039,405.6956024169922,406.09037017822266,406.4054489135742,406.59757232666016,406.72290802001953,406.71886444091797,406.7295608520508,406.6292190551758,406.4990005493164,406.2655944824219,405.99610900878906,405.5939636230469,405.1442108154297,404.5982894897461,403.9152145385742,403.1206512451172,402.1433639526367,401.0467834472656,399.7988586425781,398.3821792602539,396.75989532470703,394.95387268066406,392.9318389892578,390.724365234375,388.3219528198242,385.7448196411133,382.9053192138672,379.8994445800781,376.7358093261719,373.4040069580078,369.8283233642578,366.10357666015625,362.30079650878906,358.32618713378906,354.40516662597656,350.25514221191406,345.9608154296875,341.60498046875,337.05909729003906,332.3634490966797,327.64256286621094,322.8327331542969,317.6894836425781,312.26698303222656,306.5881042480469,300.9843444824219,295.5315399169922,289.5977478027344,283.3809509277344,276.8663330078125,270.27903747558594,263.3564758300781,256.21800231933594,248.87757873535156,241.30731201171875,233.75274658203125,226.00106811523438,218.13479614257812,210.36041259765625,202.8594970703125,195.48678588867188,188.0928955078125,180.7802734375,173.6483154296875,166.85870361328125,160.2518310546875,153.92352294921875,147.8250732421875,141.89254760742188,136.29708862304688,131.3160400390625,126.62612915039062,122.0628662109375,117.92739868164062,114.06881713867188,110.69772338867188,107.57077026367188,105.02713012695312,102.942138671875,101.30758666992188,100.16766357421875,99.56002807617188,99.67098999023438,100.16403198242188,101.5159912109375,103.49087524414062,105.93295288085938,108.83755493164062,112.4193115234375,116.543701171875,121.26327514648438,126.26394653320312,131.48126220703125,137.03924560546875,142.81719970703125,149.0413818359375,155.62905883789062,162.35379028320312,169.25531005859375,176.42349243164062,183.47787475585938,191.03268432617188,198.605224609375,206.27322387695312,214.06613159179688,222.03173828125,230.16537475585938,238.3760986328125,246.71005249023438,254.8693084716797,262.8077697753906,270.9602966308594,278.9846954345703,286.6128845214844,294.07666015625,301.43309020996094,308.23976135253906,314.9828796386719,321.4232482910156,327.5195770263672,333.3007354736328,338.83702087402344,344.11651611328125,349.0391845703125,353.6052551269531,357.8898620605469,362.0131378173828
"S99",384.6136779785156,387.0166320800781,389.3183288574219,391.51319885253906,393.54354095458984,395.5006103515625,397.2094497680664,398.84362030029297,400.23277282714844,401.47115325927734,402.5879669189453,403.5785675048828,404.4571075439453,405.2010269165039,405.6956024169922,406.09037017822266,406.4054489135742,406.59757232666016,406.72290802001953,406.71886444091797,406.7295608520508,406.6292190551758,406.4990005493164,406.2655944824219,405.99610900878906,405.5939636230469,405.1442108154297,404.5982894897461,403.9152145385742,403.1206512451172,402.1433639526367,401.0467834472656,399.7988586425781,398.3821792602539,396.75989532470703,394.95387268066406,392.9318389892578,390.724365234375,388.3219528198242,385.7448196411133,382.9053192138672,379.8994445800781,376.7358093261719,373.4040069580078,369.8283233642578,366.10357666015625,362.30079650878906,358.32618713378906,354.40516662597656,350.25514221191406,345.9608154296875,341.60498046875,337.05909729003906,332.3634490966797,327.64256286621094,322.8327331542969,317.6894836425781,312.26698303222656,306.5881042480469,300.9843444824219,295.5315399169922,289.5977478027344,283.3809509277344,276.8663330078125,270.27903747558594,263.3564758300781,256.21800231933594,248.87757873535156,241.30731201171875,233.75274658203125,226.00106811523438,218.13479614257812,210.36041259765625,202.8594970703125,195.48678588867188,188.0928955078125,180.7802734375,173.6483154296875,166.85870361328125,160.2518310546875,153.92352294921875,147.8250732421875,141.89254760742188,136.29708862304688,131.3160400390625,126.62612915039062,122.0628662109375,117.92739868164062,114.06881713867188,110.69772338867188,107.57077026367188,105.02713012695312,102.942138671875,101.30758666992188,100.16766357421875,99.56002807617188,99.67098999023438,100.16403198242188,101.5159912109375,103.49087524414062,105.93295288085938,108.83755493164062,112.4193115234375,116.543701171875,121.26327514648438,126.26394653320312,131.48126220703125,137.03924560546875,142.81719970703125,149.0413818359375,155.62905883789062,162.35379028320312,169.25531005859375,176.42349243164062,183.47787475585938,191.03268432617188,198.605224609375,206.27322387695312,214.06613159179688,222.03173828125,230.16537475585938,238.3760986328125,246.71005249023438,254.8693084716797,262.8077697753906,270.9602966308594,278.9846954345703,286.6128845214844,294.07666015625,301.43309020996094,308.23976135253906,314.9828796386719,321.4232482910156,327.5195770263672,333.3007354736328,338.83702087402344,344.11651611328125,349.0391845703125,353.6052551269531,357.8898620605469,362.0131378173828
"S100",384.6136779785156,387.0166320800781,389.3183288574219,391.51319885253906,393.54354095458984,395.5006103515625,397.2094497680664,398.84362030029297,400.23277282714844,401.47115325927734,402.5879669189453,403.5785675048828,404.4571075439453,405.2010269165039,405.6956024169922,406.09037017822266,406.4054489135742,406.59757232666016,406.72290802001953,406.71886444091797,406.7295608520508,406.6292190551758,406.4990005493164,406.2655944824219,405.99610900878906,405.5939636230469,405.1442108154297,404.5982894897461,403.9152145385742,403.1206512451172,402.1433639526367,401.0467834472656,399.7988586425781,398.3821792602539,396.75989532470703,394.95387268066406,392.9318389892578,390.724365234375,388.3219528198242,385.7448196411133,382.9053192138672,379.8994445800781,376.7358093261719,373.4040069580078,369.8283233642578,366.10357666015625,362.30079650878906,358.32618713378906,354.40516662597656,350.25514221191406,345.9608154296875,341.60498046875,337.05909729003906,332.3634490966797,327.64256286621094,322.8327331542969,317.6894836425781,312.26698303222656,306.5881042480469,300.9843444824219,295.5315399169922,289.5977478027344,283.3809509277344,276.8663330078125,270.27903747558594,263.3564758300781,256.21800231933594,248.87757873535156,241.30731201171875,233.75274658203125,226.00106811523438,218.13479614257812,210.36041259765625,202.8594970703125,195.48678588867188,188.0928955078125,180.7802734375,173.6483154296875,166.85870361328125,160.2518310546875,153.92352294921875,147.8250732421875,141.89254760742188,136.29708862304688,131.3160400390625,126.62612915039062,122.0628662109375,117.92739868164062,114.06881713867188,110.69772338867188,107.57077026367188,105.02713012695312,102.942138671875,101.30758666992188,100.16766357421875,99.56002807617188,99.67098999023438,100.16403198242188,101.5159912109375,103.49087524414062,105.93295288085938,108.83755493164062,112.4193115234375,116.543701171875,121.26327514648438,126.26394653320312,131.48126220703125,137.03924560546875,142.81719970703125,149.0413818359375,155.62905883789062,162.35379028320312,169.25531005859375,176.42349243164062,183.47787475585938,191.03268432617188,198.605224609375,206.27322387695312,214.06613159179688,222.03173828125,230.16537475585938,238.3760986328125,246.71005249023438,254.8693084716797,262.8077697753906,270.9602966308594,278.9846954345703,286.6128845214844,294.07666015625,301.43309020996094,308.23976135253906,314.9828796386719,321.4232482910156,327.5195770263672,333.3007354736328,338.83702087402344,344.11651611328125,349.0391845703125,353.6052551269531,357.8898620605469,362.0131378173828
"S101",346.59181213378906,349.7714385986328,352.83714294433594,355.7538757324219,358.4330139160156,361.0299377441406,363.2997741699219,365.46484375,367.29566955566406,368.9256286621094,370.4137268066406,371.7133483886719,372.88575744628906,373.8742370605469,374.5038299560547,375.0248107910156,375.43367767333984,375.6789245605469,375.82865142822266,375.8389129638672,375.8345031738281,375.69029235839844,375.50521087646484,375.19386291503906,374.8304901123047,374.2876510620117,373.66490936279297,372.9331512451172,372.01817321777344,370.9535827636719,369.65118408203125,368.1762237548828,366.50999450683594,364.63023376464844,362.4672546386719,360.0568084716797,357.3577880859375,354.4086151123047,351.1986389160156,347.7678680419922,343.99034118652344,339.9825897216797,335.78334045410156,331.32159423828125,326.5633850097656,321.63136291503906,316.5621337890625,311.25840759277344,306.0201721191406,300.50257873535156,294.77589416503906,288.96986389160156,282.9389190673828,276.65187072753906,270.3725280761719,263.9416046142578,257.08091735839844,249.85513305664062,242.259033203125,234.79373168945312,227.5433349609375,219.63015747070312,211.32736206054688,202.6533203125,193.80758666992188,184.58602905273438,175.05056762695312,165.2655029296875,155.11822509765625,145.05328369140625,134.638427734375,124.14297485351562,113.75439453125,103.68984985351562,93.8778076171875,83.96469116210938,74.16793823242188,64.65234375,55.56488037109375,46.703765869140625,38.179443359375,30.040283203125,22.161376953125,14.601593017578125,7.91461181640625,1.6114501953125,-4.576446533203125,-10.0693359375,-15.22027587890625,-19.70587158203125,-23.9102783203125,-27.3831787109375,-30.23211669921875,-32.45660400390625,-33.97039794921875,-34.7796630859375,-34.7491455078125,-34.09375,-32.3125,-29.66387939453125,-26.4371337890625,-22.59979248046875,-17.7916259765625,-12.3773193359375,-6.08929443359375,0.554718017578125,7.537017822265625,14.93572998046875,22.617645263671875,30.882659912109375,39.684356689453125,48.64306640625,57.885345458984375,67.39456176757812,76.8580322265625,86.92294311523438,97.028564453125,107.27560424804688,117.66812133789062,128.30880737304688,139.1671142578125,150.169189453125,161.28903198242188,172.18215942382812,182.74734497070312,193.668212890625,204.384765625,214.59896850585938,224.56759643554688,234.3623046875,243.51007080078125,252.51043701171875,261.11595153808594,269.26487731933594,276.9885559082031,284.37876892089844,291.4461975097656,298.00526428222656,304.1093444824219,309.8224182128906,315.3464813232422
"S102",345.4411926269531,348.55296325683594,351.5638427734375,354.4027862548828,356.9631652832031,359.4508361816406,361.6007843017578,363.63563537597656,365.3189239501953,366.79376220703125,368.1531219482422,369.30145263671875,370.3537292480469,371.21751403808594,371.6910400390625,372.09371185302734,372.3839111328125,372.5173797607422,372.55069732666016,372.48596954345703,372.3675537109375,372.1166305541992,371.822021484375,371.4056701660156,370.9237365722656,370.24188232421875,369.44842529296875,368.552734375,367.45037841796875,366.17974853515625,364.6560516357422,362.92230224609375,360.9908905029297,358.8395233154297,356.3698425292969,353.6369171142578,350.59637451171875,347.2908935546875,343.7134246826172,339.92889404296875,335.7949981689453,331.42628479003906,326.8989562988281,322.06346130371094,316.9807891845703,311.7729949951172,306.40061950683594,300.79811096191406,295.2762145996094,289.50071716308594,283.4844665527344,277.387939453125,271.08502197265625,264.4325866699219,257.8351287841797,251.01095581054688,243.73095703125,236.05758666992188,227.93817138671875,219.99444580078125,212.30023193359375,203.875732421875,195.027099609375,185.84588623046875,176.41717529296875,166.70419311523438,156.67282104492188,146.446533203125,135.82376098632812,125.425537109375,114.59829711914062,103.82296752929688,93.20458984375,82.92526245117188,73.06204223632812,63.043365478515625,53.17681884765625,43.680816650390625,34.62841796875,25.795013427734375,17.27972412109375,9.2779541015625,1.595947265625,-5.914154052734375,-12.4154052734375,-18.52587890625,-24.57086181640625,-29.70611572265625,-34.4957275390625,-38.54681396484375,-42.3214111328125,-45.3433837890625,-47.67315673828125,-49.2841796875,-50.0723876953125,-50.1123046875,-49.41204833984375,-47.92901611328125,-45.31317138671875,-41.78472900390625,-37.756103515625,-33.14459228515625,-27.49853515625,-21.42144775390625,-14.415771484375,-7.116302490234375,0.545654296875,8.54302978515625,16.794158935546875,25.58013916015625,34.94451904296875,44.418609619140625,54.22186279296875,64.16470336914062,74.18765258789062,84.726806640625,95.30978393554688,106.02993774414062,116.85076904296875,127.90365600585938,139.125244140625,150.50247192382812,161.88385009765625,172.99392700195312,183.6912841796875,194.76495361328125,205.53643798828125,215.78399658203125,225.70718383789062,235.38046264648438,244.47930908203125,253.32794189453125,261.7771911621094,269.7633056640625,277.3069610595703,284.5130157470703,291.4308166503906,297.8146667480469,303.77952575683594,309.35443115234375,314.7913818359375
"S103",345.4411926269531,348.55296325683594,351.5638427734375,354.4027862548828,356.9631652832031,359.4508361816406,361.6007843017578,363.63563537597656,365.3189239501953,366.79376220703125,368.1531219482422,369.30145263671875,370.3537292480469,371.21751403808594,371.6910400390625,372.09371185302734,372.3839111328125,372.5173797607422,372.55069732666016,372.48596954345703,372.3675537109375,372.1166305541992,371.822021484375,371.4056701660156,370.9237365722656,370.24188232421875,369.44842529296875,368.552734375,367.45037841796875,366.17974853515625,364.6560516357422,362.92230224609375,360.9908905029297,358.8395233154297,356.3698425292969,353.6369171142578,350.59637451171875,347.2908935546875,343.7134246826172,339.92889404296875,335.7949981689453,331.42628479003906,326.8989562988281,322.06346130371094,316.9807891845703,311.7729949951172,306.40061950683594,300.79811096191406,295.2762145996094,289.50071716308594,283.4844665527344,277.387939453125,271.08502197265625,264.4325866699219,257.8351287841797,251.01095581054688,243.73095703125,236.05758666992188,227.93817138671875,219.99444580078125,212.30023193359375,203.875732421875,195.027099609375,185.84588623046875,176.41717529296875,166.70419311523438,156.67282104492188,146.446533203125,135.82376098632812,125.425537109375,114.59829711914062,103.82296752929688,93.20458984375,82.92526245117188,73.06204223632812,63.043365478515625,53.17681884765625,43.680816650390625,34.62841796875,25.795013427734375,17.27972412109375,9.2779541015625,1.595947265625,-5.914154052734375,-12.4154052734375,-18.52587890625,-24.57086181640625,-29.70611572265625,-34.4957275390625,-38.54681396484375,-42.3214111328125,-45.3433837890625,-47.67315673828125,-49.2841796875,-50.0723876953125,-50.1123046875,-49.41204833984375,-47.92901611328125,-45.31317138671875,-41.78472900390625,-37.756103515625,-33.14459228515625,-27.49853515625,-21.42144775390625,-14.415771484375,-7.116302490234375,0.545654296875,8.54302978515625,16.794158935546875,25.58013916015625,34.94451904296875,44.418609619140625,54.22186279296875,64.16470336914062,74.18765258789062,84.726806640625,95.30978393554688,106.02993774414062,116.85076904296875,127.90365600585938,139.125244140625,150.50247192382812,161.88385009765625,172.99392700195312,183.6912841796875,194.76495361328125,205.53643798828125,215.78399658203125,225.70718383789062,235.38046264648438,244.47930908203125,253.32794189453125,261.7771911621094,269.7633056640625,277.3069610595703,284.5130157470703,291.4308166503906,297.8146667480469,303.77952575683594,309.35443115234375,314.7913818359375
"S104",345.4411926269531,348.55296325683594,351.5638427734375,354.4027862548828,356.9631652832031,359.4508361816406,361.6007843017578,363.63563537597656,365.3189239501953,366.79376220703125,368.1531219482422,369.30145263671875,370.3537292480469,371.21751403808594,371.6910400390625,372.09371185302734,372.3839111328125,372.5173797607422,372.55069732666016,372.48596954345703,372.3675537109375,372.1166305541992,371.822021484375,371.4056701660156,370.9237365722656,370.24188232421875,369.44842529296875,368.552734375,367.45037841796875,366.17974853515625,364.6560516357422,362.92230224609375,360.9908905029297,358.8395233154297,356.3698425292969,353.6369171142578,350.59637451171875,347.2908935546875,343.7134246826172,339.92889404296875,335.7949981689453,331.42628479003906,326.8989562988281,322.06346130371094,316.9807891845703,311.7729949951172,306.40061950683594,300.79811096191406,295.2762145996094,289.50071716308594,283.4844665527344,277.387939453125,271.08502197265625,264.4325866699219,257.8351287841797,251.01095581054688,243.73095703125,236.05758666992188,227.93817138671875,219.99444580078125,212.30023193359375,203.875732421875,195.027099609375,185.84588623046875,176.41717529296875,166.70419311523438,156.67282104492188,146.446533203125,135.82376098632812,125.425537109375,114.59829711914062,103.82296752929688,93.20458984375,82.92526245117188,73.06204223632812,63.043365478515625,53.17681884765625,43.680816650390625,34.62841796875,25.795013427734375,17.27972412109375,9.2779541015625,1.595947265625,-5.914154052734375,-12.4154052734375,-18.52587890625,-24.57086181640625,-29.70611572265625,-34.4957275390625,-38.54681396484375,-42.3214111328125,-45.3433837890625,-47.67315673828125,-49.2841796875,-50.0723876953125,-50.1123046875,-49.41204833984375,-47.92901611328125,-45.31317138671875,-41.78472900390625,-37.756103515625,-33.14459228515625,-27.49853515625,-21.42144775390625,-14.415771484375,-7.116302490234375,0.545654296875,8.54302978515625,16.794158935546875,25.58013916015625,34.94451904296875,44.418609619140625,54.22186279296875,64.16470336914062,74.18765258789062,84.726806640625,95.30978393554688,106.02993774414062,116.85076904296875,127.90365600585938,139.125244140625,150.50247192382812,161.88385009765625,172.99392700195312,183.6912841796875,194.76495361328125,205.53643798828125,215.78399658203125,225.70718383789062,235.38046264648438,244.47930908203125,253.32794189453125,261.7771911621094,269.7633056640625,277.3069610595703,284.5130157470703,291.4308166503906,297.8146667480469,303.77952575683594,309.35443115234375,314.7913818359375
"S105",327.36468505859375,311.9584655761719,338.0268859863281,333.67210388183594,336.352294921875,339.3180847167969,344.2042999267578,341.1911315917969,347.1954345703125,358.8451690673828,350.6411895751953,362.9019470214844,370.4364318847656,368.59974670410156,370.40625,381.60939025878906,376.31771087646484,379.1673278808594,378.0305938720703,375.9945526123047,378.82647705078125,382.94811248779297,382.7646713256836,382.47859954833984,381.0643615722656,381.6199493408203,381.0080337524414,378.2931442260742,379.45401763916016,378.44908905029297,377.22605895996094,374.9007797241211,374.2257080078125,372.08636474609375,369.6570739746094,366.98785400390625,364.0413055419922,360.85797119140625,357.4315948486328,353.82073974609375,349.9019317626953,345.78810119628906,341.5364227294922,337.0406951904297,332.3235321044922,327.50120544433594,288.18907165527344,279.9936828613281,207.58413696289062,204.15802001953125,185.45193481445312,296.02989196777344,254.79949951171875,277.1188049316406,215.62722778320312,159.58120727539062,112.68289184570312,173.03662109375,157.36447143554688,204.38580322265625,149.86163330078125,120.4102783203125,162.40243530273438,169.24002075195312,164.62020874023438,153.94854736328125,110.4017333984375,96.50332641601562,135.27346801757812,129.97296142578125,134.99468994140625,103.6009521484375,125.56829833984375,119.38531494140625,110.76193237304688,102.06781005859375,93.52288818359375,85.30838012695312,77.53497314453125,69.97076416015625,62.718658447265625,34.271148681640625,7.510955810546875,43.02587890625,36.93353271484375,30.975677490234375,25.055084228515625,-17.41192626953125,15.176727294921875,11.02081298828125,7.0672607421875,3.74420166015625,1.0206298828125,-1.0753173828125,-2.434722900390625,-21.52520751953125,-3.2314453125,-2.572967529296875,-0.874603271484375,1.68646240234375,4.717376708984375,8.30889892578125,12.90435791015625,17.9068603515625,22.781982421875,30.077667236328125,36.715484619140625,43.677642822265625,50.892181396484375,58.63629150390625,66.95761108398438,75.38037109375,84.14108276367188,93.00967407226562,101.995361328125,111.44607543945312,120.96102905273438,130.62310791015625,140.39361572265625,150.41690063476562,127.11459350585938,171.04122924804688,181.48880004882812,191.73272705078125,201.6240234375,211.93655395507812,217.30648803710938,231.64654541015625,241.013671875,228.27700805664062,251.72520446777344,238.02606201171875,252.43116760253906,256.4649200439453,231.68490600585938,264.9761047363281,248.84732055664062,243.76947021484375,246.461181640625,281.2545928955078,307.88140869140625
"S106",327.36468505859375,311.9584655761719,338.0268859863281,333.67210388183594,336.352294921875,339.3180847167969,344.2042999267578,341.1911315917969,347.1954345703125,358.8451690673828,350.6411895751953,362.9019470214844,370.4364318847656,368.59974670410156,370.40625,381.60939025878906,376.31771087646484,379.1673278808594,378.0305938720703,375.9945526123047,378.82647705078125,382.94811248779297,382.7646713256836,382.47859954833984,381.0643615722656,381.6199493408203,381.0080337524414,378.2931442260742,379.45401763916016,378.44908905029297,377.22605895996094,374.9007797241211,374.2257080078125,372.08636474609375,369.6570739746094,366.98785400390625,364.0413055419922,360.85797119140625,357.4315948486328,353.82073974609375,349.9019317626953,345.78810119628906,341.5364227294922,337.0406951904297,332.3235321044922,327.50120544433594,288.18907165527344,279.9936828613281,207.58413696289062,204.15802001953125,187.38418579101562,296.02989196777344,254.79949951171875,277.1188049316406,215.62722778320312,207.06240844726562,265.06459045410156,257.9591064453125,250.45343017578125,243.09249877929688,149.86163330078125,228.17294311523438,220.017822265625,211.5684814453125,202.96435546875,194.09130859375,184.986083984375,175.73529052734375,166.20074462890625,156.89016723632812,147.28094482421875,137.72616577148438,128.3717041015625,119.38531494140625,110.76193237304688,102.06781005859375,93.52288818359375,85.30838012695312,77.53497314453125,69.97076416015625,62.718658447265625,55.890625,49.34039306640625,43.02587890625,36.93353271484375,30.975677490234375,25.055084228515625,19.976318359375,15.176727294921875,11.02081298828125,7.0672607421875,3.74420166015625,1.0206298828125,-1.0753173828125,-2.434722900390625,-3.138885498046875,-3.2314453125,-2.572967529296875,-0.874603271484375,1.68646240234375,4.717376708984375,8.30889892578125,12.90435791015625,17.9068603515625,23.8399658203125,30.077667236328125,36.715484619140625,43.677642822265625,50.892181396484375,58.63629150390625,66.95761108398438,75.38037109375,84.14108276367188,93.00967407226562,101.995361328125,111.44607543945312,120.96102905273438,130.62310791015625,140.39361572265625,150.41690063476562,160.62322998046875,171.04122924804688,181.48880004882812,191.73272705078125,201.6240234375,211.93655395507812,217.30648803710938,231.64654541015625,241.013671875,228.27700805664062,251.72520446777344,238.02606201171875,252.43116760253906,256.4649200439453,231.68490600585938,264.9761047363281,248.84732055664062,243.76947021484375,246.461181640625,281.2545928955078,307.88140869140625
"S107",327.36468505859375,311.9584655761719,338.0268859863281,333.67210388183594,336.352294921875,339.3180847167969,319.29258728027344,333.0489196777344,336.3231506347656,355.6687927246094,347.8996887207031,362.6484832763672,370.4364318847656,368.59974670410156,370.40625,371.0514678955078,373.8758544921875,372.31585693359375,373.8440933227539,373.6841583251953,373.47718048095703,373.13609313964844,372.747802734375,372.2298278808594,371.63824462890625,370.83677673339844,369.9127197265625,368.8718719482422,367.6104736328125,366.1673126220703,364.45994567871094,362.5308532714844,360.39036560058594,358.0196228027344,355.322509765625,352.35801696777344,349.08497619628906,345.5476379394531,341.74009704589844,337.73353576660156,333.3865509033203,328.81907653808594,324.10784912109375,319.10662841796875,313.87408447265625,308.53709411621094,266.4474639892578,279.9936828613281,229.41070556640625,174.51351928710938,243.3023681640625,273.59881591796875,254.79949951171875,260.40769958496094,215.62722778320312,246.69076538085938,239.22207641601562,231.3365478515625,222.99212646484375,214.82363891601562,206.91799926757812,198.27041625976562,189.21026611328125,179.83694458007812,170.25421142578125,160.4085693359375,150.29205322265625,140.02395629882812,129.41326904296875,119.08209228515625,108.37588500976562,97.76565551757812,87.37051391601562,77.36383056640625,67.80111694335938,58.124176025390625,48.616790771484375,39.496246337890625,30.851348876953125,22.430389404296875,14.33935546875,6.75811767578125,-0.495880126953125,-7.551910400390625,-13.58599853515625,-19.21380615234375,-24.75299072265625,-29.36676025390625,-33.59912109375,-37.06170654296875,-40.20086669921875,-42.541748046875,-44.162841796875,-45.037353515625,-45.07763671875,-44.35577392578125,-42.87274169921875,-40.63629150390625,-37.29864501953125,-33.09234619140625,-28.42431640625,-23.21697998046875,-17.041748046875,-10.479736328125,-3.071136474609375,4.58917236328125,12.556854248046875,20.830657958984375,29.338470458984375,38.33343505859375,47.864593505859375,57.500091552734375,67.43685913085938,77.50820922851562,87.64175415039062,98.27005004882812,108.91836547851562,119.67575073242188,130.50531005859375,141.51629638671875,152.65072631835938,163.875732421875,175.05706787109375,185.92413330078125,196.35086059570312,207.07635498046875,217.30648803710938,227.29049682617188,236.77093505859375,228.27700805664062,251.72520446777344,238.02606201171875,252.43116760253906,256.4649200439453,231.68490600585938,264.9761047363281,248.84732055664062,243.76947021484375,246.461181640625,281.2545928955078,307.88140869140625
"S108",239.61953735351562,263.30865478515625,269.2415313720703,324.47703552246094,298.08033752441406,309.90757751464844,309.9786834716797,322.39581298828125,322.6828155517578,332.0150604248047,309.97532653808594,348.5933074951172,327.95237731933594,351.1407165527344,351.8715057373047,332.6724853515625,335.23663330078125,338.593994140625,336.5438995361328,345.0800323486328,353.4155578613281,353.2398223876953,353.0152893066406,352.6460723876953,352.2140655517578,351.5694274902344,350.82330322265625,349.9562072753906,348.873046875,347.61228942871094,346.07322692871094,344.3252258300781,342.3548889160156,340.13697814941406,337.58148193359375,334.73167419433594,331.5416259765625,328.05482482910156,324.2596435546875,320.208251953125,315.74827575683594,311.0125427246094,306.05787658691406,300.7790222167969,295.15916442871094,289.3439636230469,261.9408416748047,271.4836120605469,229.41070556640625,239.91244506835938,243.3023681640625,242.1807861328125,205.91937255859375,236.18582153320312,62.959381103515625,221.16079711914062,213.04946899414062,204.50875854492188,195.52047729492188,186.69857788085938,178.1368408203125,168.78125,158.96182250976562,148.71176147460938,138.22915649414062,127.3316650390625,116.05209350585938,104.48565673828125,92.4674072265625,80.57061767578125,68.22607421875,55.81683349609375,43.526824951171875,31.6038818359375,20.008880615234375,8.265380859375,-3.336822509765625,-14.59149169921875,-25.35107421875,-35.84967041015625,-45.9638671875,-55.5958251953125,-64.90228271484375,-73.88092041015625,-81.812255859375,-89.28790283203125,-96.6494140625,-103.143310546875,-109.2427978515625,-114.549072265625,-119.54071044921875,-123.68768310546875,-127.09124755859375,-129.74884033203125,-131.54559326171875,-132.5118408203125,-132.5302734375,-131.7646484375,-129.67822265625,-126.55072021484375,-122.75592041015625,-118.24078369140625,-112.55126953125,-106.191650390625,-98.76702880859375,-90.9287109375,-82.67352294921875,-73.93798828125,-64.8724365234375,-55.1221923828125,-44.7166748046875,-34.13348388671875,-23.19781494140625,-11.9779052734375,-0.7723388671875,11.119659423828125,23.065887451171875,35.18597412109375,47.469329833984375,60.054290771484375,72.89630126953125,85.92050170898438,99.0687255859375,111.95147705078125,104.47491455078125,137.36373901367188,150.04110717773438,162.13427734375,148.7178955078125,117.10223388671875,196.34625244140625,186.46841430664062,182.303955078125,174.59414672851562,181.50790405273438,178.16726684570312,147.14993286132812,156.64120483398438,201.901611328125,248.3524169921875,275.1877899169922
"S109",95.13565063476562,189.34939575195312,221.7359619140625,240.63638305664062,258.4131774902344,288.64112854003906,303.4911804199219,307.13421630859375,322.6828155517578,319.82032775878906,305.6893615722656,349.05572509765625,324.649658203125,351.5489044189453,334.28509521484375,324.69163513183594,324.85235595703125,338.593994140625,336.5438995361328,344.2506408691406,355.7104949951172,354.22271728515625,355.33253479003906,354.9645233154297,354.54017639160156,353.91058349609375,353.1977081298828,352.34515380859375,351.2823028564453,350.04429626464844,348.52748107910156,346.82061767578125,344.88157653808594,342.68768310546875,340.1730194091797,337.3688049316406,334.2337341308594,330.8097229003906,327.08270263671875,323.09059143066406,318.6929016113281,314.0315399169922,309.1333770751953,303.96142578125,298.4163055419922,292.6514892578125,261.9408416748047,271.4836120605469,229.41070556640625,239.91244506835938,243.3023681640625,190.29031372070312,173.40988159179688,195.97906494140625,62.959381103515625,225.47329711914062,217.48175048828125,209.05535888671875,200.22506713867188,191.523193359375,183.06472778320312,173.84088134765625,164.179443359375,154.0576171875,143.79293823242188,133.03988647460938,121.93927001953125,110.53335571289062,98.74163818359375,86.99822998046875,74.91415405273438,62.689849853515625,50.59710693359375,38.912750244140625,27.451171875,15.924072265625,4.529266357421875,-6.571197509765625,-17.150390625,-27.4525146484375,-37.3382568359375,-46.84796142578125,-56.07635498046875,-64.82794189453125,-72.62274169921875,-79.95458984375,-87.11651611328125,-93.572265625,-99.606689453125,-104.87493896484375,-109.78363037109375,-113.8134765625,-117.12213134765625,-119.72760009765625,-121.54046630859375,-122.52960205078125,-122.4444580078125,-121.71807861328125,-119.67431640625,-116.6441650390625,-112.8992919921875,-108.43499755859375,-102.88726806640625,-96.54925537109375,-89.25048828125,-81.5203857421875,-73.443603515625,-105.8516845703125,-55.904541015625,-46.27764892578125,-36.06390380859375,-25.6400146484375,-14.92474365234375,-3.818023681640625,7.148101806640625,18.869415283203125,30.623809814453125,42.53729248046875,-14.54156494140625,18.189910888671875,26.637359619140625,40.52386474609375,102.6990966796875,-91.4306640625,-161.27569580078125,46.972900390625,110.15011596679688,133.9527587890625,41.0494384765625,26.403350830078125,41.078643798828125,76.13864135742188,9.2952880859375,85.44033813476562,141.86575317382812,117.62701416015625,65.89474487304688,93.674560546875,127.52291870117188,25.26715087890625,175.3885498046875
"S110",13.081939697265625,185.11590576171875,164.84738159179688,142.25253295898438,250.28927612304688,288.64112854003906,191.0147705078125,194.23516845703125,300.94630432128906,300.3554992675781,303.1263732910156,324.8135070800781,276.67071533203125,324.86749267578125,329.6015167236328,324.69163513183594,324.85235595703125,338.593994140625,336.5438995361328,315.09803771972656,353.75550842285156,345.8038330078125,325.54461669921875,354.9645233154297,349.4984893798828,353.91058349609375,353.1977081298828,339.35243225097656,350.30943298339844,350.04429626464844,334.77418518066406,346.82061767578125,344.88157653808594,337.4792022705078,340.1730194091797,337.3688049316406,334.2337341308594,327.3282928466797,327.08270263671875,260.60289001464844,318.6929016113281,314.0315399169922,309.1333770751953,303.96142578125,298.4163055419922,292.6514892578125,261.9408416748047,271.4836120605469,211.25225830078125,239.91244506835938,224.81539916992188,175.5517578125,173.40988159179688,116.266845703125,62.959381103515625,223.562744140625,217.48175048828125,206.13949584960938,200.22506713867188,191.523193359375,183.06472778320312,173.84088134765625,164.179443359375,154.0576171875,143.79293823242188,133.03988647460938,121.93927001953125,110.53335571289062,98.74163818359375,86.99822998046875,74.91415405273438,62.689849853515625,50.59710693359375,38.912750244140625,27.451171875,15.924072265625,4.529266357421875,-6.571197509765625,-17.150390625,-27.4525146484375,-37.3382568359375,-46.84796142578125,-56.07635498046875,-64.82794189453125,-72.62274169921875,-79.95458984375,-87.11651611328125,-93.572265625,-99.606689453125,-104.87493896484375,-109.78363037109375,-113.8134765625,-117.12213134765625,-119.72760009765625,-121.54046630859375,-122.52960205078125,-122.4444580078125,-121.71807861328125,-119.67431640625,-116.6441650390625,-112.8992919921875,-108.43499755859375,-102.88726806640625,-96.54925537109375,-89.25048828125,-81.5203857421875,-73.443603515625,-105.8516845703125,-55.904541015625,-46.27764892578125,-36.06390380859375,-25.6400146484375,-14.92474365234375,-3.818023681640625,7.148101806640625,18.869415283203125,30.623809814453125,0.706451416015625,-14.54156494140625,-20.433349609375,-42.15771484375,-29.963134765625,76.08932495117188,-91.4306640625,-161.27569580078125,46.972900390625,16.002197265625,-49.890869140625,-92.0025634765625,-162.55133056640625,-291.87255859375,-102.375244140625,-168.77862548828125,-104.11163330078125,63.1497802734375,-62.87176513671875,-85.16876220703125,-44.245361328125,-18.31134033203125,25.26715087890625,42.025634765625
"S111",223.50314331054688,268.82598876953125,257.492431640625,241.48324584960938,258.68629455566406,276.6534423828125,285.03871154785156,283.59523010253906,279.1073913574219,278.67718505859375,315.0592346191406,301.1714782714844,285.73301696777344,291.3260803222656,300.03778076171875,320.6160888671875,309.02037048339844,240.67630004882812,252.462158203125,271.2125549316406,291.56541442871094,320.9668426513672,320.3980407714844,319.666259765625,318.82330322265625,317.67913818359375,316.33209228515625,314.8543701171875,313.0641784667969,311.0152893066406,308.6033172607422,305.8534851074219,302.8239288330078,299.489501953125,295.67735290527344,291.4825134277344,286.8502960205078,281.83900451660156,276.44427490234375,270.7904052734375,264.660888671875,258.20411682128906,251.57931518554688,244.47312927246094,237.09332275390625,229.61264038085938,221.86526489257812,213.80197143554688,205.8634033203125,182.10787963867188,188.97799682617188,75.4285888671875,168.60464477539062,134.40682983398438,152.09329223632812,142.19024658203125,131.62625122070312,91.73434448242188,108.64535522460938,97.1099853515625,85.97183227539062,73.74481201171875,60.9111328125,47.683563232421875,34.018157958984375,20.116363525390625,5.781829833984375,-8.729400634765625,-23.83050537109375,-38.420166015625,-53.70416259765625,-68.7161865234375,-83.45318603515625,-97.71697998046875,-111.200439453125,-124.98095703125,-138.5067138671875,-151.41021728515625,-163.6939697265625,-175.69287109375,-187.28851318359375,-198.01849365234375,-208.213134765625,-218.36761474609375,-226.9791259765625,-235.0233154296875,-243.03973388671875,-249.52020263671875,-255.51080322265625,-260.38494873046875,-264.88232421875,-268.3343505859375,-270.74554443359375,-272.0574951171875,-272.0975341796875,-271.06951904296875,-269.17718505859375,-266.0125732421875,-261.3260498046875,-255.34552001953125,-248.79241943359375,-241.4874267578125,-232.69525146484375,-223.56207275390625,-213.09136962890625,-202.29833984375,-190.98431396484375,-179.30340576171875,-167.3099365234375,-154.64862060546875,-141.13861083984375,-127.52532958984375,-113.4044189453125,-99.24615478515625,-84.817138671875,-69.80194091796875,-54.7293701171875,-95.2490234375,-24.1619873046875,-8.558563232421875,7.20794677734375,23.1717529296875,16.6226806640625,-117.12615966796875,-214.25384521484375,-1.724365234375,44.237213134765625,74.85934448242188,-0.3233642578125,110.64126586914062,4.917572021484375,74.7081298828125,77.65347290039062,112.0185546875,9.803924560546875,112.79241943359375,115.88165283203125,59.4825439453125,134.25662231445312,137.21173095703125,188.93670654296875
"S112",223.50314331054688,268.82598876953125,257.492431640625,241.48324584960938,258.68629455566406,276.6534423828125,285.03871154785156,283.59523010253906,279.1073913574219,278.67718505859375,315.0592346191406,301.1714782714844,285.73301696777344,291.3260803222656,300.03778076171875,320.6160888671875,309.02037048339844,260.8616943359375,297.7118225097656,260.2333068847656,301.9399871826172,336.7622375488281,347.3267822265625,332.29017639160156,341.3952178955078,323.65380859375,318.56492614746094,325.20794677734375,343.8378143310547,360.00550842285156,321.17706298828125,345.325439453125,337.7471618652344,338.06390380859375,322.58714294433594,326.44610595703125,313.1616668701172,347.5771942138672,333.67955017089844,326.827392578125,336.4467468261719,318.5021667480469,320.98680114746094,312.2012634277344,271.675537109375,285.6526794433594,232.41455078125,217.23287963867188,260.72959899902344,182.10787963867188,205.17123413085938,-62.90142822265625,168.60464477539062,134.40682983398438,177.20599365234375,143.36566162109375,155.68875122070312,91.73434448242188,141.03375244140625,156.2899169921875,154.82113647460938,153.57232666015625,166.88748168945312,181.0587158203125,136.95181274414062,101.86056518554688,93.20904541015625,127.39276123046875,-4.536102294921875,135.3363037109375,124.83544921875,75.011474609375,114.74319458007812,34.94525146484375,71.9508056640625,29.05877685546875,46.454376220703125,25.8458251953125,-91.8076171875,101.38113403320312,-13.7926025390625,10.387420654296875,18.488128662109375,-70.30828857421875,36.2349853515625,66.60592651367188,9.788238525390625,43.197235107421875,54.6661376953125,51.8426513671875,49.235321044921875,36.53643798828125,45.867828369140625,45.14862060546875,40.76165771484375,32.213775634765625,46.990386962890625,48.902374267578125,51.629852294921875,55.298370361328125,14.49371337890625,63.5357666015625,68.75582885742188,74.16290283203125,80.3663330078125,86.75387573242188,80.24435424804688,72.60531616210938,100.68740844726562,63.52850341796875,74.39697265625,33.51953125,-64.45574951171875,-11.90606689453125,-15.0301513671875,-26.44781494140625,-38.60467529296875,-95.2490234375,85.85345458984375,8.055938720703125,61.864898681640625,60.804107666015625,16.6226806640625,-117.12615966796875,-142.19287109375,-1.724365234375,44.237213134765625,74.85934448242188,-0.3233642578125,110.64126586914062,4.917572021484375,74.7081298828125,77.65347290039062,112.0185546875,9.803924560546875,112.79241943359375,115.88165283203125,59.4825439453125,134.25662231445312,137.21173095703125,188.93670654296875
"S113",223.50314331054688,268.82598876953125,257.492431640625,241.48324584960938,258.68629455566406,276.6534423828125,285.03871154785156,283.59523010253906,279.1073913574219,278.67718505859375,315.0592346191406,301.1714782714844,285.73301696777344,291.3260803222656,300.03778076171875,320.6160888671875,309.02037048339844,260.8616943359375,297.7118225097656,267.58331298828125,301.9399871826172,336.7622375488281,347.3267822265625,332.29017639160156,341.3952178955078,323.65380859375,318.56492614746094,325.20794677734375,343.8378143310547,360.00550842285156,321.17706298828125,345.325439453125,337.7471618652344,338.06390380859375,322.58714294433594,326.44610595703125,313.1616668701172,347.5771942138672,333.67955017089844,326.827392578125,336.4467468261719,318.5021667480469,320.98680114746094,312.2012634277344,271.675537109375,285.6526794433594,232.41455078125,217.23287963867188,260.72959899902344,182.10787963867188,205.17123413085938,-62.90142822265625,168.60464477539062,134.40682983398438,177.20599365234375,143.36566162109375,155.68875122070312,91.73434448242188,141.03375244140625,156.2899169921875,154.82113647460938,153.57232666015625,166.88748168945312,181.0587158203125,136.95181274414062,101.86056518554688,93.20904541015625,127.39276123046875,-4.536102294921875,135.3363037109375,124.83544921875,75.011474609375,114.74319458007812,34.94525146484375,71.9508056640625,29.05877685546875,46.454376220703125,25.8458251953125,-91.8076171875,106.73648071289062,-13.7926025390625,10.387420654296875,18.488128662109375,-70.30828857421875,36.2349853515625,86.064697265625,9.788238525390625,43.197235107421875,74.938232421875,72.13003540039062,69.65069580078125,36.53643798828125,66.6607666015625,65.99752807617188,40.76165771484375,32.213775634765625,67.8009033203125,69.55960083007812,51.629852294921875,75.5240478515625,14.49371337890625,83.45858764648438,88.31707763671875,74.48724365234375,99.56524658203125,105.6983642578125,80.24435424804688,72.60531616210938,100.68740844726562,63.52850341796875,74.39697265625,33.51953125,-64.45574951171875,-11.90606689453125,-15.0301513671875,-26.44781494140625,-38.60467529296875,-95.2490234375,85.85345458984375,8.055938720703125,61.864898681640625,60.804107666015625,16.6226806640625,-117.12615966796875,-142.19287109375,-1.724365234375,44.237213134765625,74.85934448242188,-0.3233642578125,110.64126586914062,4.917572021484375,74.7081298828125,77.65347290039062,112.0185546875,9.803924560546875,112.79241943359375,115.88165283203125,59.4825439453125,134.25662231445312,137.21173095703125,188.93670654296875
"S114",118.32839965820312,102.79336547851562,196.75418090820312,206.54660034179688,205.35238647460938,254.42884826660156,227.22015380859375,239.27423095703125,256.04359436035156,276.56178283691406,253.2429656982422,290.46336364746094,267.84498596191406,286.3053283691406,280.1861572265625,309.51698303222656,282.1808166503906,260.8616943359375,297.7118225097656,334.4391784667969,301.9399871826172,326.1852569580078,316.2243957519531,314.97438049316406,307.11521911621094,310.6428680419922,308.23289489746094,306.69776916503906,315.9083709716797,327.5376434326172,321.17706298828125,303.4137725830078,326.2673645019531,327.0149230957031,313.22007751464844,305.4184265136719,299.9397735595703,296.3693389892578,295.3585968017578,276.47801208496094,254.4950714111328,261.9083709716797,227.44931030273438,263.4246826171875,165.13827514648438,171.02706909179688,127.57705688476562,142.033203125,59.563079833984375,-35.6962890625,-18.1339111328125,-177.01934814453125,-48.400390625,-92.88568115234375,-98.2347412109375,-261.45172119140625,-109.90740966796875,-181.021728515625,-203.09619140625,-180.189453125,-120.05279541015625,-189.73944091796875,-253.0654296875,-225.42962646484375,-217.828857421875,-234.05352783203125,-232.3829345703125,-295.1051025390625,-271.8096923828125,-307.85809326171875,-209.322021484375,-198.0042724609375,-209.96551513671875,-229.92352294921875,-202.046875,-235.40802001953125,-230.2122802734375,-233.7454833984375,-257.13824462890625,-308.63330078125,-199.35870361328125,-202.4554443359375,-151.75885009765625,-163.58575439453125,-272.7674560546875,-114.93853759765625,-283.57684326171875,-257.60516357421875,-194.53082275390625,-296.78851318359375,-287.5738525390625,-402.860595703125,-286.39691162109375,-283.3721923828125,-325.37060546875,-316.28973388671875,-162.786865234375,-167.142822265625,-273.6031494140625,-240.1527099609375,-203.8389892578125,-204.0921630859375,-354.67242431640625,-254.50823974609375,-254.2120361328125,-318.84759521484375,-183.97772216796875,-213.41632080078125,-173.1239013671875,-147.24725341796875,-154.3050537109375,-119.55084228515625,-183.48321533203125,-110.527587890625,-204.99627685546875,-209.6572265625,-99.88671875,-153.15093994140625,-80.978271484375,-199.98211669921875,-224.17877197265625,-122.81365966796875,-203.7745361328125,-181.23089599609375,-142.19287109375,-168.50335693359375,-77.14013671875,-147.1529541015625,-119.93603515625,-153.62298583984375,-105.65277099609375,-65.03253173828125,-114.05780029296875,-195.1939697265625,-76.0543212890625,-127.2586669921875,30.73736572265625,-40.62091064453125,97.45541381835938,47.07904052734375,119.26156616210938
"S115",160.876953125,102.79336547851562,166.98037719726562,102.530517578125,195.36993408203125,236.02706909179688,249.2536163330078,272.5174102783203,248.98968505859375,280.8485107421875,296.35162353515625,271.91929626464844,294.3241882324219,274.154541015625,282.5282287597656,311.2267761230469,308.051025390625,275.5522766113281,320.6233215332031,334.4391784667969,303.37013244628906,326.1852569580078,326.0924835205078,329.8223571777344,320.23130798339844,339.17662048339844,328.59031677246094,324.82920837402344,322.6700439453125,323.38702392578125,320.5152587890625,324.1311798095703,308.65008544921875,327.0149230957031,325.7148895263672,305.7686462402344,311.29017639160156,279.2525177001953,285.74847412109375,298.14886474609375,254.4950714111328,251.5298614501953,227.16799926757812,263.4246826171875,151.46170043945312,190.33087158203125,94.29718017578125,41.661407470703125,22.851318359375,-40.16156005859375,-78.9075927734375,-260.8111572265625,-187.2794189453125,-176.89599609375,-114.6209716796875,-123.5045166015625,-178.2298583984375,-108.90350341796875,-224.39373779296875,-226.0238037109375,-146.626220703125,-164.56414794921875,-169.7921142578125,-202.302734375,-181.88525390625,-166.4052734375,-126.78814697265625,-155.51470947265625,-125.29010009765625,-95.8880615234375,-115.96533203125,-179.84271240234375,-130.44683837890625,-125.39764404296875,-205.42535400390625,-222.723876953125,-254.8531494140625,-223.517333984375,-279.94140625,-190.544189453125,-281.65679931640625,-152.856689453125,-136.68890380859375,-235.8486328125,-219.05987548828125,-230.94439697265625,-275.8853759765625,-257.32061767578125,-141.38116455078125,-169.745849609375,-231.398193359375,-153.48590087890625,-112.16424560546875,-91.8233642578125,-150.42547607421875,-208.14422607421875,-208.0198974609375,-400.4149169921875,-294.0224609375,-152.32879638671875,-231.17291259765625,-131.458740234375,-155.245849609375,-218.1707763671875,-224.9554443359375,-224.05224609375,-369.7137451171875,-356.14923095703125,-320.5113525390625,-307.574462890625,-225.4058837890625,-239.00787353515625,-273.0614013671875,-272.9295654296875,-322.1934814453125,-254.33282470703125,-227.67047119140625,-153.64276123046875,-105.6810302734375,-174.6785888671875,-145.39178466796875,-121.47454833984375,-177.2230224609375,-114.8006591796875,-199.16204833984375,-197.24713134765625,-249.2005615234375,-15.41021728515625,-91.6724853515625,-61.2413330078125,-96.3604736328125,-36.08642578125,-38.26361083984375,-27.0,32.711883544921875,-19.84991455078125,2.433074951171875,-9.973114013671875,48.2310791015625,113.2681884765625,17.710479736328125
"S116",160.876953125,196.85504150390625,185.75485229492188,276.86114501953125,233.4691162109375,292.8652648925781,297.2442169189453,305.51133728027344,321.0927276611328,293.3370819091797,338.2594757080078,314.8548889160156,326.4425811767578,346.3759460449219,320.6483459472656,338.31768798828125,360.78492736816406,343.7843475341797,344.1516571044922,356.7942352294922,342.4036560058594,360.2493438720703,356.583251953125,352.8386993408203,357.9239959716797,376.64471435546875,371.90599060058594,379.2882995605469,358.37548828125,365.5285339355469,372.54825592041016,363.3506622314453,345.7174377441406,380.9542007446289,361.1461181640625,372.55084228515625,383.6940002441406,366.2818298339844,369.2601623535156,344.571533203125,338.11329650878906,348.76373291015625,325.96995544433594,274.40997314453125,260.39186096191406,281.7886962890625,221.93869018554688,217.94857788085938,205.09841918945312,144.84600830078125,113.82058715820312,-36.90997314453125,66.57867431640625,66.85934448242188,90.92999267578125,106.80899047851562,39.22796630859375,112.686767578125,108.595458984375,93.03164672851562,81.89764404296875,78.72796630859375,84.7122802734375,49.455718994140625,74.13360595703125,59.802154541015625,80.69049072265625,35.29681396484375,73.65939331054688,105.03915405273438,118.98855590820312,79.03961181640625,86.12310791015625,70.94412231445312,-18.7056884765625,-13.2591552734375,17.76922607421875,9.48974609375,-65.7667236328125,20.115447998046875,-69.85296630859375,83.651123046875,95.60440063476562,0.438262939453125,6.13958740234375,24.85223388671875,-30.57635498046875,-3.694366455078125,118.15615844726562,57.53192138671875,0.6402587890625,105.54806518554688,77.19967651367188,97.78475952148438,36.370819091796875,27.578948974609375,5.28839111328125,-127.5029296875,-48.928466796875,82.74395751953125,-8.73046875,69.27297973632812,56.380584716796875,15.235931396484375,35.220245361328125,-15.75360107421875,-124.708984375,-356.14923095703125,-281.97430419921875,-33.624755859375,-40.1612548828125,-6.99420166015625,-46.36474609375,-68.14495849609375,-76.42108154296875,-153.21331787109375,-122.66851806640625,-36.2091064453125,-84.25360107421875,-32.38458251953125,-83.23193359375,-95.8116455078125,-12.4732666015625,-28.1126708984375,-67.58160400390625,-17.08953857421875,31.47979736328125,26.88037109375,-1.053863525390625,13.384674072265625,16.08148193359375,32.35430908203125,59.814666748046875,54.05755615234375,32.711883544921875,80.11367797851562,85.09500122070312,-9.973114013671875,48.2310791015625,113.2681884765625,23.185455322265625
"S117",392.6731414794922,394.89656829833984,397.0502700805664,399.0981979370117,400.9722442626953,402.7965087890625,404.3885040283203,405.90811920166016,407.19384765625,408.33470153808594,409.3818817138672,410.29420471191406,411.12249755859375,411.81959533691406,412.2581024169922,412.62705993652344,412.9162139892578,413.09251403808594,413.1990280151367,413.2155227661133,413.21192932128906,413.11356353759766,412.98685455322266,412.7743911743164,412.52386474609375,412.1463088989258,411.7118225097656,411.20401763916016,410.56629180908203,409.82552337646484,408.91839599609375,407.88756561279297,406.7269973754883,405.41832733154297,403.9085464477539,402.22864532470703,400.34383392333984,398.2840118408203,396.04224395751953,393.64847564697266,391.01343536376953,388.2178192138672,385.29248046875,382.1736602783203,378.8596649169922,375.42864990234375,371.89402770996094,368.19822692871094,364.54530334472656,360.704345703125,356.7143859863281,352.67059326171875,348.4778289794922,344.0964813232422,339.7314758300781,335.2483215332031,330.4734191894531,325.4489288330078,320.15594482421875,314.9611511230469,309.9160919189453,304.41265869140625,298.6298370361328,292.6007995605469,286.43638610839844,280.02207946777344,273.3855285644531,266.5787353515625,259.5132141113281,252.5186004638672,245.26148986816406,237.95651245117188,230.72637939453125,223.71319580078125,216.90084838867188,210.00503540039062,203.18966674804688,196.58059692382812,190.26275634765625,184.0986328125,178.16314697265625,172.52328491210938,167.06619262695312,161.79849243164062,157.16583251953125,152.78890991210938,148.48477172851562,144.69839477539062,141.14212036132812,138.05007934570312,135.1456298828125,132.74728393554688,130.782958984375,129.26321411132812,128.2462158203125,127.7193603515625,127.7470703125,128.2333984375,129.50656127929688,131.38800048828125,133.6566162109375,136.34616088867188,139.72293090820312,143.50045776367188,147.89999389648438,152.541748046875,157.43728637695312,162.60595703125,167.97067260742188,173.73822021484375,179.8892822265625,186.13775634765625,192.596435546875,199.21136474609375,205.82244873046875,212.83450317382812,219.87973022460938,227.02239990234375,234.26327514648438,241.67660522460938,249.23199462890625,256.9083251953125,264.64707946777344,272.22943115234375,279.57911682128906,287.18194580078125,294.63502502441406,301.74415588378906,308.6752166748047,315.48048400878906,321.854736328125,328.1081085205078,334.09266662597656,339.7630920410156,345.12986755371094,350.25880432128906,355.1753234863281,359.7340087890625,363.9787139892578,367.9477233886719,371.7926025390625
"S118",392.6731414794922,394.89656829833984,397.0502700805664,399.0981979370117,400.9722442626953,402.7965087890625,404.3885040283203,405.90811920166016,407.19384765625,408.33470153808594,409.3818817138672,410.29420471191406,411.12249755859375,411.81959533691406,412.2581024169922,412.62705993652344,412.9162139892578,413.09251403808594,413.1990280151367,413.2155227661133,413.21192932128906,413.11356353759766,412.98685455322266,412.7743911743164,412.52386474609375,412.1463088989258,411.7118225097656,411.20401763916016,410.56629180908203,409.82552337646484,408.91839599609375,407.88756561279297,406.7269973754883,405.41832733154297,403.9085464477539,402.22864532470703,400.34383392333984,398.2840118408203,396.04224395751953,393.64847564697266,391.01343536376953,388.2178192138672,385.29248046875,382.1736602783203,378.8596649169922,375.42864990234375,371.89402770996094,368.19822692871094,364.54530334472656,360.704345703125,356.7143859863281,352.67059326171875,348.4778289794922,344.0964813232422,339.7314758300781,335.2483215332031,330.4734191894531,325.4489288330078,320.15594482421875,314.9611511230469,309.9160919189453,304.41265869140625,298.6298370361328,292.6007995605469,286.43638610839844,280.02207946777344,273.3855285644531,266.5787353515625,259.5132141113281,252.5186004638672,245.26148986816406,237.95651245117188,230.72637939453125,223.71319580078125,216.90084838867188,210.00503540039062,203.18966674804688,196.58059692382812,190.26275634765625,184.0986328125,178.16314697265625,172.52328491210938,167.06619262695312,161.79849243164062,157.16583251953125,152.78890991210938,148.48477172851562,144.69839477539062,141.14212036132812,138.05007934570312,135.1456298828125,132.74728393554688,130.782958984375,129.26321411132812,128.2462158203125,127.7193603515625,127.7470703125,128.2333984375,129.50656127929688,131.38800048828125,133.6566162109375,136.34616088867188,139.72293090820312,143.50045776367188,147.89999389648438,152.541748046875,157.43728637695312,162.60595703125,167.97067260742188,173.73822021484375,179.8892822265625,186.13775634765625,192.596435546875,199.21136474609375,205.82244873046875,212.83450317382812,219.87973022460938,227.02239990234375,234.26327514648438,241.67660522460938,249.23199462890625,256.9083251953125,264.64707946777344,272.22943115234375,279.57911682128906,287.18194580078125,294.63502502441406,301.74415588378906,308.6752166748047,315.48048400878906,321.854736328125,328.1081085205078,334.09266662597656,339.7630920410156,345.12986755371094,350.25880432128906,355.1753234863281,359.7340087890625,363.9787139892578,367.9477233886719,371.7926025390625
"S119",392.6731414794922,394.89656829833984,397.0502700805664,399.0981979370117,400.9722442626953,402.7965087890625,404.3885040283203,405.90811920166016,407.19384765625,408.33470153808594,409.3818817138672,410.29420471191406,411.12249755859375,411.81959533691406,412.2581024169922,412.62705993652344,412.9162139892578,413.09251403808594,413.1990280151367,413.2155227661133,413.21192932128906,413.11356353759766,412.98685455322266,412.7743911743164,412.52386474609375,412.1463088989258,411.7118225097656,411.20401763916016,410.56629180908203,409.82552337646484,408.91839599609375,407.88756561279297,406.7269973754883,405.41832733154297,403.9085464477539,402.22864532470703,400.34383392333984,398.2840118408203,396.04224395751953,393.64847564697266,391.01343536376953,388.2178192138672,385.29248046875,382.1736602783203,378.8596649169922,375.42864990234375,371.89402770996094,368.19822692871094,364.54530334472656,360.704345703125,356.7143859863281,352.67059326171875,348.4778289794922,344.0964813232422,339.7314758300781,335.2483215332031,330.4734191894531,325.4489288330078,320.15594482421875,314.9611511230469,309.9160919189453,304.41265869140625,298.6298370361328,292.6007995605469,286.43638610839844,280.02207946777344,273.3855285644531,266.5787353515625,259.5132141113281,252.5186004638672,245.26148986816406,237.95651245117188,230.72637939453125,223.71319580078125,216.90084838867188,210.00503540039062,203.18966674804688,196.58059692382812,190.26275634765625,184.0986328125,178.16314697265625,172.52328491210938,167.06619262695312,161.79849243164062,157.16583251953125,152.78890991210938,148.48477172851562,144.69839477539062,141.14212036132812,138.05007934570312,135.1456298828125,132.74728393554688,130.782958984375,129.26321411132812,128.2462158203125,127.7193603515625,127.7470703125,128.2333984375,129.50656127929688,131.38800048828125,133.6566162109375,136.34616088867188,139.72293090820312,143.50045776367188,147.89999389648438,152.541748046875,157.43728637695312,162.60595703125,167.97067260742188,173.73822021484375,179.8892822265625,186.13775634765625,192.596435546875,199.21136474609375,205.82244873046875,212.83450317382812,219.87973022460938,227.02239990234375,234.26327514648438,241.67660522460938,249.23199462890625,256.9083251953125,264.64707946777344,272.22943115234375,279.57911682128906,287.18194580078125,294.63502502441406,301.74415588378906,308.6752166748047,315.48048400878906,321.854736328125,328.1081085205078,334.09266662597656,339.7630920410156,345.12986755371094,350.25880432128906,355.1753234863281,359.7340087890625,363.9787139892578,367.9477233886719,371.7926025390625
"S120",384.6136779785156,387.0166320800781,389.3183288574219,391.51319885253906,393.54354095458984,395.5006103515625,397.2094497680664,398.84362030029297,400.23277282714844,401.47115325927734,402.5879669189453,403.5785675048828,404.4571075439453,405.2010269165039,405.6956024169922,406.09037017822266,406.4054489135742,406.59757232666016,406.72290802001953,406.71886444091797,406.7295608520508,406.6292190551758,406.4990005493164,406.2655944824219,405.99610900878906,405.5939636230469,405.1442108154297,404.5982894897461,403.9152145385742,403.1206512451172,402.1433639526367,401.0467834472656,399.7988586425781,398.3821792602539,396.75989532470703,394.95387268066406,392.9318389892578,390.724365234375,388.3219528198242,385.7448196411133,382.9053192138672,379.8994445800781,376.7358093261719,373.4040069580078,369.8283233642578,366.10357666015625,362.30079650878906,358.32618713378906,354.40516662597656,350.25514221191406,345.9608154296875,341.60498046875,337.05909729003906,332.3634490966797,327.64256286621094,322.8327331542969,317.6894836425781,312.26698303222656,306.5881042480469,300.9843444824219,295.5315399169922,289.5977478027344,283.3809509277344,276.8663330078125,270.27903747558594,263.3564758300781,256.21800231933594,248.87757873535156,241.30731201171875,233.75274658203125,226.00106811523438,218.13479614257812,210.36041259765625,202.8594970703125,195.48678588867188,188.0928955078125,180.7802734375,173.6483154296875,166.85870361328125,160.2518310546875,153.92352294921875,147.8250732421875,141.89254760742188,136.29708862304688,131.3160400390625,126.62612915039062,122.0628662109375,117.92739868164062,114.06881713867188,110.69772338867188,107.57077026367188,105.02713012695312,102.942138671875,101.30758666992188,100.16766357421875,99.56002807617188,99.67098999023438,100.16403198242188,101.5159912109375,103.49087524414062,105.93295288085938,108.83755493164062,112.4193115234375,116.543701171875,121.26327514648438,126.26394653320312,131.48126220703125,137.03924560546875,142.81719970703125,149.0413818359375,155.62905883789062,162.35379028320312,169.25531005859375,176.42349243164062,183.47787475585938,191.03268432617188,198.605224609375,206.27322387695312,214.06613159179688,222.03173828125,230.16537475585938,238.3760986328125,246.71005249023438,254.8693084716797,262.8077697753906,270.9602966308594,278.9846954345703,286.6128845214844,294.07666015625,301.43309020996094,308.23976135253906,314.9828796386719,321.4232482910156,327.5195770263672,333.3007354736328,338.83702087402344,344.11651611328125,349.0391845703125,353.6052551269531,357.8898620605469,362.0131378173828
"S121",384.6136779785156,387.0166320800781,389.3183288574219,391.51319885253906,393.54354095458984,395.5006103515625,397.2094497680664,398.84362030029297,400.23277282714844,401.47115325927734,402.5879669189453,403.5785675048828,404.4571075439453,405.2010269165039,405.6956024169922,406.09037017822266,406.4054489135742,406.59757232666016,406.72290802001953,406.71886444091797,406.7295608520508,406.6292190551758,406.4990005493164,406.2655944824219,405.99610900878906,405.5939636230469,405.1442108154297,404.5982894897461,403.9152145385742,403.1206512451172,402.1433639526367,401.0467834472656,399.7988586425781,398.3821792602539,396.75989532470703,394.95387268066406,392.9318389892578,390.724365234375,388.3219528198242,385.7448196411133,382.9053192138672,379.8994445800781,376.7358093261719,373.4040069580078,369.8283233642578,366.10357666015625,362.30079650878906,358.32618713378906,354.40516662597656,350.25514221191406,345.9608154296875,341.60498046875,337.05909729003906,332.3634490966797,327.64256286621094,322.8327331542969,317.6894836425781,312.26698303222656,306.5881042480469,300.9843444824219,295.5315399169922,289.5977478027344,283.3809509277344,276.8663330078125,270.27903747558594,263.3564758300781,256.21800231933594,248.87757873535156,241.30731201171875,233.75274658203125,226.00106811523438,218.13479614257812,210.36041259765625,202.8594970703125,195.48678588867188,188.0928955078125,180.7802734375,173.6483154296875,166.85870361328125,160.2518310546875,153.92352294921875,147.8250732421875,141.89254760742188,136.29708862304688,131.3160400390625,126.62612915039062,122.0628662109375,117.92739868164062,114.06881713867188,110.69772338867188,107.57077026367188,105.02713012695312,102.942138671875,101.30758666992188,100.16766357421875,99.56002807617188,99.67098999023438,100.16403198242188,101.5159912109375,103.49087524414062,105.93295288085938,108.83755493164062,112.4193115234375,116.543701171875,121.26327514648438,126.26394653320312,131.48126220703125,137.03924560546875,142.81719970703125,149.0413818359375,155.62905883789062,162.35379028320312,169.25531005859375,176.42349243164062,183.47787475585938,191.03268432617188,198.605224609375,206.27322387695312,214.06613159179688,222.03173828125,230.16537475585938,238.3760986328125,246.71005249023438,254.8693084716797,262.8077697753906,270.9602966308594,278.9846954345703,286.6128845214844,294.07666015625,301.43309020996094,308.23976135253906,314.9828796386719,321.4232482910156,327.5195770263672,333.3007354736328,338.83702087402344,344.11651611328125,349.0391845703125,353.6052551269531,357.8898620605469,362.0131378173828
"S122",339.14894104003906,342.49314880371094,345.69606018066406,348.74853515625,351.5705871582031,354.2899627685547,356.6675109863281,358.9379425048828,360.86326599121094,362.58213806152344,364.13482666015625,365.5055847167969,366.724853515625,367.75660705566406,368.4359588623047,368.9805603027344,369.41273498535156,369.6719207763672,369.8378143310547,369.83045959472656,369.8378143310547,369.6910858154297,369.5019989013672,369.1712951660156,368.7901153564453,368.2239685058594,367.58538818359375,366.8180389404297,365.86070251464844,364.7458953857422,363.37855529785156,361.84161376953125,360.09423828125,358.11517333984375,355.84783935546875,353.3203887939453,350.4939422607422,347.4074249267578,344.0479278564453,340.44761657714844,336.4812469482422,332.2786560058594,327.8600616455078,323.1992492675781,318.19935607910156,312.9978485107422,307.68019104003906,302.11778259277344,296.6303253173828,290.82752990722656,284.8187561035156,278.72373962402344,272.367919921875,265.78778076171875,259.17994689941406,252.4449462890625,245.24293518066406,237.64877319335938,229.69329833984375,221.84967041015625,214.22296142578125,205.9110107421875,197.20504760742188,188.08218383789062,178.84033203125,169.14840698242188,159.14688110351562,148.86752319335938,138.24893188476562,127.66592407226562,116.7872314453125,105.77117919921875,94.8765869140625,84.35543823242188,74.02590942382812,63.6475830078125,53.38690185546875,43.386627197265625,33.859771728515625,24.584869384765625,15.690216064453125,7.126373291015625,-1.190460205078125,-9.06134033203125,-16.07366943359375,-22.6702880859375,-29.10577392578125,-34.91973876953125,-40.35076904296875,-45.09375,-49.50653076171875,-53.11956787109375,-56.08489990234375,-58.4185791015625,-60.0452880859375,-60.9287109375,-60.82928466796875,-60.16741943359375,-58.3140869140625,-55.5772705078125,-52.19158935546875,-48.15740966796875,-43.15643310546875,-37.42681884765625,-30.84246826171875,-23.8673095703125,-16.58453369140625,-8.82598876953125,-0.762481689453125,7.9234619140625,17.13128662109375,26.530487060546875,36.1864013671875,46.20458984375,56.083160400390625,66.65029907226562,77.2452392578125,87.98074340820312,98.88491821289062,110.03872680664062,121.43353271484375,132.93484497070312,144.60662841796875,156.03509521484375,167.14459228515625,178.57821655273438,189.82501220703125,200.52316284179688,210.98638916015625,221.29058837890625,230.84405517578125,240.29861450195312,249.32762145996094,257.8726806640625,265.98126220703125,273.74920654296875,281.1548767089844,288.0508575439453,294.4536895751953,300.45912170410156,306.2429656982422
"S123",437.3282279968262,453.2612190246582,448.05127334594727,451.9390983581543,446.4835433959961,448.11727142333984,452.6155204772949,457.9667434692383,447.53503036499023,451.4183158874512,456.8510551452637,451.9784622192383,459.83578872680664,463.29487228393555,450.20498275756836,460.63360595703125,463.54358673095703,460.5129852294922,463.5489311218262,454.80538177490234,448.1751289367676,459.23641204833984,460.1852912902832,441.3265075683594,462.9459114074707,462.7185173034668,449.2563591003418,462.16349029541016,461.80280685424805,450.53533935546875,457.63766860961914,459.9554023742676,452.1027374267578,459.0580596923828,450.62010955810547,457.4341049194336,446.4013862609863,448.58290100097656,444.75411224365234,453.229793548584,451.98035430908203,442.5391159057617,449.1245002746582,446.8133201599121,427.27252197265625,425.26563262939453,434.4163818359375,419.2903060913086,411.9421615600586,395.82476806640625,379.59645080566406,367.81446838378906,405.49122619628906,383.03684997558594,395.21022033691406,405.6822967529297,379.5490951538086,381.3274917602539,393.32198333740234,381.6618194580078,352.13511657714844,359.7170104980469,364.3065948486328,394.12691497802734,365.92547607421875,352.7239532470703,376.41483306884766,367.6683654785156,361.8394470214844,374.95726013183594,359.1197509765625,363.57444763183594,344.0432586669922,338.0001220703125,376.29395294189453,364.24281311035156,359.40673828125,368.2808837890625,365.83482360839844,350.56605529785156,358.0796203613281,353.8693389892578,348.1221923828125,350.6488800048828,353.3181915283203,343.5276336669922,350.1887664794922,348.91285705566406,347.7427520751953,346.78956604003906,345.9294891357422,345.30426025390625,344.88067626953125,344.6758117675781,344.70582580566406,344.95379638671875,345.4114990234375,346.0841827392578,347.078857421875,348.3175354003906,349.6806182861328,351.1940155029297,352.98052978515625,354.8803253173828,357.0187072753906,359.2267150878906,361.5317077636719,363.91371154785156,366.3633117675781,368.9510803222656,371.6909484863281,374.4530563354492,377.30433654785156,369.4688262939453,383.0825424194336,386.12027740478516,384.8277359008789,355.327392578125,376.39366149902344,373.11463928222656,387.58001708984375,385.45104217529297,398.2942123413086,399.69044494628906,414.0950698852539,415.93128204345703,409.6111145019531,416.7698974609375,397.1658172607422,395.2982940673828,418.46739959716797,412.79125213623047,434.3512954711914,437.414981842041,438.29629135131836,436.00707626342773,443.18982696533203,427.6832962036133,432.6189880371094,434.5829772949219,419.87821197509766
"S124",417.5492706298828,419.1728057861328,420.71954345703125,422.1735382080078,423.4869918823242,424.74497985839844,425.81681060791016,426.8305358886719,427.66273498535156,428.38314056396484,429.02857208251953,429.58079528808594,430.06781005859375,430.46056365966797,430.6714172363281,430.82957458496094,430.9366149902344,430.9639129638672,430.94486236572266,430.84776306152344,430.74988555908203,430.57313537597656,430.37159729003906,430.0906066894531,429.77210235595703,429.34051513671875,428.8555679321289,428.29166412353516,427.6069107055664,426.82433319091797,425.8924789428711,424.8499069213867,423.68443298339844,422.3838653564453,420.91158294677734,419.2966613769531,417.5125045776367,415.5865249633789,413.5138626098633,411.3229217529297,408.9438705444336,406.4519348144531,403.86656951904297,401.1525115966797,398.2918395996094,395.35384368896484,392.3630828857422,389.2599334716797,386.2135238647461,383.0067443847656,379.6791076660156,376.3018493652344,372.7813491821289,369.10975646972656,365.4282989501953,361.636474609375,357.5692443847656,353.27015686035156,348.74183654785156,344.2851867675781,339.9597625732422,335.2502136230469,330.32342529296875,325.2080993652344,320.038818359375,314.6675720214844,309.17054748535156,303.57476806640625,297.8393096923828,292.2071228027344,286.4400177001953,280.6644744873047,275.0200500488281,269.61956787109375,264.3994445800781,259.1756134033203,254.0367431640625,249.0775909423828,244.39964294433594,239.85699462890625,235.52154541015625,231.40689086914062,227.43701171875,223.67440795898438,220.43359375,217.41287231445312,214.48333740234375,211.96463012695312,209.67379760742188,207.78961181640625,206.11618041992188,204.91558837890625,204.0960693359375,203.66677856445312,203.65179443359375,204.05630493164062,204.96307373046875,206.1925048828125,208.03948974609375,210.33062744140625,212.90493774414062,215.77639770507812,219.12387084960938,222.77053833007812,226.81781005859375,231.01577758789062,235.34774780273438,239.87100219726562,244.52976989746094,249.46258544921875,254.64891052246094,259.90826416015625,265.2983093261719,270.8220520019531,276.30462646484375,282.1031188964844,287.9007263183594,293.74610900878906,299.6466064453125,305.63165283203125,311.685791015625,317.76470947265625,323.84979248046875,329.7593688964844,335.4543762207031,341.2588806152344,346.90086364746094,352.22377014160156,357.3742218017578,362.3985137939453,367.0439453125,371.59474182128906,375.9240188598633,380.0069046020508,383.85987854003906,387.5461654663086,391.0722198486328,394.3517532348633,397.40306854248047,400.27294158935547,403.0592346191406
"S125",417.5492706298828,419.1728057861328,420.71954345703125,422.1735382080078,423.4869918823242,424.74497985839844,425.81681060791016,426.8305358886719,427.66273498535156,428.38314056396484,429.02857208251953,429.58079528808594,430.06781005859375,430.46056365966797,430.6714172363281,430.82957458496094,430.9366149902344,430.9639129638672,430.94486236572266,430.84776306152344,430.74988555908203,430.57313537597656,430.37159729003906,430.0906066894531,429.77210235595703,429.34051513671875,428.8555679321289,428.29166412353516,427.6069107055664,426.82433319091797,425.8924789428711,424.8499069213867,423.68443298339844,422.3838653564453,420.91158294677734,419.2966613769531,417.5125045776367,415.5865249633789,413.5138626098633,411.3229217529297,408.9438705444336,406.4519348144531,403.86656951904297,401.1525115966797,398.2918395996094,395.35384368896484,392.3630828857422,389.2599334716797,386.2135238647461,383.0067443847656,379.6791076660156,376.3018493652344,372.7813491821289,369.10975646972656,365.4282989501953,361.22357177734375,357.5692443847656,353.27015686035156,348.74183654785156,344.2851867675781,339.9597625732422,335.2502136230469,330.32342529296875,325.2080993652344,320.038818359375,314.6675720214844,309.17054748535156,303.57476806640625,297.8393096923828,292.2071228027344,286.4400177001953,280.6644744873047,275.0200500488281,269.61956787109375,264.3994445800781,259.1756134033203,254.0367431640625,249.0775909423828,244.39964294433594,239.85699462890625,235.52154541015625,231.40689086914062,227.43701171875,223.67440795898438,220.43359375,217.41287231445312,214.48333740234375,211.96463012695312,209.67379760742188,207.78961181640625,206.11618041992188,204.91558837890625,204.0960693359375,203.66677856445312,203.65179443359375,204.05630493164062,204.96307373046875,206.1925048828125,208.03948974609375,210.33062744140625,212.90493774414062,215.77639770507812,219.12387084960938,222.77053833007812,226.81781005859375,231.01577758789062,235.34774780273438,239.87100219726562,244.52976989746094,249.46258544921875,254.64891052246094,259.90826416015625,265.2983093261719,270.8220520019531,276.30462646484375,282.1031188964844,287.9007263183594,293.74610900878906,299.6466064453125,305.63165283203125,311.685791015625,317.76470947265625,323.84979248046875,329.7593688964844,335.4543762207031,341.2588806152344,346.90086364746094,352.22377014160156,357.3742218017578,362.3985137939453,367.0439453125,371.59474182128906,375.9240188598633,380.0069046020508,383.85987854003906,387.5461654663086,391.0722198486328,394.3517532348633,397.40306854248047,400.27294158935547,403.0592346191406
"S126",279.70753479003906,286.1514434814453,312.97068786621094,300.31341552734375,319.57269287109375,313.55274963378906,344.2042999267578,332.9561309814453,336.3231506347656,358.8451690673828,337.751708984375,362.9019470214844,367.63499450683594,341.5888671875,369.8851013183594,373.2148742675781,364.89967346191406,373.4454116821289,373.4115295410156,352.2691955566406,371.5736389160156,369.1286163330078,363.7389221191406,371.7997131347656,371.2073516845703,370.4132537841797,369.53089904785156,368.48797607421875,367.2291564941406,365.7869110107422,364.06927490234375,362.1629180908203,360.0155944824219,357.6129150390625,354.90818786621094,351.9346008300781,348.6607208251953,345.12852478027344,341.3267517089844,337.29656982421875,332.9171142578125,328.3330841064453,323.5577850341797,314.969482421875,285.01316833496094,295.4561462402344,257.8074493408203,233.36209106445312,172.00662231445312,193.11325073242188,130.407470703125,164.12527465820312,122.72219848632812,126.94107055664062,84.22686767578125,101.64669799804688,71.34939575195312,156.19070434570312,128.47836303710938,141.9544677734375,5.597991943359375,101.42047119140625,161.22293090820312,123.44180297851562,164.62020874023438,148.00238037109375,59.407470703125,27.1627197265625,127.77108764648438,117.32525634765625,55.68408203125,17.17352294921875,85.62490844726562,75.69216918945312,65.9840087890625,51.378021240234375,31.0106201171875,37.639862060546875,28.984375,14.116668701171875,12.623809814453125,0.825927734375,-36.6053466796875,-9.384918212890625,-15.42254638671875,-21.0181884765625,-26.40264892578125,-31.17645263671875,-35.49530029296875,-39.0716552734375,-42.21746826171875,-44.462646484375,-46.00762939453125,-46.86956787109375,-47.00872802734375,-46.369384765625,-44.6697998046875,-42.48614501953125,-39.1627197265625,-35.04510498046875,-30.6605224609375,-25.07806396484375,-18.99078369140625,-12.2467041015625,-4.831634521484375,2.8851318359375,-7.966339111328125,4.9224853515625,-35.1195068359375,14.19525146484375,34.601165771484375,20.9381103515625,65.80911254882812,47.856597900390625,31.921142578125,30.06060791015625,32.67559814453125,118.2342529296875,80.48599243164062,51.342864990234375,127.11459350585938,85.83709716796875,102.97360229492188,154.09255981445312,100.935791015625,150.7071533203125,88.22512817382812,154.9097900390625,117.47125244140625,131.68280029296875,132.35873413085938,182.48834228515625,177.26473999023438,158.4337158203125,143.35092163085938,168.22711181640625,167.3123779296875,134.54434204101562,183.53970336914062,205.4698486328125,217.60385131835938
"S127",279.70753479003906,286.1514434814453,312.97068786621094,300.31341552734375,319.57269287109375,313.55274963378906,344.2042999267578,332.9561309814453,336.3231506347656,358.8451690673828,337.751708984375,362.9019470214844,367.63499450683594,341.5888671875,369.8851013183594,373.6987075805664,364.89967346191406,373.9063720703125,373.8440933227539,352.2691955566406,371.5736389160156,369.1286163330078,363.7389221191406,372.2298278808594,371.63824462890625,370.83677673339844,369.9127197265625,368.8718719482422,367.6104736328125,366.1673126220703,364.45994567871094,362.5308532714844,360.39036560058594,358.0196228027344,355.322509765625,352.35801696777344,349.08497619628906,345.5476379394531,341.74009704589844,337.73353576660156,333.3865509033203,328.81907653808594,324.10784912109375,314.969482421875,285.01316833496094,295.4561462402344,257.8074493408203,233.36209106445312,172.00662231445312,193.11325073242188,130.407470703125,167.19973754882812,132.39395141601562,126.94107055664062,84.22686767578125,207.06240844726562,239.22207641601562,231.3365478515625,222.99212646484375,214.82363891601562,121.74191284179688,198.27041625976562,189.21026611328125,179.83694458007812,170.25421142578125,160.4085693359375,150.29205322265625,140.02395629882812,129.41326904296875,119.08209228515625,108.37588500976562,97.76565551757812,87.37051391601562,77.36383056640625,67.80111694335938,58.124176025390625,48.616790771484375,39.496246337890625,30.851348876953125,22.430389404296875,14.33935546875,6.75811767578125,-0.495880126953125,-7.551910400390625,-13.58599853515625,-19.21380615234375,-24.75299072265625,-29.36676025390625,-33.59912109375,-37.06170654296875,-40.20086669921875,-42.541748046875,-44.162841796875,-45.037353515625,-45.07763671875,-44.35577392578125,-42.87274169921875,-40.63629150390625,-37.29864501953125,-33.09234619140625,-28.42431640625,-23.21697998046875,-17.041748046875,-10.479736328125,-3.071136474609375,4.58917236328125,12.556854248046875,20.830657958984375,-33.245849609375,14.37725830078125,47.864593505859375,20.9381103515625,67.43685913085938,77.50820922851562,41.2646484375,44.81463623046875,62.18585205078125,119.67575073242188,80.48599243164062,92.44003295898438,152.65072631835938,125.74932861328125,175.05706787109375,185.92413330078125,104.47491455078125,207.07635498046875,165.86221313476562,186.51226806640625,148.7178955078125,131.68280029296875,144.06942749023438,186.46841430664062,182.303955078125,158.4337158203125,143.35092163085938,168.22711181640625,167.3123779296875,134.54434204101562,183.53970336914062,212.71612548828125,217.60385131835938
"S128",251.0840301513672,263.30865478515625,281.2560272216797,276.5792999267578,266.8390350341797,313.55274963378906,319.29258728027344,325.6682434082031,336.3231506347656,355.6687927246094,337.751708984375,362.6484832763672,355.5275115966797,341.5888671875,369.8851013183594,370.5045166015625,359.07359313964844,366.3050231933594,366.6736145019531,352.2691955566406,363.5440673828125,368.8180236816406,363.7389221191406,372.2298278808594,371.63824462890625,370.83677673339844,366.912109375,368.8718719482422,367.6104736328125,366.1673126220703,364.45994567871094,362.5308532714844,360.39036560058594,358.0196228027344,355.322509765625,352.35801696777344,349.08497619628906,345.5476379394531,341.74009704589844,337.73353576660156,333.3865509033203,328.81907653808594,324.10784912109375,314.969482421875,285.01316833496094,295.4561462402344,257.8074493408203,233.36209106445312,144.60076904296875,174.51351928710938,113.29122924804688,167.19973754882812,132.39395141601562,126.94107055664062,84.22686767578125,246.69076538085938,239.22207641601562,231.3365478515625,222.99212646484375,214.82363891601562,206.91799926757812,198.27041625976562,189.21026611328125,179.83694458007812,170.25421142578125,160.4085693359375,150.29205322265625,140.02395629882812,129.41326904296875,119.08209228515625,108.37588500976562,97.76565551757812,87.37051391601562,77.36383056640625,67.80111694335938,58.124176025390625,48.616790771484375,39.496246337890625,30.851348876953125,22.430389404296875,14.33935546875,6.75811767578125,-0.495880126953125,-7.551910400390625,-13.58599853515625,-19.21380615234375,-24.75299072265625,-29.36676025390625,-33.59912109375,-37.06170654296875,-40.20086669921875,-42.541748046875,-44.162841796875,-45.037353515625,-45.07763671875,-44.35577392578125,-42.87274169921875,-40.63629150390625,-37.29864501953125,-33.09234619140625,-28.42431640625,-23.21697998046875,-17.041748046875,-10.479736328125,-3.071136474609375,4.58917236328125,12.556854248046875,20.830657958984375,-33.245849609375,14.37725830078125,47.864593505859375,20.9381103515625,67.43685913085938,77.50820922851562,41.2646484375,44.81463623046875,62.18585205078125,119.67575073242188,80.48599243164062,92.44003295898438,152.65072631835938,125.74932861328125,175.05706787109375,185.92413330078125,104.47491455078125,207.07635498046875,165.86221313476562,186.51226806640625,148.7178955078125,120.1585693359375,144.06942749023438,186.46841430664062,182.303955078125,158.4337158203125,143.35092163085938,168.22711181640625,167.3123779296875,97.30450439453125,181.51605224609375,212.71612548828125,217.60385131835938
"S129",224.77572631835938,263.30865478515625,266.78504943847656,257.06251525878906,222.91806030273438,284.16551208496094,253.22866821289062,283.6713562011719,301.0593719482422,314.4796600341797,309.97532653808594,312.1737976074219,311.6747589111328,322.05043029785156,338.8560791015625,324.5615234375,325.76893615722656,318.0179138183594,320.76556396484375,328.2762756347656,323.63975524902344,338.30381774902344,344.65138244628906,331.55821228027344,351.7702178955078,359.667236328125,346.2225799560547,337.61865234375,358.77943420410156,346.1458435058594,362.99681091308594,362.0478973388672,345.50502014160156,358.0196228027344,355.322509765625,352.35801696777344,349.08497619628906,345.5476379394531,335.72303771972656,337.73353576660156,327.92811584472656,309.5628204345703,312.4303283691406,286.02491760253906,279.6671905517578,261.9362335205078,212.48397827148438,198.08950805664062,144.60076904296875,85.83755493164062,113.29122924804688,167.19973754882812,132.39395141601562,105.15914916992188,54.531646728515625,246.69076538085938,239.22207641601562,231.3365478515625,222.99212646484375,214.82363891601562,206.91799926757812,198.27041625976562,189.21026611328125,179.83694458007812,170.25421142578125,160.4085693359375,150.29205322265625,140.02395629882812,129.41326904296875,119.08209228515625,108.37588500976562,97.76565551757812,87.37051391601562,77.36383056640625,67.80111694335938,58.124176025390625,48.616790771484375,39.496246337890625,30.851348876953125,22.430389404296875,14.33935546875,6.75811767578125,-0.495880126953125,-7.551910400390625,-13.58599853515625,-19.21380615234375,-24.75299072265625,-29.36676025390625,-33.59912109375,-37.06170654296875,-40.20086669921875,-42.541748046875,-44.162841796875,-45.037353515625,-45.07763671875,-44.35577392578125,-42.87274169921875,-40.63629150390625,-37.29864501953125,-33.09234619140625,-28.42431640625,-23.21697998046875,-17.041748046875,-10.479736328125,-3.071136474609375,4.58917236328125,12.556854248046875,20.830657958984375,-33.245849609375,14.37725830078125,47.864593505859375,-11.5389404296875,67.43685913085938,77.50820922851562,41.2646484375,44.81463623046875,62.18585205078125,119.67575073242188,72.68325805664062,92.44003295898438,152.65072631835938,125.74932861328125,175.05706787109375,185.92413330078125,104.47491455078125,207.07635498046875,165.86221313476562,186.51226806640625,148.7178955078125,73.09625244140625,144.06942749023438,186.46841430664062,182.303955078125,141.5692138671875,84.72134399414062,142.0186767578125,138.22232055664062,29.1715087890625,127.39129638671875,212.71612548828125,199.26324462890625
"S130",-3.071319580078125,82.1014404296875,131.005615234375,86.7364501953125,125.38705444335938,115.50933837890625,186.91165161132812,198.69998168945312,180.08087158203125,152.59530639648438,205.3270263671875,179.46771240234375,183.39520263671875,227.67337036132812,264.20130920410156,217.94363403320312,249.22470092773438,232.8896484375,239.27511596679688,256.94529724121094,254.46957397460938,246.69888305664062,268.9535827636719,276.75531005859375,275.7066192626953,274.2877502441406,272.6212158203125,270.7863006591797,268.5676727294922,266.0264129638672,263.0354461669922,259.63246154785156,255.875732421875,251.7388458251953,247.01638793945312,241.81591796875,236.07943725585938,229.87423706054688,223.1937255859375,216.1876220703125,208.59066772460938,200.58880615234375,192.3701171875,183.57598876953125,174.42034912109375,96.39306640625,76.05679321289062,103.1029052734375,87.64688110351562,-57.314208984375,-5.191864013671875,-7.581512451171875,-83.12847900390625,-10.2730712890625,54.531646728515625,56.67474365234375,43.564056396484375,29.730712890625,15.0469970703125,0.728057861328125,-13.09979248046875,-28.28192138671875,-44.20172119140625,-60.6339111328125,-77.57403564453125,-94.83624267578125,-112.62579345703125,-130.6434326171875,-149.37554931640625,-167.50335693359375,-186.45111083984375,-205.08367919921875,-223.374267578125,-241.05877685546875,-257.82550048828125,-274.931396484375,-291.72088623046875,-307.76025390625,-323.0159912109375,-337.909912109375,-352.29052734375,-365.64996337890625,-378.3524169921875,-390.937255859375,-401.65728759765625,-411.6546630859375,-421.59991455078125,-429.70697021484375,-437.19049072265625,-443.29168701171875,-448.9073486328125,-453.216064453125,-456.233642578125,-457.905517578125,-458.0167236328125,-456.80108642578125,-454.45245361328125,-450.5743408203125,-444.81005859375,-437.45074462890625,-429.35174560546875,-420.3125,-409.45135498046875,-398.12286376953125,-385.16387939453125,-371.79388427734375,-357.81060791015625,-343.34259033203125,-328.483154296875,-312.78900146484375,-296.06207275390625,-279.18646240234375,-294.39251708984375,-274.6634521484375,-288.36297607421875,-246.69317626953125,-302.10211181640625,-309.4583740234375,-270.08026123046875,-345.4263916015625,-226.5191650390625,-318.09063720703125,-288.025146484375,-335.4622802734375,-347.779541015625,-225.2869873046875,-187.03875732421875,-249.29107666015625,-149.23065185546875,-161.209228515625,-81.8104248046875,-72.56231689453125,-187.29095458984375,-187.5546875,-156.07562255859375,-166.93914794921875,-121.94940185546875,-213.28106689453125,-157.8084716796875,-143.47564697265625,-95.61676025390625
"S131",-98.47515869140625,42.847198486328125,58.074920654296875,17.5948486328125,102.52261352539062,87.09933471679688,127.59481811523438,144.29367065429688,128.49490356445312,152.59530639648438,167.8209228515625,183.5887451171875,161.34576416015625,158.99209594726562,223.15805053710938,204.70159912109375,212.53985595703125,228.25875854492188,204.90850830078125,223.18478393554688,236.813720703125,236.3338623046875,244.3895263671875,290.8374328613281,273.4900360107422,297.0010986328125,298.16368103027344,281.02386474609375,294.5762939453125,292.32774353027344,285.6236267089844,286.6756591796875,283.34352111816406,276.0275115966797,275.46221923828125,270.84925842285156,265.766357421875,260.2734375,254.3602752685547,247.25662231445312,241.37567138671875,234.27398681640625,224.2637939453125,217.37744140625,150.37191772460938,92.59735107421875,76.05679321289062,79.993408203125,57.22650146484375,-62.28192138671875,-53.13165283203125,-16.59613037109375,-84.7447509765625,-54.63995361328125,-0.0731201171875,106.3656005859375,94.7213134765625,82.41522216796875,69.42080688476562,56.68408203125,44.3580322265625,30.86456298828125,16.7493896484375,2.11456298828125,-12.810546875,-28.17108154296875,-43.94622802734375,-59.9659423828125,-76.50738525390625,-92.6448974609375,-109.32379150390625,-125.868408203125,-142.08111572265625,-157.6688232421875,-172.62506103515625,-187.73095703125,-202.57025146484375,-216.83111572265625,-230.3348388671875,-243.48065185546875,-256.10009765625,-267.9912109375,-279.37237548828125,-290.36956787109375,-299.84234619140625,-308.6513671875,-317.3077392578125,-324.5997314453125,-331.278564453125,-336.75830078125,-341.71661376953125,-345.42706298828125,-348.01300048828125,-349.4588623046875,-349.61962890625,-348.59173583984375,-346.30987548828125,-342.90350341796875,-337.79046630859375,-331.330810546875,-324.11572265625,-316.049560546875,-306.49676513671875,-296.29833984375,-284.8076171875,-275.96893310546875,-260.57855224609375,-287.928955078125,-323.4482421875,-252.2789306640625,-242.64013671875,-236.531982421875,-309.18359375,-274.6634521484375,-288.36297607421875,-246.69317626953125,-302.10211181640625,-353.544189453125,-270.08026123046875,-345.4263916015625,-295.62017822265625,-379.052490234375,-333.513427734375,-332.1318359375,-379.832275390625,-301.40106201171875,-290.34906005859375,-386.79400634765625,-268.82012939453125,-271.05059814453125,-291.87255859375,-181.13623046875,-296.3443603515625,-316.94110107421875,-220.35919189453125,-292.74969482421875,-205.84063720703125,-270.9410400390625,-244.551513671875,-244.843017578125,-159.73095703125
"S132",223.50314331054688,268.82598876953125,257.492431640625,241.48324584960938,258.68629455566406,276.6534423828125,285.03871154785156,283.59523010253906,279.1073913574219,278.67718505859375,299.24176025390625,300.74639892578125,285.73301696777344,291.3260803222656,300.03778076171875,304.14073181152344,304.40565490722656,228.25875854492188,252.462158203125,248.3895263671875,291.56541442871094,303.2063293457031,302.59571838378906,301.77842712402344,300.8509979248047,299.60186767578125,298.16368103027344,296.5386047363281,294.5762939453125,292.32774353027344,289.6703186035156,286.6756591796875,283.34352111816406,279.65234375,275.46221923828125,270.84925842285156,265.766357421875,260.2734375,254.3602752685547,248.13340759277344,241.37567138671875,234.27398681640625,226.94000244140625,219.17941284179688,211.0299072265625,202.70889282226562,194.1810302734375,185.30911254882812,176.59402465820312,167.46328735351562,157.95645141601562,-62.90142822265625,138.29763793945312,127.74603271484375,117.23187255859375,106.3656005859375,94.7213134765625,82.41522216796875,69.42080688476562,56.68408203125,44.3580322265625,30.86456298828125,16.7493896484375,2.11456298828125,-12.810546875,-28.17108154296875,-43.94622802734375,-59.9659423828125,-76.50738525390625,-92.6448974609375,-109.32379150390625,-125.868408203125,-142.08111572265625,-157.6688232421875,-172.62506103515625,-187.73095703125,-202.57025146484375,-216.83111572265625,-230.3348388671875,-243.48065185546875,-256.10009765625,-267.9912109375,-279.37237548828125,-290.36956787109375,-299.84234619140625,-308.6513671875,-317.3077392578125,-324.5997314453125,-331.278564453125,-336.75830078125,-341.71661376953125,-345.42706298828125,-348.01300048828125,-349.4588623046875,-349.61962890625,-348.59173583984375,-346.30987548828125,-342.90350341796875,-337.79046630859375,-331.330810546875,-324.11572265625,-316.049560546875,-306.49676513671875,-296.29833984375,-284.8076171875,-272.91168212890625,-260.57855224609375,-247.72900390625,-234.512451171875,-220.5299072265625,-205.73138427734375,-190.742431640625,-175.31109619140625,-159.60369873046875,-143.859375,-127.30560302734375,-110.73101806640625,-95.2490234375,-77.11517333984375,-59.962890625,-42.5950927734375,-25.13446044921875,-7.697784423828125,-117.12615966796875,-214.25384521484375,-1.724365234375,44.237213134765625,73.76992797851562,-0.3233642578125,102.95233154296875,4.917572021484375,74.7081298828125,77.65347290039062,112.0185546875,9.803924560546875,112.79241943359375,115.88165283203125,59.4825439453125,134.25662231445312,137.21173095703125,188.93670654296875
"S133",223.50314331054688,268.82598876953125,257.492431640625,241.48324584960938,258.68629455566406,276.6534423828125,285.03871154785156,283.59523010253906,279.1073913574219,278.67718505859375,315.0592346191406,301.1714782714844,285.73301696777344,291.3260803222656,300.03778076171875,320.6160888671875,309.02037048339844,260.8616943359375,297.7118225097656,260.2333068847656,301.9399871826172,336.7622375488281,347.3267822265625,332.29017639160156,341.3952178955078,323.65380859375,318.56492614746094,325.20794677734375,343.8378143310547,360.00550842285156,321.17706298828125,345.325439453125,337.7471618652344,338.06390380859375,322.58714294433594,326.44610595703125,313.1616668701172,347.5771942138672,333.67955017089844,326.827392578125,336.4467468261719,318.5021667480469,320.98680114746094,312.2012634277344,271.675537109375,285.6526794433594,232.41455078125,217.23287963867188,260.72959899902344,182.10787963867188,205.17123413085938,-62.90142822265625,168.60464477539062,134.40682983398438,177.20599365234375,143.36566162109375,155.68875122070312,91.73434448242188,141.03375244140625,156.2899169921875,154.82113647460938,153.57232666015625,166.88748168945312,181.0587158203125,136.95181274414062,101.86056518554688,93.20904541015625,127.39276123046875,-4.536102294921875,135.3363037109375,124.83544921875,75.011474609375,114.74319458007812,34.94525146484375,71.9508056640625,29.05877685546875,46.454376220703125,25.8458251953125,-91.8076171875,106.73648071289062,-13.7926025390625,10.387420654296875,18.488128662109375,-70.30828857421875,36.2349853515625,86.064697265625,9.788238525390625,43.197235107421875,100.51739501953125,144.7381591796875,73.3658447265625,36.53643798828125,101.85202026367188,79.88824462890625,40.76165771484375,32.213775634765625,133.76458740234375,115.40133666992188,51.629852294921875,85.28717041015625,14.49371337890625,106.71792602539062,107.8167724609375,74.48724365234375,105.724609375,111.189453125,80.24435424804688,72.60531616210938,100.68740844726562,63.52850341796875,74.39697265625,33.51953125,-64.45574951171875,-11.90606689453125,-15.0301513671875,-26.44781494140625,-38.60467529296875,-95.2490234375,85.85345458984375,8.055938720703125,61.864898681640625,60.804107666015625,16.6226806640625,-117.12615966796875,-142.19287109375,-1.724365234375,44.237213134765625,74.85934448242188,-0.3233642578125,110.64126586914062,4.917572021484375,74.7081298828125,77.65347290039062,112.0185546875,9.803924560546875,112.79241943359375,115.88165283203125,59.4825439453125,134.25662231445312,137.21173095703125,188.93670654296875
"S134",223.50314331054688,268.82598876953125,257.492431640625,241.48324584960938,258.68629455566406,276.6534423828125,285.03871154785156,283.59523010253906,279.1073913574219,278.67718505859375,315.0592346191406,301.1714782714844,285.73301696777344,291.3260803222656,300.03778076171875,320.6160888671875,309.02037048339844,260.8616943359375,297.7118225097656,260.2333068847656,301.9399871826172,336.7622375488281,347.3267822265625,332.29017639160156,341.3952178955078,323.65380859375,318.56492614746094,325.20794677734375,343.8378143310547,360.00550842285156,321.17706298828125,345.325439453125,337.7471618652344,338.06390380859375,322.58714294433594,326.44610595703125,313.1616668701172,347.5771942138672,333.67955017089844,326.827392578125,336.4467468261719,318.5021667480469,320.98680114746094,312.2012634277344,271.675537109375,285.6526794433594,232.41455078125,217.23287963867188,260.72959899902344,182.10787963867188,205.17123413085938,-62.90142822265625,168.60464477539062,134.40682983398438,177.20599365234375,143.36566162109375,155.68875122070312,91.73434448242188,141.03375244140625,156.2899169921875,154.82113647460938,153.57232666015625,166.88748168945312,181.0587158203125,136.95181274414062,101.86056518554688,93.20904541015625,127.39276123046875,-4.536102294921875,135.3363037109375,124.83544921875,75.011474609375,114.74319458007812,34.94525146484375,71.9508056640625,29.05877685546875,46.454376220703125,25.8458251953125,-91.8076171875,106.73648071289062,-13.7926025390625,10.387420654296875,18.488128662109375,-70.30828857421875,36.2349853515625,86.064697265625,9.788238525390625,43.197235107421875,100.51739501953125,144.7381591796875,73.3658447265625,36.53643798828125,101.85202026367188,79.88824462890625,40.76165771484375,32.213775634765625,133.76458740234375,115.40133666992188,51.629852294921875,85.28717041015625,14.49371337890625,106.71792602539062,107.8167724609375,74.48724365234375,105.724609375,111.189453125,80.24435424804688,72.60531616210938,100.68740844726562,63.52850341796875,74.39697265625,33.51953125,-64.45574951171875,-11.90606689453125,-15.0301513671875,-26.44781494140625,-38.60467529296875,-95.2490234375,85.85345458984375,8.055938720703125,61.864898681640625,60.804107666015625,16.6226806640625,-117.12615966796875,-142.19287109375,-1.724365234375,44.237213134765625,74.85934448242188,-0.3233642578125,110.64126586914062,4.917572021484375,74.7081298828125,77.65347290039062,112.0185546875,9.803924560546875,112.79241943359375,115.88165283203125,59.4825439453125,134.25662231445312,137.21173095703125,188.93670654296875
"S135",102.88265991210938,85.68856811523438,196.75418090820312,206.54660034179688,205.35238647460938,254.42884826660156,227.22015380859375,232.98916625976562,256.04359436035156,261.8133850097656,253.2429656982422,290.46336364746094,267.84498596191406,286.3053283691406,280.1861572265625,309.51698303222656,282.1808166503906,260.8616943359375,297.7118225097656,261.08860778808594,301.9399871826172,307.13819885253906,296.5720520019531,314.97438049316406,307.11521911621094,278.29356384277344,308.23289489746094,306.69776916503906,315.9083709716797,327.5376434326172,321.17706298828125,303.4137725830078,326.2673645019531,326.185791015625,306.7074279785156,305.4184265136719,299.9397735595703,296.3693389892578,295.3585968017578,276.47801208496094,252.5077667236328,261.9083709716797,227.44931030273438,216.40621948242188,165.13827514648438,141.01019287109375,127.57705688476562,142.033203125,59.563079833984375,-35.6962890625,-18.1339111328125,-177.01934814453125,-48.400390625,-92.88568115234375,-98.2347412109375,-261.45172119140625,-109.90740966796875,-257.54888916015625,-203.09619140625,-180.189453125,-120.05279541015625,-189.73944091796875,-253.0654296875,-225.42962646484375,-217.828857421875,-234.05352783203125,-232.3829345703125,-295.1051025390625,-271.8096923828125,-307.85809326171875,-209.322021484375,-198.0042724609375,-209.96551513671875,-229.92352294921875,-202.046875,-235.40802001953125,-230.2122802734375,-233.7454833984375,-257.13824462890625,-308.63330078125,-199.35870361328125,-202.4554443359375,-151.75885009765625,-163.58575439453125,-272.7674560546875,-114.93853759765625,-283.57684326171875,-257.60516357421875,-194.53082275390625,-296.78851318359375,-319.2574462890625,-402.860595703125,-286.39691162109375,-283.3721923828125,-325.37060546875,-316.28973388671875,-162.786865234375,-167.142822265625,-273.6031494140625,-240.1527099609375,-203.8389892578125,-204.0921630859375,-354.67242431640625,-254.50823974609375,-254.2120361328125,-318.84759521484375,-183.97772216796875,-213.41632080078125,-173.1239013671875,-147.24725341796875,-154.3050537109375,-119.55084228515625,-183.48321533203125,-110.527587890625,-204.99627685546875,-209.6572265625,-99.88671875,-153.15093994140625,-80.978271484375,-199.98211669921875,-224.17877197265625,-122.81365966796875,-203.7745361328125,-181.23089599609375,-142.19287109375,-168.50335693359375,-77.14013671875,-145.49212646484375,-119.93603515625,-153.62298583984375,-105.65277099609375,-65.03253173828125,-114.05780029296875,-94.47662353515625,-83.015625,-127.2586669921875,30.73736572265625,-40.62091064453125,97.45541381835938,47.07904052734375,119.26156616210938
"S136",160.876953125,81.05288696289062,142.494140625,158.1243896484375,195.36993408203125,236.02706909179688,249.2536163330078,272.5174102783203,248.98968505859375,280.8485107421875,296.35162353515625,271.91929626464844,294.3241882324219,274.154541015625,282.5282287597656,311.2267761230469,308.051025390625,275.5522766113281,320.6233215332031,315.21681213378906,303.37013244628906,323.9173889160156,326.0924835205078,329.8223571777344,320.23130798339844,339.17662048339844,328.59031677246094,324.82920837402344,322.6700439453125,323.38702392578125,320.5152587890625,324.1311798095703,308.65008544921875,307.0307922363281,325.7148895263672,305.7686462402344,311.29017639160156,279.2525177001953,263.60240173339844,298.14886474609375,212.59820556640625,251.5298614501953,227.16799926757812,194.77349853515625,140.68637084960938,159.41824340820312,91.28399658203125,41.661407470703125,22.851318359375,-57.014892578125,-98.15521240234375,-260.8111572265625,-200.90887451171875,-176.89599609375,-114.6209716796875,-123.5045166015625,-178.2298583984375,-108.90350341796875,-224.39373779296875,-226.0238037109375,-146.626220703125,-164.56414794921875,-169.7921142578125,-202.302734375,-181.88525390625,-166.4052734375,-126.78814697265625,-155.51470947265625,-125.29010009765625,-95.8880615234375,-115.96533203125,-179.84271240234375,-130.44683837890625,-125.39764404296875,-205.42535400390625,-222.723876953125,-254.8531494140625,-223.517333984375,-279.94140625,-190.544189453125,-281.65679931640625,-152.856689453125,-136.68890380859375,-235.8486328125,-219.05987548828125,-230.94439697265625,-275.8853759765625,-257.32061767578125,-141.38116455078125,-169.745849609375,-231.398193359375,-153.48590087890625,-112.16424560546875,-91.8233642578125,-150.42547607421875,-208.14422607421875,-208.0198974609375,-400.4149169921875,-294.0224609375,-152.32879638671875,-231.17291259765625,-131.458740234375,-155.245849609375,-218.1707763671875,-224.9554443359375,-257.99578857421875,-369.7137451171875,-356.14923095703125,-320.5113525390625,-307.574462890625,-296.1796875,-239.00787353515625,-273.0614013671875,-272.9295654296875,-322.1934814453125,-254.33282470703125,-227.67047119140625,-153.64276123046875,-105.6810302734375,-174.6785888671875,-145.39178466796875,-121.47454833984375,-216.8111572265625,-114.8006591796875,-199.16204833984375,-197.24713134765625,-208.55096435546875,-15.41021728515625,-91.6724853515625,-61.2413330078125,-96.3604736328125,-36.08642578125,-38.26361083984375,-27.0,32.711883544921875,-19.84991455078125,2.433074951171875,-9.973114013671875,48.2310791015625,113.2681884765625,17.710479736328125
"S137",160.876953125,196.85504150390625,185.75485229492188,276.86114501953125,233.4691162109375,292.8652648925781,297.2442169189453,305.51133728027344,321.0927276611328,293.3370819091797,338.2594757080078,314.8548889160156,326.4425811767578,346.3759460449219,320.6483459472656,338.31768798828125,360.78492736816406,343.7843475341797,344.1516571044922,356.7942352294922,342.4036560058594,360.2493438720703,356.583251953125,352.8386993408203,357.9239959716797,376.53753662109375,371.90599060058594,374.68247985839844,358.37548828125,365.5285339355469,370.47047424316406,363.3506622314453,345.7174377441406,364.3185272216797,361.1461181640625,358.90892028808594,355.78541564941406,352.4125671386719,348.78216552734375,344.571533203125,338.11329650878906,336.4194641113281,325.96995544433594,274.40997314453125,260.39186096191406,281.7886962890625,221.93869018554688,217.94857788085938,205.09841918945312,144.84600830078125,113.82058715820312,-36.90997314453125,66.57867431640625,66.85934448242188,90.92999267578125,106.80899047851562,39.22796630859375,112.686767578125,108.595458984375,93.03164672851562,81.89764404296875,78.72796630859375,84.7122802734375,49.455718994140625,74.13360595703125,59.802154541015625,80.69049072265625,35.29681396484375,73.65939331054688,105.03915405273438,118.98855590820312,79.03961181640625,86.12310791015625,70.94412231445312,-18.7056884765625,-13.2591552734375,17.76922607421875,9.48974609375,-65.7667236328125,20.115447998046875,-69.85296630859375,28.612060546875,21.6126708984375,0.438262939453125,6.13958740234375,3.855133056640625,-30.57635498046875,-5.8233642578125,-9.896484375,-13.24853515625,-16.2415771484375,-18.42431640625,-19.9300537109375,-20.752685546875,-20.83221435546875,-20.17706298828125,-18.65631103515625,-127.5029296875,-48.928466796875,-9.385101318359375,-8.73046875,0.08551025390625,5.938079833984375,12.2864990234375,19.359710693359375,-15.75360107421875,-124.708984375,-356.14923095703125,-281.97430419921875,-33.624755859375,-40.1612548828125,-6.99420166015625,-46.36474609375,-68.14495849609375,-76.42108154296875,-153.21331787109375,-122.66851806640625,-36.2091064453125,-84.25360107421875,-32.38458251953125,-83.23193359375,-95.8116455078125,-12.4732666015625,-28.1126708984375,-67.58160400390625,-17.08953857421875,31.47979736328125,26.88037109375,-1.053863525390625,13.384674072265625,16.08148193359375,32.35430908203125,59.814666748046875,54.05755615234375,32.711883544921875,80.11367797851562,85.09500122070312,-9.973114013671875,48.2310791015625,113.2681884765625,23.185455322265625
"S138",346.5132141113281,349.5266418457031,352.3949279785156,355.08819580078125,357.5194091796875,359.844970703125,361.8318328857422,363.7050018310547,365.23419189453125,366.5623016357422,367.75543212890625,368.7652587890625,369.6607971191406,370.381591796875,370.75685119628906,371.04034423828125,371.22654724121094,371.2613525390625,371.21006774902344,371.024169921875,370.8288116455078,370.4870300292969,370.09776306152344,369.56407165527344,368.96038818359375,368.1464080810547,367.2225341796875,366.1602783203125,364.87538146972656,363.4043426513672,361.6591339111328,359.7024841308594,357.5171661376953,355.0861358642578,352.33319091796875,349.3068542480469,345.9698181152344,342.36598205566406,338.4868927001953,334.3919982910156,329.94615173339844,325.28240966796875,320.4511260986328,315.3683624267578,310.0118103027344,304.5219421386719,298.9220733642578,293.10316467285156,287.3909912109375,281.3860626220703,275.14784240722656,268.8160095214844,262.2234649658203,255.3229217529297,248.4155731201172,241.29916381835938,233.66387939453125,225.59072875976562,217.08529663085938,208.72491455078125,200.62100219726562,191.77398681640625,182.52490234375,172.91934204101562,163.18374633789062,153.10244750976562,142.77182006835938,132.26431274414062,121.46353149414062,110.87875366210938,100.00839233398438,89.16278076171875,78.55007934570312,68.37973022460938,58.56463623046875,48.710693359375,39.023529052734375,29.68524169921875,20.865447998046875,12.29364013671875,4.095001220703125,-3.679229736328125,-11.154937744140625,-18.28094482421875,-24.4366455078125,-30.161865234375,-35.74273681640625,-40.5196533203125,-44.87506103515625,-48.45758056640625,-51.66302490234375,-54.009765625,-55.631103515625,-56.5196533203125,-56.606689453125,-55.90948486328125,-54.3035888671875,-52.04864501953125,-48.65423583984375,-44.40704345703125,-39.63446044921875,-34.30126953125,-28.04541015625,-21.276123046875,-13.72113037109375,-5.88726806640625,2.202239990234375,10.6522216796875,19.351409912109375,28.56158447265625,38.2677001953125,48.112823486328125,58.2154541015625,68.55642700195312,78.84786987304688,89.71566772460938,100.58566284179688,111.5570068359375,122.6220703125,133.85867309570312,145.2359619140625,156.65328979492188,168.08206176757812,179.18310546875,189.8653564453125,200.79183959960938,211.40231323242188,221.42193603515625,231.11114501953125,240.54986572265625,249.30482482910156,257.868896484375,266.0132598876953,273.69049072265625,280.9453582763672,287.8921813964844,294.53160095214844,300.6924591064453,306.4348602294922,311.8318634033203,317.0780334472656
"S139",399.4016342163086,401.42179107666016,403.3954391479492,405.2532196044922,406.9141845703125,408.54251861572266,409.94712829589844,411.2765808105469,412.3750305175781,413.3315658569336,414.2259216308594,414.97335052490234,415.67089080810547,416.2409362792969,416.5393295288086,416.8069076538086,416.9977111816406,417.08885955810547,417.10887908935547,417.0840530395508,417.0016784667969,416.8392639160156,416.6484832763672,416.3850326538086,416.07545471191406,415.63291931152344,415.1119689941406,414.5335922241211,413.81798553466797,412.9948501586914,412.00831604003906,410.8772888183594,409.62603759765625,408.2361755371094,406.6324920654297,404.86092376708984,402.88439178466797,400.7345275878906,398.4080505371094,395.9532775878906,393.2735595703125,390.4394226074219,387.5130081176758,384.3616180419922,381.07433319091797,377.7186813354492,374.2360534667969,370.6063232421875,367.02317810058594,363.2924499511719,359.39646911621094,355.4513702392578,351.3915100097656,347.07545471191406,342.8220672607422,338.39476013183594,333.68727111816406,328.73419189453125,323.46929931640625,318.3365783691406,313.3690643310547,307.9281311035156,302.19764709472656,296.2769012451172,290.15272521972656,283.88134765625,277.3914031982422,270.7861785888672,263.89988708496094,257.1953430175781,250.16244506835938,243.19454956054688,236.32489013671875,229.65115356445312,223.30453491210938,216.81915283203125,210.4334716796875,204.31341552734375,198.46286010742188,192.7437744140625,187.21319580078125,182.07470703125,177.15582275390625,172.26678466796875,168.0833740234375,164.1353759765625,160.20516967773438,156.94418334960938,153.88836669921875,151.31561279296875,148.8984375,146.95162963867188,145.45516967773438,144.44381713867188,143.98910522460938,144.01632690429688,144.44900512695312,145.45111083984375,147.18508911132812,149.52493286132812,152.15499877929688,155.15463256835938,158.85623168945312,162.7772216796875,167.33847045898438,172.07675170898438,177.087646484375,182.2825927734375,187.63711547851562,193.33023071289062,199.42437744140625,205.56658935546875,211.95101928710938,218.3624267578125,224.8909912109375,231.71231079101562,238.5728759765625,245.52415466308594,252.53103637695312,259.6920166015625,266.9474182128906,274.3423614501953,281.7014923095703,288.8888244628906,295.7945861816406,302.9689636230469,309.92945861816406,316.56524658203125,322.97509765625,329.2093200683594,335.1199493408203,340.8282165527344,346.2886962890625,351.4552459716797,356.32395935058594,360.96478271484375,365.44097900390625,369.55833435058594,373.41371154785156,377.0080337524414,380.5299377441406
"S140",392.6731414794922,394.89656829833984,397.0502700805664,399.0981979370117,400.9722442626953,402.7965087890625,404.3885040283203,405.90811920166016,407.19384765625,408.33470153808594,409.3818817138672,410.29420471191406,411.12249755859375,411.81959533691406,412.2581024169922,412.62705993652344,412.9162139892578,413.09251403808594,413.1990280151367,413.2155227661133,413.21192932128906,413.11356353759766,412.98685455322266,412.7743911743164,412.52386474609375,412.1463088989258,411.7118225097656,411.20401763916016,410.56629180908203,409.82552337646484,408.91839599609375,407.88756561279297,406.7269973754883,405.41832733154297,403.9085464477539,402.22864532470703,400.34383392333984,398.2840118408203,396.04224395751953,393.64847564697266,391.01343536376953,388.2178192138672,385.29248046875,382.1736602783203,378.8596649169922,375.42864990234375,371.89402770996094,368.19822692871094,364.54530334472656,360.704345703125,356.7143859863281,352.67059326171875,348.4778289794922,344.0964813232422,339.7314758300781,335.2483215332031,330.4734191894531,325.4489288330078,320.15594482421875,314.9611511230469,309.9160919189453,304.41265869140625,298.6298370361328,292.6007995605469,286.43638610839844,280.02207946777344,273.3855285644531,266.5787353515625,259.5132141113281,252.5186004638672,245.26148986816406,237.95651245117188,230.72637939453125,223.71319580078125,216.90084838867188,210.00503540039062,203.18966674804688,196.58059692382812,190.26275634765625,184.0986328125,178.16314697265625,172.52328491210938,167.06619262695312,161.79849243164062,157.16583251953125,152.78890991210938,148.48477172851562,144.69839477539062,141.14212036132812,138.05007934570312,135.1456298828125,132.74728393554688,130.782958984375,129.26321411132812,128.2462158203125,127.7193603515625,127.7470703125,128.2333984375,129.50656127929688,131.38800048828125,133.6566162109375,136.34616088867188,139.72293090820312,143.50045776367188,147.89999389648438,152.541748046875,157.43728637695312,162.60595703125,167.97067260742188,173.73822021484375,179.8892822265625,186.13775634765625,192.596435546875,199.21136474609375,205.82244873046875,212.83450317382812,219.87973022460938,227.02239990234375,234.26327514648438,241.67660522460938,249.23199462890625,256.9083251953125,264.64707946777344,272.22943115234375,279.57911682128906,287.18194580078125,294.63502502441406,301.74415588378906,308.6752166748047,315.48048400878906,321.854736328125,328.1081085205078,334.09266662597656,339.7630920410156,345.12986755371094,350.25880432128906,355.1753234863281,359.7340087890625,363.9787139892578,367.9477233886719,371.7926025390625
"S141",384.6136779785156,387.0166320800781,389.3183288574219,391.51319885253906,393.54354095458984,395.5006103515625,397.2094497680664,398.84362030029297,400.23277282714844,401.47115325927734,402.5879669189453,403.5785675048828,404.4571075439453,405.2010269165039,405.6956024169922,406.09037017822266,406.4054489135742,406.59757232666016,406.72290802001953,406.71886444091797,406.7295608520508,406.6292190551758,406.4990005493164,406.2655944824219,405.99610900878906,405.5939636230469,405.1442108154297,404.5982894897461,403.9152145385742,403.1206512451172,402.1433639526367,401.0467834472656,399.7988586425781,398.3821792602539,396.75989532470703,394.95387268066406,392.9318389892578,390.724365234375,388.3219528198242,385.7448196411133,382.9053192138672,379.8994445800781,376.7358093261719,373.4040069580078,369.8283233642578,366.10357666015625,362.30079650878906,358.32618713378906,354.40516662597656,350.25514221191406,345.9608154296875,341.60498046875,337.05909729003906,332.3634490966797,327.64256286621094,322.8327331542969,317.6894836425781,312.26698303222656,306.5881042480469,300.9843444824219,295.5315399169922,289.5977478027344,283.3809509277344,276.8663330078125,270.27903747558594,263.3564758300781,256.21800231933594,248.87757873535156,241.30731201171875,233.75274658203125,226.00106811523438,218.13479614257812,210.36041259765625,202.8594970703125,195.48678588867188,188.0928955078125,180.7802734375,173.6483154296875,166.85870361328125,160.2518310546875,153.92352294921875,147.8250732421875,141.89254760742188,136.29708862304688,131.3160400390625,126.62612915039062,122.0628662109375,117.92739868164062,114.06881713867188,110.69772338867188,107.57077026367188,105.02713012695312,102.942138671875,101.30758666992188,100.16766357421875,99.56002807617188,99.67098999023438,100.16403198242188,101.5159912109375,103.49087524414062,105.93295288085938,108.83755493164062,112.4193115234375,116.543701171875,121.26327514648438,126.26394653320312,131.48126220703125,137.03924560546875,142.81719970703125,149.0413818359375,155.62905883789062,162.35379028320312,169.25531005859375,176.42349243164062,183.47787475585938,191.03268432617188,198.605224609375,206.27322387695312,214.06613159179688,222.03173828125,230.16537475585938,238.3760986328125,246.71005249023438,254.8693084716797,262.8077697753906,270.9602966308594,278.9846954345703,286.6128845214844,294.07666015625,301.43309020996094,308.23976135253906,314.9828796386719,321.4232482910156,327.5195770263672,333.3007354736328,338.83702087402344,344.11651611328125,349.0391845703125,353.6052551269531,357.8898620605469,362.0131378173828
"S142",384.6136779785156,387.0166320800781,389.3183288574219,391.51319885253906,393.54354095458984,395.5006103515625,397.2094497680664,398.84362030029297,400.23277282714844,401.47115325927734,402.5879669189453,403.5785675048828,404.4571075439453,405.2010269165039,405.6956024169922,406.09037017822266,406.4054489135742,406.59757232666016,406.72290802001953,406.71886444091797,406.7295608520508,406.6292190551758,406.4990005493164,406.2655944824219,405.99610900878906,405.5939636230469,405.1442108154297,404.5982894897461,403.9152145385742,403.1206512451172,402.1433639526367,401.0467834472656,399.7988586425781,398.3821792602539,396.75989532470703,394.95387268066406,392.9318389892578,390.724365234375,388.3219528198242,385.7448196411133,382.9053192138672,379.8994445800781,376.7358093261719,373.4040069580078,369.8283233642578,366.10357666015625,362.30079650878906,358.32618713378906,354.40516662597656,350.25514221191406,345.9608154296875,341.60498046875,337.05909729003906,332.3634490966797,327.64256286621094,322.8327331542969,317.6894836425781,312.26698303222656,306.5881042480469,300.9843444824219,295.5315399169922,289.5977478027344,283.3809509277344,276.8663330078125,270.27903747558594,263.3564758300781,256.21800231933594,248.87757873535156,241.30731201171875,233.75274658203125,226.00106811523438,218.13479614257812,210.36041259765625,202.8594970703125,195.48678588867188,188.0928955078125,180.7802734375,173.6483154296875,166.85870361328125,160.2518310546875,153.92352294921875,147.8250732421875,141.89254760742188,136.29708862304688,131.3160400390625,126.62612915039062,122.0628662109375,117.92739868164062,114.06881713867188,110.69772338867188,107.57077026367188,105.02713012695312,102.942138671875,101.30758666992188,100.16766357421875,99.56002807617188,99.67098999023438,100.16403198242188,101.5159912109375,103.49087524414062,105.93295288085938,108.83755493164062,112.4193115234375,116.543701171875,121.26327514648438,126.26394653320312,131.48126220703125,137.03924560546875,142.81719970703125,149.0413818359375,155.62905883789062,162.35379028320312,169.25531005859375,176.42349243164062,183.47787475585938,191.03268432617188,198.605224609375,206.27322387695312,214.06613159179688,222.03173828125,230.16537475585938,238.3760986328125,246.71005249023438,254.8693084716797,262.8077697753906,270.9602966308594,278.9846954345703,286.6128845214844,294.07666015625,301.43309020996094,308.23976135253906,314.9828796386719,321.4232482910156,327.5195770263672,333.3007354736328,338.83702087402344,344.11651611328125,349.0391845703125,353.6052551269531,357.8898620605469,362.0131378173828
"S143",339.14894104003906,342.49314880371094,345.69606018066406,348.74853515625,351.5705871582031,354.2899627685547,356.6675109863281,358.9379425048828,360.86326599121094,362.58213806152344,364.13482666015625,365.5055847167969,366.724853515625,367.75660705566406,368.4359588623047,368.9805603027344,369.41273498535156,369.6719207763672,369.8378143310547,369.83045959472656,369.8378143310547,369.6910858154297,369.5019989013672,369.1712951660156,368.7901153564453,368.2239685058594,367.58538818359375,366.8180389404297,365.86070251464844,364.7458953857422,363.37855529785156,361.84161376953125,360.09423828125,358.11517333984375,355.84783935546875,353.3203887939453,350.4939422607422,347.4074249267578,344.0479278564453,340.44761657714844,336.4812469482422,332.2786560058594,327.8600616455078,323.1992492675781,318.19935607910156,312.9978485107422,307.68019104003906,302.11778259277344,296.6303253173828,290.82752990722656,284.8187561035156,278.72373962402344,272.367919921875,265.78778076171875,259.17994689941406,252.4449462890625,245.24293518066406,237.64877319335938,229.69329833984375,221.84967041015625,214.22296142578125,205.9110107421875,197.20504760742188,188.08218383789062,178.84033203125,169.14840698242188,159.14688110351562,148.86752319335938,138.24893188476562,127.66592407226562,116.7872314453125,105.77117919921875,94.8765869140625,84.35543823242188,74.02590942382812,63.6475830078125,53.38690185546875,43.386627197265625,33.859771728515625,24.584869384765625,15.690216064453125,7.126373291015625,-1.190460205078125,-9.06134033203125,-16.07366943359375,-22.6702880859375,-29.10577392578125,-34.91973876953125,-40.35076904296875,-45.09375,-49.50653076171875,-53.11956787109375,-56.08489990234375,-58.4185791015625,-60.0452880859375,-60.9287109375,-60.82928466796875,-60.16741943359375,-58.3140869140625,-55.5772705078125,-52.19158935546875,-48.15740966796875,-43.15643310546875,-37.42681884765625,-30.84246826171875,-23.8673095703125,-16.58453369140625,-8.82598876953125,-0.762481689453125,7.9234619140625,17.13128662109375,26.530487060546875,36.1864013671875,46.20458984375,56.083160400390625,66.65029907226562,77.2452392578125,87.98074340820312,98.88491821289062,110.03872680664062,121.43353271484375,132.93484497070312,144.60662841796875,156.03509521484375,167.14459228515625,178.57821655273438,189.82501220703125,200.52316284179688,210.98638916015625,221.29058837890625,230.84405517578125,240.29861450195312,249.32762145996094,257.8726806640625,265.98126220703125,273.74920654296875,281.1548767089844,288.0508575439453,294.4536895751953,300.45912170410156,306.2429656982422
"S144",370.15000915527344,372.8412857055664,375.44071197509766,377.91344451904297,380.18164825439453,382.3838348388672,384.3072967529297,386.1427001953125,387.69544982910156,389.07591247558594,390.3386001586914,391.4408187866211,392.43729400634766,393.2769241333008,393.8096923828125,394.25315856933594,394.6011962890625,394.8115997314453,394.93981170654297,394.9529037475586,394.9495162963867,394.8291244506836,394.67430114746094,394.41363525390625,394.1081848144531,393.650146484375,393.12445068359375,392.5074462890625,391.7344665527344,390.83575439453125,389.73560333251953,388.4882583618164,387.0808639526367,385.49304962158203,383.66426849365234,381.6277084350586,379.3453369140625,376.85133361816406,374.1369323730469,371.23655700683594,368.04331970214844,364.65574645996094,361.10777282714844,357.3336486816406,353.31414794921875,349.1492004394531,344.8651428222656,340.3843231201172,335.9575500488281,331.2974548339844,326.45947265625,321.55516052246094,316.4639892578125,311.1529083251953,305.85279846191406,300.41908264160156,294.62586975097656,288.52650451660156,282.1096954345703,275.8061065673828,269.68365478515625,263.0037536621094,255.9909210205078,248.670166015625,241.19842529296875,233.41326904296875,225.36184692382812,217.10089111328125,208.53231811523438,200.03851318359375,191.24200439453125,182.3795166015625,173.60800170898438,165.10687255859375,156.82958984375,148.46237182617188,140.19287109375,132.16510009765625,124.49618530273438,117.01693725585938,109.8201904296875,102.96066284179688,96.32061767578125,89.93685913085938,84.30294799804688,78.9873046875,73.76675415039062,69.14712524414062,64.81292724609375,61.040740966796875,57.503082275390625,54.582977294921875,52.189300537109375,50.327362060546875,49.068267822265625,48.404144287109375,48.43707275390625,49.006561279296875,50.529052734375,52.7852783203125,55.523040771484375,58.774505615234375,62.849639892578125,67.42922973632812,72.75143432617188,78.37188720703125,84.28607177734375,90.54434204101562,97.04147338867188,104.02975463867188,111.47491455078125,119.04721069335938,126.86416625976562,134.89373779296875,142.8961181640625,151.399169921875,159.93856811523438,168.596435546875,177.37619018554688,186.36483764648438,195.53244018554688,204.83114624023438,214.22052001953125,223.4189453125,232.33914184570312,241.56045532226562,250.60633850097656,259.2301483154297,267.64366149902344,275.9087829589844,283.6350402832031,291.2291717529297,298.4927673339844,305.3726348876953,311.8895263671875,318.1220397949219,324.0877990722656,329.6231994628906,334.7751922607422,339.59559631347656,344.25950622558594
"S145",370.15000915527344,372.8412857055664,375.44071197509766,377.91344451904297,380.18164825439453,382.3838348388672,384.3072967529297,386.1427001953125,387.69544982910156,389.07591247558594,390.3386001586914,391.4408187866211,392.43729400634766,393.2769241333008,393.8096923828125,394.25315856933594,394.6011962890625,394.8115997314453,394.93981170654297,394.9529037475586,394.9495162963867,394.8291244506836,394.67430114746094,394.41363525390625,394.1081848144531,393.650146484375,393.12445068359375,392.5074462890625,391.7344665527344,390.83575439453125,389.73560333251953,388.4882583618164,387.0808639526367,385.49304962158203,383.66426849365234,381.6277084350586,379.3453369140625,376.85133361816406,374.1369323730469,371.23655700683594,368.04331970214844,364.65574645996094,361.10777282714844,357.3336486816406,353.31414794921875,349.1492004394531,344.8651428222656,340.3843231201172,335.9575500488281,331.2974548339844,326.45947265625,321.55516052246094,316.4639892578125,311.1529083251953,305.85279846191406,300.41908264160156,294.62586975097656,288.52650451660156,282.1096954345703,275.8061065673828,269.68365478515625,263.0037536621094,255.9909210205078,248.670166015625,241.19842529296875,233.41326904296875,225.36184692382812,217.10089111328125,208.53231811523438,200.03851318359375,191.24200439453125,182.3795166015625,173.60800170898438,165.10687255859375,156.82958984375,148.46237182617188,140.19287109375,132.16510009765625,124.49618530273438,117.01693725585938,109.8201904296875,102.96066284179688,96.32061767578125,89.93685913085938,84.30294799804688,78.9873046875,73.76675415039062,69.14712524414062,64.81292724609375,61.040740966796875,57.503082275390625,54.582977294921875,52.189300537109375,50.327362060546875,49.068267822265625,48.404144287109375,48.43707275390625,49.006561279296875,50.529052734375,52.7852783203125,55.523040771484375,58.774505615234375,62.849639892578125,67.42922973632812,72.75143432617188,78.37188720703125,84.28607177734375,90.54434204101562,97.04147338867188,104.02975463867188,111.47491455078125,119.04721069335938,126.86416625976562,134.89373779296875,142.8961181640625,151.399169921875,159.93856811523438,168.596435546875,177.37619018554688,186.36483764648438,195.53244018554688,204.83114624023438,214.22052001953125,223.4189453125,232.33914184570312,241.56045532226562,250.60633850097656,259.2301483154297,267.64366149902344,275.9087829589844,283.6350402832031,291.2291717529297,298.4927673339844,305.3726348876953,311.8895263671875,318.1220397949219,324.0877990722656,329.6231994628906,334.7751922607422,339.59559631347656,344.25950622558594
"S146",370.15000915527344,372.8412857055664,375.44071197509766,377.91344451904297,380.18164825439453,382.3838348388672,384.3072967529297,386.1427001953125,387.69544982910156,389.07591247558594,390.3386001586914,391.4408187866211,392.43729400634766,393.2769241333008,393.8096923828125,394.25315856933594,394.6011962890625,394.8115997314453,394.93981170654297,394.9529037475586,394.9495162963867,394.8291244506836,394.67430114746094,394.41363525390625,394.1081848144531,393.650146484375,393.12445068359375,392.5074462890625,391.7344665527344,390.83575439453125,389.73560333251953,388.4882583618164,387.0808639526367,385.49304962158203,383.66426849365234,381.6277084350586,379.3453369140625,376.85133361816406,374.1369323730469,371.23655700683594,368.04331970214844,364.65574645996094,361.10777282714844,357.3336486816406,353.31414794921875,349.1492004394531,344.8651428222656,340.3843231201172,335.9575500488281,331.2974548339844,326.45947265625,321.55516052246094,316.4639892578125,311.1529083251953,305.85279846191406,300.41908264160156,294.62586975097656,288.52650451660156,282.1096954345703,275.8061065673828,269.68365478515625,263.0037536621094,255.9909210205078,248.670166015625,241.19842529296875,233.41326904296875,225.36184692382812,217.10089111328125,208.53231811523438,200.03851318359375,191.24200439453125,182.3795166015625,173.60800170898438,165.10687255859375,156.82958984375,148.46237182617188,140.19287109375,132.16510009765625,124.49618530273438,117.01693725585938,109.8201904296875,102.96066284179688,96.32061767578125,89.93685913085938,84.30294799804688,78.9873046875,73.76675415039062,69.14712524414062,64.81292724609375,61.040740966796875,57.503082275390625,54.582977294921875,52.189300537109375,50.327362060546875,49.068267822265625,48.404144287109375,48.43707275390625,49.006561279296875,50.529052734375,52.7852783203125,55.523040771484375,58.774505615234375,62.849639892578125,67.42922973632812,72.75143432617188,78.37188720703125,84.28607177734375,90.54434204101562,97.04147338867188,104.02975463867188,111.47491455078125,119.04721069335938,126.86416625976562,134.89373779296875,142.8961181640625,151.399169921875,159.93856811523438,168.596435546875,177.37619018554688,186.36483764648438,195.53244018554688,204.83114624023438,214.22052001953125,223.4189453125,232.33914184570312,241.56045532226562,250.60633850097656,259.2301483154297,267.64366149902344,275.9087829589844,283.6350402832031,291.2291717529297,298.4927673339844,305.3726348876953,311.8895263671875,318.1220397949219,324.0877990722656,329.6231994628906,334.7751922607422,339.59559631347656,344.25950622558594
"S147",179.60427856445312,154.23629760742188,204.48333740234375,192.51666259765625,295.6712646484375,304.4985656738281,302.34278869628906,296.6716766357422,316.3290252685547,332.0201416015625,321.74366760253906,330.9912414550781,331.4365997314453,334.37559509277344,338.7683868408203,373.2148742675781,337.2183074951172,341.5251922607422,353.9599914550781,330.4920349121094,332.5321502685547,347.96453857421875,317.2610626220703,340.53131103515625,356.83551025390625,345.42176818847656,322.66021728515625,351.20054626464844,321.42311096191406,331.5726623535156,353.81536865234375,350.96388244628906,354.8494415283203,353.1217346191406,348.0572052001953,342.7464141845703,348.6607208251953,339.22943115234375,329.34046936035156,337.06434631347656,296.6947021484375,323.9329376220703,279.8528747558594,257.53770446777344,236.041015625,207.68206787109375,171.60104370117188,130.533203125,125.11587524414062,127.82659912109375,101.38555908203125,51.15423583984375,17.569183349609375,80.41824340820312,79.13970947265625,30.1666259765625,45.620819091796875,23.89678955078125,69.25631713867188,34.780242919921875,46.226165771484375,16.026336669921875,-11.18988037109375,-65.12469482421875,-56.37371826171875,7.5137939453125,7.265411376953125,-63.0867919921875,-22.75,-28.4229736328125,-3.515350341796875,-36.060791015625,-31.0382080078125,-116.0052490234375,-58.52020263671875,-105.79339599609375,-107.60052490234375,-63.71099853515625,-113.551025390625,-190.94085693359375,-49.28265380859375,-97.97027587890625,-2.485565185546875,-162.13232421875,-48.9825439453125,-21.0181884765625,-26.40264892578125,-31.17645263671875,-84.5919189453125,-55.09979248046875,-42.21746826171875,-61.2008056640625,-46.00762939453125,-46.86956787109375,-47.00872802734375,-81.95703125,-44.6697998046875,-42.48614501953125,-55.50665283203125,-35.04510498046875,-70.59100341796875,-59.72369384765625,-66.57275390625,-12.2467041015625,-14.62493896484375,-65.36956787109375,-64.42022705078125,-34.5185546875,-77.58990478515625,-17.3599853515625,-59.18927001953125,-94.38507080078125,4.02667236328125,-38.32403564453125,-84.115966796875,-51.16943359375,1.611724853515625,33.913909912109375,-83.08306884765625,-88.26898193359375,-52.5906982421875,-90.82562255859375,-18.8013916015625,34.21258544921875,-17.8233642578125,42.018707275390625,88.22512817382812,26.7291259765625,93.23394775390625,-81.408935546875,28.351959228515625,-5.582061767578125,49.888641357421875,39.171875,147.25906372070312,119.18621826171875,130.58505249023438,150.34823608398438,139.24728393554688,127.82962036132812,147.7928466796875
"S148",225.8822021484375,229.61502075195312,232.37661743164062,204.57266235351562,295.6712646484375,304.4985656738281,302.34278869628906,296.6716766357422,316.3290252685547,332.0201416015625,321.74366760253906,330.9912414550781,331.4365997314453,334.37559509277344,338.7683868408203,373.6987075805664,337.2183074951172,341.5251922607422,353.9599914550781,330.4920349121094,332.5321502685547,347.96453857421875,326.8799743652344,340.53131103515625,356.83551025390625,345.42176818847656,339.5821075439453,351.20054626464844,350.3130340576172,354.51222229003906,362.99681091308594,350.96388244628906,354.8494415283203,353.5634307861328,351.79356384277344,348.51747131347656,349.08497619628906,345.5476379394531,333.7989959716797,337.73353576660156,312.90953063964844,323.9329376220703,300.5155029296875,286.02491760253906,279.6671905517578,207.68206787109375,191.50814819335938,153.920166015625,144.60076904296875,127.82659912109375,113.29122924804688,100.4234619140625,73.99002075195312,80.41824340820312,79.13970947265625,49.485687255859375,45.620819091796875,26.656524658203125,69.25631713867188,34.780242919921875,46.226165771484375,16.026336669921875,22.8414306640625,-5.067230224609375,-44.984130859375,9.69281005859375,40.915374755859375,-37.16632080078125,-6.962890625,38.4935302734375,-3.515350341796875,-36.060791015625,-31.0382080078125,-31.5882568359375,-58.52020263671875,-61.5203857421875,-107.60052490234375,-63.71099853515625,-44.650634765625,-44.080810546875,-13.41143798828125,-79.036376953125,-0.495880126953125,-107.58843994140625,-20.28363037109375,-19.21380615234375,-24.75299072265625,-29.36676025390625,-46.399658203125,-37.06170654296875,-40.20086669921875,-42.541748046875,-44.162841796875,-45.037353515625,-45.07763671875,-44.35577392578125,-42.87274169921875,-40.63629150390625,-37.29864501953125,-33.09234619140625,-28.42431640625,-23.21697998046875,-64.58087158203125,-10.479736328125,-3.071136474609375,0.440277099609375,-19.6175537109375,12.5880126953125,-71.3447265625,-17.3599853515625,-41.37109375,-42.6138916015625,4.02667236328125,-26.30426025390625,2.722076416015625,-51.16943359375,1.611724853515625,55.60595703125,-4.21044921875,-14.18243408203125,15.116180419921875,-27.3001708984375,-16.62158203125,34.21258544921875,63.378021240234375,42.018707275390625,88.22512817382812,26.7291259765625,93.23394775390625,66.97518920898438,95.14437866210938,69.654052734375,55.4515380859375,117.55142211914062,147.25906372070312,119.18621826171875,137.03173828125,150.34823608398438,139.24728393554688,139.4644775390625,147.7928466796875
"S149",225.8822021484375,229.61502075195312,232.37661743164062,204.57266235351562,266.8390350341797,289.3087158203125,278.1858673095703,263.26446533203125,290.3053283691406,276.88108825683594,301.9468536376953,308.2822265625,330.5910339355469,319.4291229248047,316.10374450683594,336.0491180419922,326.9666748046875,323.3669891357422,331.1758117675781,320.665283203125,318.6457824707031,328.4573669433594,326.8799743652344,331.7028503417969,345.133056640625,339.06471252441406,339.5821075439453,344.9673614501953,350.3130340576172,354.51222229003906,362.99681091308594,345.29640197753906,351.1009826660156,353.5634307861328,351.79356384277344,348.51747131347656,349.08497619628906,345.5476379394531,333.7989959716797,337.73353576660156,312.90953063964844,309.5628204345703,300.5155029296875,286.02491760253906,279.6671905517578,205.72164916992188,191.50814819335938,153.920166015625,144.60076904296875,81.23519897460938,113.29122924804688,100.4234619140625,73.99002075195312,80.41824340820312,79.13970947265625,69.93475341796875,112.68096923828125,77.16067504882812,75.09646606445312,89.66461181640625,135.36126708984375,125.50048828125,157.1829833984375,152.32427978515625,157.65567016601562,160.4085693359375,150.29205322265625,49.38800048828125,129.41326904296875,119.08209228515625,108.37588500976562,97.76565551757812,87.37051391601562,77.36383056640625,67.80111694335938,58.124176025390625,48.616790771484375,39.496246337890625,30.851348876953125,22.430389404296875,14.33935546875,6.75811767578125,-0.495880126953125,-7.551910400390625,-13.58599853515625,-19.21380615234375,-24.75299072265625,-29.36676025390625,-33.59912109375,-37.06170654296875,-40.20086669921875,-42.541748046875,-44.162841796875,-45.037353515625,-45.07763671875,-44.35577392578125,-42.87274169921875,-40.63629150390625,-37.29864501953125,-33.09234619140625,-28.42431640625,-23.21697998046875,-64.58087158203125,-10.479736328125,-3.071136474609375,0.440277099609375,-19.6175537109375,12.5880126953125,-71.3447265625,-17.3599853515625,-41.37109375,-42.6138916015625,4.02667236328125,-26.30426025390625,2.722076416015625,-51.16943359375,1.611724853515625,55.60595703125,-4.21044921875,-14.18243408203125,15.116180419921875,-27.3001708984375,-16.62158203125,27.9273681640625,63.378021240234375,42.018707275390625,88.22512817382812,26.7291259765625,88.00851440429688,66.97518920898438,95.14437866210938,69.654052734375,55.4515380859375,117.55142211914062,147.25906372070312,119.18621826171875,137.03173828125,150.34823608398438,131.90164184570312,139.4644775390625,147.7928466796875
"S150",225.8822021484375,229.61502075195312,232.37661743164062,204.57266235351562,246.91192626953125,249.0915069580078,229.37033081054688,251.34371948242188,265.4212646484375,276.88108825683594,301.9468536376953,284.6324920654297,330.5910339355469,319.4291229248047,313.7768859863281,333.1471405029297,326.9666748046875,323.3669891357422,331.1758117675781,320.665283203125,318.6457824707031,328.4573669433594,326.8799743652344,331.7028503417969,345.133056640625,339.06471252441406,339.5821075439453,344.9673614501953,350.3130340576172,354.51222229003906,362.99681091308594,345.29640197753906,351.1009826660156,353.5634307861328,351.79356384277344,348.51747131347656,349.08497619628906,345.5476379394531,333.7989959716797,337.73353576660156,312.90953063964844,309.5628204345703,300.5155029296875,286.02491760253906,279.6671905517578,205.72164916992188,191.50814819335938,153.920166015625,144.60076904296875,62.7088623046875,113.29122924804688,100.4234619140625,73.99002075195312,34.329925537109375,72.01947021484375,69.93475341796875,112.68096923828125,77.16067504882812,75.09646606445312,89.66461181640625,135.36126708984375,125.50048828125,157.1829833984375,152.32427978515625,157.65567016601562,160.4085693359375,150.29205322265625,49.38800048828125,129.41326904296875,119.08209228515625,108.37588500976562,97.76565551757812,87.37051391601562,77.36383056640625,67.80111694335938,58.124176025390625,48.616790771484375,39.496246337890625,30.851348876953125,22.430389404296875,14.33935546875,6.75811767578125,-0.495880126953125,-7.551910400390625,-13.58599853515625,-19.21380615234375,-24.75299072265625,-29.36676025390625,-33.59912109375,-37.06170654296875,-40.20086669921875,-42.541748046875,-44.162841796875,-45.037353515625,-45.07763671875,-44.35577392578125,-42.87274169921875,-40.63629150390625,-37.29864501953125,-33.09234619140625,-28.42431640625,-23.21697998046875,-64.58087158203125,-15.6243896484375,-3.071136474609375,0.440277099609375,-19.6175537109375,12.5880126953125,-71.3447265625,-58.26275634765625,-41.37109375,-42.6138916015625,-105.19830322265625,-26.30426025390625,2.722076416015625,-142.57574462890625,-24.13946533203125,55.60595703125,-4.21044921875,-14.18243408203125,15.116180419921875,-27.3001708984375,-16.62158203125,27.9273681640625,63.378021240234375,-17.2354736328125,19.739593505859375,-32.73101806640625,-84.52337646484375,66.97518920898438,95.14437866210938,69.654052734375,55.4515380859375,117.55142211914062,106.12954711914062,80.38592529296875,137.03173828125,100.60845947265625,115.32342529296875,139.4644775390625,137.427734375
"S151",-3.071319580078125,-20.3038330078125,-20.63653564453125,-10.736602783203125,32.61785888671875,97.78659057617188,66.81057739257812,132.19595336914062,129.089599609375,148.52554321289062,205.3270263671875,179.46771240234375,184.7452392578125,227.67337036132812,205.37802124023438,217.94363403320312,249.22470092773438,232.8896484375,239.27511596679688,256.94529724121094,254.46957397460938,246.69888305664062,268.9535827636719,262.64776611328125,271.6353302001953,274.2877502441406,272.6212158203125,270.7863006591797,268.5676727294922,266.0264129638672,263.0354461669922,259.63246154785156,243.84292602539062,251.7388458251953,247.01638793945312,241.81591796875,236.07943725585938,229.87423706054688,223.1937255859375,216.1876220703125,208.59066772460938,200.58880615234375,192.3701171875,183.57598876953125,174.42034912109375,96.39306640625,20.9661865234375,-31.88836669921875,-35.73162841796875,-79.78570556640625,-190.6158447265625,-110.63824462890625,-85.51849365234375,-142.439208984375,-188.6900634765625,56.67474365234375,43.564056396484375,29.730712890625,15.0469970703125,0.728057861328125,-13.09979248046875,-28.28192138671875,-44.20172119140625,-60.6339111328125,-77.57403564453125,-94.83624267578125,-112.62579345703125,-130.6434326171875,-149.37554931640625,-167.50335693359375,-186.45111083984375,-205.08367919921875,-223.374267578125,-241.05877685546875,-257.82550048828125,-274.931396484375,-291.72088623046875,-307.76025390625,-323.0159912109375,-337.909912109375,-352.29052734375,-365.64996337890625,-378.3524169921875,-390.937255859375,-401.65728759765625,-411.6546630859375,-421.59991455078125,-429.70697021484375,-437.19049072265625,-443.29168701171875,-448.9073486328125,-453.216064453125,-456.233642578125,-457.905517578125,-458.0167236328125,-456.80108642578125,-454.45245361328125,-450.5743408203125,-444.81005859375,-437.45074462890625,-429.35174560546875,-420.3125,-409.45135498046875,-398.12286376953125,-385.16387939453125,-371.79388427734375,-357.81060791015625,-497.625732421875,-470.10369873046875,-483.46832275390625,-362.38739013671875,-365.4119873046875,-371.10516357421875,-335.75897216796875,-438.89031982421875,-487.297119140625,-391.46722412109375,-387.034912109375,-407.96636962890625,-382.66400146484375,-346.285888671875,-396.951171875,-325.32550048828125,-418.81951904296875,-250.93853759765625,-302.4495849609375,-265.733154296875,-220.3260498046875,-311.19580078125,-131.32830810546875,-118.518310546875,-195.91021728515625,-362.37213134765625,-85.36627197265625,-212.3218994140625,-187.67449951171875,-86.53973388671875,-287.22918701171875,-104.60089111328125,-143.47564697265625,-182.19696044921875
"S152",-98.47515869140625,36.465057373046875,34.832855224609375,-61.87091064453125,37.0799560546875,75.71725463867188,81.35296630859375,70.67071533203125,91.6412353515625,145.53170776367188,167.8209228515625,180.23468017578125,157.00674438476562,158.64129638671875,204.70419311523438,201.76046752929688,190.62881469726562,195.63372802734375,183.83029174804688,196.18118286132812,232.13336181640625,218.00457763671875,232.32565307617188,243.46051025390625,248.94992065429688,256.0357360839844,246.73487854003906,210.98675537109375,233.7469482421875,253.16993713378906,228.56027221679688,229.435546875,262.70436096191406,230.44320678710938,247.35205078125,267.36524963378906,230.8436279296875,234.07022094726562,256.0703430175781,231.97824096679688,222.83749389648438,206.12371826171875,167.56655883789062,155.8568115234375,82.85125732421875,-21.85687255859375,-136.77392578125,-13.0380859375,-24.92974853515625,-138.41717529296875,-202.7801513671875,-170.90240478515625,-179.920654296875,-211.81622314453125,-226.57440185546875,-222.59661865234375,-303.9306640625,-252.87103271484375,-173.45196533203125,-164.18353271484375,-165.8009033203125,-189.6015625,-159.1304931640625,-229.9737548828125,-219.698974609375,-184.102783203125,-194.572265625,-172.65814208984375,-235.5018310546875,-175.611328125,-168.859619140625,-108.9501953125,-180.48785400390625,-240.66058349609375,-187.6358642578125,-254.02178955078125,-197.84490966796875,-292.54339599609375,-204.07843017578125,-231.23614501953125,-357.9132080078125,-286.02581787109375,-271.01141357421875,-288.70025634765625,-202.78045654296875,-262.8790283203125,-228.76959228515625,-278.83209228515625,-230.66064453125,-220.5640869140625,-242.1075439453125,-323.207275390625,-250.0557861328125,-389.24176025390625,-327.45635986328125,-360.78863525390625,-249.17333984375,-349.94305419921875,-353.4989013671875,-514.7116088867188,-228.20013427734375,-313.1368408203125,-298.99127197265625,-293.06988525390625,-285.9234619140625,-291.079345703125,-262.8751220703125,-343.81573486328125,-375.36773681640625,-255.152587890625,-315.62548828125,-307.136962890625,-404.31195068359375,-353.717041015625,-395.8687744140625,-308.24969482421875,-367.56048583984375,-384.62322998046875,-363.4432373046875,-398.71441650390625,-399.01776123046875,-490.21173095703125,-333.513427734375,-360.36376953125,-433.484130859375,-404.13043212890625,-397.54351806640625,-434.8631591796875,-394.460693359375,-300.26763916015625,-422.325439453125,-346.81646728515625,-342.020263671875,-447.24365234375,-383.8773193359375,-370.35052490234375,-317.61639404296875,-299.3673095703125,-311.40289306640625,-288.77276611328125,-287.69219970703125
"S153",223.50314331054688,268.82598876953125,257.492431640625,241.48324584960938,258.68629455566406,276.6534423828125,285.03871154785156,283.59523010253906,279.1073913574219,278.67718505859375,315.0592346191406,301.1714782714844,285.73301696777344,291.3260803222656,300.03778076171875,320.6160888671875,309.02037048339844,213.43081665039062,252.462158203125,248.3895263671875,291.56541442871094,336.7622375488281,342.617431640625,332.29017639160156,341.3952178955078,323.65380859375,318.56492614746094,325.20794677734375,337.2071533203125,335.6408996582031,265.09886169433594,331.62646484375,329.25067138671875,326.614990234375,322.58714294433594,320.2188415527344,313.1616668701172,312.4112548828125,308.00828552246094,303.36195373535156,298.2890167236328,292.91973876953125,287.3729705810547,281.4120330810547,271.675537109375,268.80491638183594,232.41455078125,217.23287963867188,248.51695251464844,182.10787963867188,205.17123413085938,-85.07586669921875,168.60464477539062,134.40682983398438,177.20599365234375,143.36566162109375,155.68875122070312,91.73434448242188,141.03375244140625,155.99215698242188,146.55419921875,136.19866943359375,125.3104248046875,114.03750610351562,102.39031982421875,90.46051025390625,78.11489868164062,65.54827880859375,-4.536102294921875,39.66925048828125,26.287841796875,13.037811279296875,-0.033782958984375,-12.72650146484375,-24.83197021484375,-37.1961669921875,-49.36590576171875,-61.04266357421875,-91.8076171875,-83.105224609375,-93.65069580078125,-103.4925537109375,-112.90496826171875,-122.226318359375,-130.2586669921875,-137.814208984375,-145.33856201171875,-151.6302490234375,-157.5220947265625,-162.49188232421875,-167.16265869140625,-170.95074462890625,-173.8763427734375,-175.8966064453125,-176.858642578125,-176.90576171875,-176.1510009765625,-174.32867431640625,-171.1318359375,-166.7796630859375,-161.8536376953125,-156.216552734375,-149.24664306640625,-141.8529052734375,-133.24542236328125,-124.2940673828125,-114.8526611328125,-105.0328369140625,-94.91058349609375,-84.14166259765625,-72.61492919921875,-60.97625732421875,-64.45574951171875,-36.71240234375,-24.34100341796875,-26.44781494140625,-38.60467529296875,-95.2490234375,28.12158203125,8.055938720703125,55.52984619140625,60.804107666015625,16.6226806640625,-117.12615966796875,-214.25384521484375,-1.724365234375,44.237213134765625,74.85934448242188,-0.3233642578125,110.64126586914062,4.917572021484375,74.7081298828125,77.65347290039062,112.0185546875,9.803924560546875,112.79241943359375,115.88165283203125,59.4825439453125,134.25662231445312,137.21173095703125,188.93670654296875
"S154",223.50314331054688,268.82598876953125,257.492431640625,241.48324584960938,258.68629455566406,276.6534423828125,285.03871154785156,283.59523010253906,279.1073913574219,278.67718505859375,313.02455139160156,301.1714782714844,285.73301696777344,291.3260803222656,300.03778076171875,318.5956573486328,309.02037048339844,272.1657409667969,297.7118225097656,260.2333068847656,301.9399871826172,318.6126251220703,318.19822692871094,317.59178161621094,316.9018249511719,315.93614196777344,314.8325958251953,313.5553894042969,311.9916534423828,310.185546875,308.0154113769531,305.5712127685547,302.82347106933594,299.7488708496094,296.2423095703125,292.35630798339844,288.0453796386719,283.36248779296875,278.2938995361328,272.91204833984375,267.02842712402344,260.8196563720703,254.35316467285156,247.52206420898438,240.27206420898438,232.8043212890625,225.16287231445312,217.19195556640625,209.35104370117188,182.10787963867188,192.53497314453125,-85.07586669921875,168.60464477539062,134.40682983398438,155.927978515625,143.36566162109375,135.85940551757812,91.73434448242188,113.36337280273438,102.02499389648438,91.0274658203125,79.00119018554688,66.409912109375,53.27728271484375,39.9227294921875,26.048553466796875,11.7606201171875,-2.838165283203125,-17.92169189453125,-32.79473876953125,-48.1258544921875,-63.486328125,-78.60845947265625,-93.17645263671875,-107.318359375,-121.56304931640625,-135.59759521484375,-149.1802978515625,-162.07879638671875,-174.63458251953125,-186.68243408203125,-198.1683349609375,-209.24468994140625,-219.83477783203125,-229.13006591796875,-237.82745361328125,-246.35211181640625,-253.8175048828125,-260.73675537109375,-266.62213134765625,-272.04150390625,-276.3302001953125,-279.64373779296875,-281.9888916015625,-283.23895263671875,-283.41552734375,-282.3197021484375,-280.30133056640625,-276.65753173828125,-271.764404296875,-266.0635986328125,-259.512451171875,-251.590576171875,-242.8685302734375,-232.9473876953125,-222.5701904296875,-211.78369140625,-200.42828369140625,-188.69671630859375,-176.180908203125,-162.924072265625,-149.447998046875,-135.58984375,-121.35113525390625,-107.19207763671875,-92.17578125,-77.12884521484375,-95.2490234375,-46.4913330078125,-30.7716064453125,-14.775390625,1.337127685546875,16.6226806640625,-117.12615966796875,-142.19287109375,-1.724365234375,44.237213134765625,74.85934448242188,-0.3233642578125,110.64126586914062,4.917572021484375,74.7081298828125,77.65347290039062,112.0185546875,9.803924560546875,112.79241943359375,115.88165283203125,59.4825439453125,134.25662231445312,137.21173095703125,188.93670654296875
"S155",223.50314331054688,268.82598876953125,257.492431640625,241.48324584960938,258.68629455566406,276.6534423828125,285.03871154785156,283.59523010253906,279.1073913574219,278.67718505859375,315.0592346191406,301.1714782714844,295.47364807128906,302.7855224609375,303.4112854003906,320.6160888671875,309.02037048339844,305.91419982910156,300.6621398925781,305.8430938720703,311.6607666015625,336.7622375488281,347.3267822265625,332.29017639160156,341.3952178955078,323.65380859375,318.56492614746094,325.20794677734375,343.8378143310547,351.09461975097656,321.17706298828125,345.325439453125,337.7471618652344,338.06390380859375,322.58714294433594,326.44610595703125,313.1616668701172,330.0703430175781,326.0919647216797,321.8768005371094,317.2709197998047,312.4066467285156,307.355224609375,301.9842224121094,271.675537109375,285.6526794433594,232.41455078125,217.23287963867188,260.72959899902344,182.10787963867188,205.17123413085938,-85.07586669921875,168.60464477539062,134.40682983398438,177.20599365234375,143.36566162109375,155.68875122070312,91.73434448242188,141.03375244140625,156.2899169921875,154.82113647460938,153.57232666015625,160.3746337890625,150.1273193359375,136.95181274414062,101.86056518554688,93.20904541015625,106.22994995117188,-4.536102294921875,82.80499267578125,70.7716064453125,58.761383056640625,46.931396484375,34.94525146484375,24.483978271484375,13.331268310546875,2.3455810546875,-8.2515869140625,-91.8076171875,-28.1695556640625,-37.6290283203125,-46.56988525390625,-55.17034912109375,-70.30828857421875,-70.75244140625,-77.5560302734375,-84.26025390625,-90.026611328125,-95.39068603515625,-99.93798828125,-104.15362548828125,-107.5106201171875,-110.1002197265625,-111.90631103515625,-112.8209228515625,-112.89923095703125,-112.08258056640625,-110.45635986328125,-107.56298828125,-103.669677734375,-99.18890380859375,-94.052490234375,-87.79718017578125,-81.0006103515625,-73.20989990234375,-65.079833984375,-56.57958984375,-47.67718505859375,-38.487060546875,-28.69378662109375,-18.28314208984375,-7.73065185546875,-64.45574951171875,-11.90606689453125,-15.0301513671875,-26.44781494140625,-38.60467529296875,-95.2490234375,72.91650390625,8.055938720703125,61.864898681640625,60.804107666015625,16.6226806640625,-117.12615966796875,-70.6904296875,-1.724365234375,44.237213134765625,74.85934448242188,-0.3233642578125,110.64126586914062,4.917572021484375,74.7081298828125,77.65347290039062,112.0185546875,9.803924560546875,112.79241943359375,115.88165283203125,59.4825439453125,134.25662231445312,137.21173095703125,188.93670654296875
"S156",192.98779296875,208.29473876953125,206.35824584960938,213.41046142578125,253.30421447753906,254.42884826660156,227.22015380859375,233.14480590820312,258.83087158203125,268.7642364501953,278.54652404785156,290.46336364746094,295.47364807128906,302.7855224609375,303.4112854003906,309.51698303222656,302.7668762207031,305.91419982910156,300.6621398925781,305.8430938720703,311.6607666015625,307.13819885253906,301.6952819824219,314.97438049316406,321.7365417480469,307.6278533935547,308.23289489746094,306.69776916503906,315.90379333496094,327.5376434326172,321.17706298828125,303.4137725830078,326.2673645019531,326.185791015625,311.68748474121094,307.7338562011719,299.9397735595703,302.47222900390625,302.9375915527344,266.1005554199219,257.8365783691406,270.06773376464844,237.22747802734375,233.32534790039062,193.09478759765625,141.82635498046875,127.57705688476562,142.033203125,59.563079833984375,-35.6962890625,-18.1339111328125,-153.0386962890625,-48.400390625,-92.88568115234375,-98.2347412109375,-261.45172119140625,-109.90740966796875,-257.54888916015625,-203.09619140625,-180.189453125,-120.05279541015625,-189.73944091796875,-253.0654296875,-240.6275634765625,-217.828857421875,-264.21917724609375,-282.1456298828125,-450.26165771484375,-271.8096923828125,-307.85809326171875,-209.322021484375,-198.0042724609375,-209.96551513671875,-229.92352294921875,-202.046875,-235.40802001953125,-230.2122802734375,-233.7454833984375,-257.13824462890625,-308.63330078125,-199.35870361328125,-202.4554443359375,-151.75885009765625,-163.58575439453125,-272.7674560546875,-114.93853759765625,-283.57684326171875,-257.60516357421875,-194.53082275390625,-296.78851318359375,-319.2574462890625,-414.24322509765625,-286.39691162109375,-283.3721923828125,-325.37060546875,-316.28973388671875,-162.786865234375,-167.142822265625,-273.6031494140625,-240.1527099609375,-203.8389892578125,-204.0921630859375,-354.67242431640625,-254.50823974609375,-254.2120361328125,-318.84759521484375,-183.97772216796875,-213.41632080078125,-173.1239013671875,-147.24725341796875,-154.3050537109375,-119.55084228515625,-183.48321533203125,-110.527587890625,-204.99627685546875,-209.6572265625,-99.88671875,-153.15093994140625,-80.978271484375,-199.98211669921875,-172.8857421875,-122.81365966796875,-139.142822265625,-181.23089599609375,-70.6904296875,-168.50335693359375,-77.13043212890625,-126.3621826171875,-95.77978515625,0.675323486328125,-30.48956298828125,-65.03253173828125,0.909332275390625,-6.9832763671875,-24.1630859375,-11.985870361328125,30.73736572265625,14.69586181640625,97.45541381835938,47.07904052734375,119.26156616210938
"S157",192.98779296875,208.29473876953125,206.35824584960938,213.41046142578125,253.30421447753906,247.27517700195312,249.2536163330078,272.5174102783203,251.6398162841797,280.8485107421875,296.35162353515625,277.1100769042969,295.47364807128906,302.7855224609375,303.4112854003906,311.2267761230469,308.051025390625,305.91419982910156,320.6233215332031,315.21681213378906,311.6607666015625,323.9173889160156,326.0924835205078,329.8223571777344,321.7365417480469,339.17662048339844,328.59031677246094,324.82920837402344,322.6700439453125,323.38702392578125,320.5152587890625,324.1311798095703,308.65008544921875,307.0307922363281,325.7148895263672,307.7338562011719,311.29017639160156,303.8817443847656,302.9375915527344,298.14886474609375,257.8365783691406,270.06773376464844,237.22747802734375,233.32534790039062,193.09478759765625,141.82635498046875,127.25820922851562,45.24163818359375,37.59002685546875,-52.3414306640625,-194.99078369140625,-153.0386962890625,-242.447509765625,-304.72821044921875,-388.96697998046875,-356.89495849609375,-349.9503173828125,-413.36895751953125,-424.94525146484375,-444.4285888671875,-263.275146484375,-290.8529052734375,-442.56024169921875,-350.052734375,-307.90008544921875,-539.7130126953125,-634.33642578125,-450.26165771484375,-362.06231689453125,-336.2783203125,-341.01171875,-374.10296630859375,-646.050537109375,-442.8043212890625,-375.0853271484375,-383.4248046875,-409.41156005859375,-448.29541015625,-415.6192626953125,-356.7449951171875,-343.8446044921875,-327.13897705078125,-323.20806884765625,-333.76995849609375,-363.20086669921875,-363.07879638671875,-501.60699462890625,-476.54779052734375,-387.17236328125,-378.4459228515625,-434.2578125,-585.8878173828125,-665.24853515625,-754.23779296875,-497.0711669921875,-577.9539794921875,-398.75689697265625,-400.4149169921875,-491.82305908203125,-410.94842529296875,-442.52410888671875,-360.912353515625,-466.38800048828125,-467.62762451171875,-373.5101318359375,-418.5633544921875,-369.7137451171875,-356.14923095703125,-320.5113525390625,-412.52374267578125,-296.61883544921875,-343.04766845703125,-283.20416259765625,-272.9295654296875,-322.1934814453125,-254.33282470703125,-227.67047119140625,-153.64276123046875,-105.6810302734375,-174.6785888671875,-145.39178466796875,-121.47454833984375,-139.142822265625,-114.8006591796875,-70.6904296875,-197.24713134765625,-134.9613037109375,-15.41021728515625,-91.6724853515625,-45.280517578125,-30.48956298828125,-36.08642578125,0.909332275390625,-6.9832763671875,32.711883544921875,-11.985870361328125,2.433074951171875,14.69586181640625,48.2310791015625,113.2681884765625,63.459259033203125
"S158",313.46339416503906,288.39776611328125,316.08473205566406,312.39947509765625,342.5081787109375,355.7039337158203,297.2442169189453,305.51133728027344,321.0927276611328,304.3095397949219,338.2594757080078,368.6484069824219,372.6504898071289,377.0468215942383,362.49842834472656,369.95916748046875,380.89256286621094,383.26646423339844,366.8025360107422,373.5578918457031,378.1685791015625,362.3865509033203,385.1718978881836,372.0938949584961,341.07044982910156,376.64471435546875,357.88124084472656,376.59903717041016,389.5476608276367,387.09012603759766,363.9181365966797,383.56090545654297,379.7494201660156,368.6761779785156,382.58907318115234,346.87022399902344,359.86656188964844,384.6437759399414,364.2224578857422,339.8606414794922,342.3041687011719,277.7987823486328,263.83807373046875,260.10923767089844,183.48867797851562,184.08172607421875,142.78732299804688,18.7945556640625,-83.4193115234375,-146.29400634765625,-145.96337890625,-222.38262939453125,-326.630859375,-411.4005126953125,-512.7050170898438,-432.62872314453125,-428.78802490234375,-414.32501220703125,-496.70855712890625,-517.4990844726562,-500.43341064453125,-513.2456665039062,-574.7999267578125,-534.26416015625,-625.5491943359375,-563.536865234375,-616.667236328125,-562.9439697265625,-566.872314453125,-591.98828125,-566.2777099609375,-590.9017333984375,-504.0391845703125,-497.70184326171875,-550.7532958984375,-478.0711669921875,-630.1876220703125,-525.8551025390625,-519.8204345703125,-596.86962890625,-643.96630859375,-614.6956787109375,-577.6136474609375,-368.12982177734375,-513.2020263671875,-420.94647216796875,-392.61236572265625,-384.1605224609375,-404.22320556640625,-500.53204345703125,-406.04248046875,-424.259033203125,-457.21502685546875,-393.572509765625,-446.18377685546875,-573.501953125,-444.18011474609375,-426.49591064453125,-433.214111328125,-392.36322021484375,-327.45654296875,-354.91796875,-378.56488037109375,-331.22735595703125,-279.9638671875,-455.824462890625,-415.90362548828125,-356.14923095703125,-281.97430419921875,-198.1341552734375,-379.65191650390625,-166.685546875,-217.49578857421875,-102.1397705078125,-132.5032958984375,-68.8546142578125,-125.2490234375,-149.106689453125,-14.81292724609375,-33.6090087890625,24.864837646484375,40.060394287109375,15.811126708984375,57.108154296875,46.25006103515625,114.68887329101562,102.13504028320312,26.88037109375,121.88803100585938,157.11431884765625,142.44534301757812,180.81344604492188,200.95419311523438,202.8809814453125,220.69833374023438,195.43099975585938,168.38687133789062,135.27883911132812,76.99465942382812,192.614990234375,223.03152465820312
"S159",414.5051956176758,416.1852035522461,417.7917938232422,419.3003845214844,420.6577835083008,421.9623107910156,423.0739974975586,424.12425231933594,424.984375,425.7277374267578,426.39879608154297,426.96795654296875,427.4753112792969,427.88338470458984,428.09529876708984,428.2591781616211,428.3683776855469,428.3951721191406,428.37184143066406,428.27630615234375,428.1704864501953,427.98511505126953,427.7738037109375,427.4831314086914,427.1522979736328,426.7032699584961,426.19481658935547,425.6093978881836,424.8981475830078,424.08541107177734,423.1190643310547,422.0341262817383,420.8248062133789,419.4781036376953,417.9505844116211,416.2748794555664,414.4228210449219,412.4228515625,410.2705307006836,407.9987258911133,405.5325927734375,402.9473571777344,400.2704391479492,397.44898223876953,394.48435974121094,391.44632720947266,388.3441390991211,385.12452697753906,356.5941162109375,369.4191436767578,375.1886672973633,371.6865539550781,363.30218505859375,347.3085632324219,355.38226318359375,351.1187438964844,350.1308898925781,347.8049011230469,325.17747497558594,337.95472717285156,334.0025177001953,329.11940002441406,324.0065612792969,318.7066650390625,313.32965087890625,292.2587432861328,289.04884338378906,296.25732421875,290.29644775390625,284.4601287841797,278.45936584472656,272.46897888183594,266.6109161376953,260.9945068359375,255.58917236328125,250.16024780273438,244.82125854492188,239.68020629882812,234.82278442382812,230.10089111328125,225.58480834960938,221.32095336914062,217.21694946289062,213.29147338867188,209.92428588867188,206.78256225585938,203.72158813476562,201.12161254882812,198.75030517578125,196.80447387695312,195.06546020507812,193.80557250976562,192.94378662109375,192.49392700195312,192.48687744140625,192.91354370117188,193.82888793945312,195.10928344726562,197.02609252929688,199.41268920898438,202.080078125,205.05361938476562,208.5377197265625,212.3023681640625,216.50271606445312,220.85403442382812,225.35836791992188,230.04998779296875,234.87948608398438,239.99002075195312,245.37664794921875,250.8314971923828,256.4342041015625,262.1513366699219,267.8535614013672,273.8661346435547,279.88221740722656,285.9507293701172,292.0712890625,298.2833557128906,304.5641326904297,310.8826904296875,317.19444274902344,323.3257751464844,329.2264709472656,335.2567443847656,341.1101531982422,346.6389465332031,351.98211669921875,357.18707275390625,362.0207214355469,366.7398223876953,371.2320556640625,375.46974182128906,379.46673583984375,383.2885055541992,386.95030212402344,390.3487548828125,393.51551818847656,396.49009704589844,399.3849334716797
"S160",369.8867950439453,372.4176712036133,374.87647247314453,377.1735610961914,379.2049026489258,381.1851806640625,382.8755187988281,384.4631881713867,385.74691009521484,386.8499984741211,387.8797302246094,388.7172164916992,389.5006103515625,390.1231994628906,390.39595794677734,390.64061737060547,390.79054260253906,390.81568908691406,390.75125885009766,390.63751220703125,390.4434127807617,390.14320373535156,389.8015670776367,389.35975646972656,388.8487319946289,388.1516342163086,387.3339538574219,386.4339141845703,385.3398132324219,384.0895080566406,382.6144561767578,380.9323501586914,379.0807647705078,377.0400619506836,374.70501708984375,372.1400909423828,369.30262756347656,366.23345947265625,362.9299011230469,359.46665954589844,355.7122802734375,351.760498046875,347.70518493652344,343.353271484375,338.8410949707031,334.26495361328125,329.52545166015625,324.5978698730469,319.7446594238281,314.70021057128906,309.4244842529297,304.07725524902344,298.5723114013672,292.6948547363281,286.9021301269531,280.8516387939453,274.4032287597656,267.60765075683594,260.37718200683594,253.3338165283203,246.52871704101562,239.0701904296875,231.23370361328125,223.16571044921875,214.83270263671875,206.3485107421875,197.60360717773438,188.74942016601562,179.54440307617188,170.65072631835938,161.33514404296875,152.17340087890625,143.18557739257812,134.4879150390625,126.27532958984375,117.88681030273438,109.650390625,101.79541015625,94.31857299804688,87.01580810546875,79.96243286132812,73.45025634765625,67.254150390625,61.079437255859375,55.867584228515625,50.987457275390625,46.13128662109375,42.2193603515625,38.604278564453125,35.667144775390625,32.963165283203125,30.907958984375,29.4835205078125,28.7359619140625,28.7591552734375,29.435455322265625,30.636566162109375,32.6092529296875,35.521514892578125,39.2177734375,43.25732421875,47.752227783203125,53.148895263671875,58.762481689453125,65.18582153320312,71.80441284179688,78.74972534179688,85.90875244140625,93.26025390625,101.01925659179688,109.2930908203125,117.622314453125,126.2633056640625,134.916015625,143.73745727539062,152.9141845703125,162.12686157226562,171.442626953125,180.80120849609375,190.32901000976562,199.94635009765625,209.69851684570312,219.35369873046875,228.7440185546875,237.723876953125,247.0198211669922,255.98670959472656,264.5021667480469,272.68714904785156,280.6077880859375,288.11175537109375,295.3288116455078,302.2164611816406,308.7203063964844,314.84458923339844,320.6871337890625,326.32362365722656,331.5019073486328,336.3619384765625,340.90052795410156,345.36463928222656
"S161",392.6731414794922,394.89656829833984,397.0502700805664,399.0981979370117,400.9722442626953,402.7965087890625,404.3885040283203,405.90811920166016,407.19384765625,408.33470153808594,409.3818817138672,410.29420471191406,411.12249755859375,411.81959533691406,412.2581024169922,412.62705993652344,412.9162139892578,413.09251403808594,413.1990280151367,413.2155227661133,413.21192932128906,413.11356353759766,412.98685455322266,412.7743911743164,412.52386474609375,412.1463088989258,411.7118225097656,411.20401763916016,410.56629180908203,409.82552337646484,408.91839599609375,407.88756561279297,406.7269973754883,405.41832733154297,403.9085464477539,402.22864532470703,400.34383392333984,398.2840118408203,396.04224395751953,393.64847564697266,391.01343536376953,388.2178192138672,385.29248046875,382.1736602783203,378.8596649169922,375.42864990234375,371.89402770996094,368.19822692871094,364.54530334472656,360.704345703125,356.7143859863281,352.67059326171875,348.4778289794922,344.0964813232422,339.7314758300781,335.2483215332031,330.4734191894531,325.4489288330078,320.15594482421875,314.9611511230469,309.9160919189453,304.41265869140625,298.6298370361328,292.6007995605469,286.43638610839844,280.02207946777344,273.3855285644531,266.5787353515625,259.5132141113281,252.5186004638672,245.26148986816406,237.95651245117188,230.72637939453125,223.71319580078125,216.90084838867188,210.00503540039062,203.18966674804688,196.58059692382812,190.26275634765625,184.0986328125,178.16314697265625,172.52328491210938,167.06619262695312,161.79849243164062,157.16583251953125,152.78890991210938,148.48477172851562,144.69839477539062,141.14212036132812,138.05007934570312,135.1456298828125,132.74728393554688,130.782958984375,129.26321411132812,128.2462158203125,127.7193603515625,127.7470703125,128.2333984375,129.50656127929688,131.38800048828125,133.6566162109375,136.34616088867188,139.72293090820312,143.50045776367188,147.89999389648438,152.541748046875,157.43728637695312,162.60595703125,167.97067260742188,173.73822021484375,179.8892822265625,186.13775634765625,192.596435546875,199.21136474609375,205.82244873046875,212.83450317382812,219.87973022460938,227.02239990234375,234.26327514648438,241.67660522460938,249.23199462890625,256.9083251953125,264.64707946777344,272.22943115234375,279.57911682128906,287.18194580078125,294.63502502441406,301.74415588378906,308.6752166748047,315.48048400878906,321.854736328125,328.1081085205078,334.09266662597656,339.7630920410156,345.12986755371094,350.25880432128906,355.1753234863281,359.7340087890625,363.9787139892578,367.9477233886719,371.7926025390625
"S162",346.6393280029297,349.8333282470703,352.8832550048828,355.7925567626953,358.49037170410156,361.0833740234375,363.3500518798828,365.5164337158203,367.35675048828125,369.00128173828125,370.4792175292969,371.79164123535156,372.9509048461914,373.93365478515625,374.5916213989258,375.1112747192383,375.5262222290039,375.7759094238281,375.9396438598633,375.9252243041992,375.93885040283203,375.80224609375,375.6256103515625,375.30953216552734,374.94712829589844,374.4097137451172,373.80933380126953,373.0789260864258,372.1680450439453,371.107177734375,369.8037567138672,368.3441162109375,366.67950439453125,364.78997802734375,362.6296081542969,360.22178649902344,357.5299987792969,354.5915069580078,351.3931579589844,347.9607238769531,344.17828369140625,340.1736755371094,335.95582580566406,331.52268981933594,326.7540588378906,321.7836608886719,316.71583557128906,311.41615295410156,306.1905975341797,300.65399169921875,294.9276580810547,289.1178741455078,283.0478973388672,276.7861022949219,270.48109436035156,264.0690460205078,257.2052001953125,249.9639892578125,242.39065551757812,234.91165161132812,227.63461303710938,219.71127319335938,211.41842651367188,202.716552734375,193.93109130859375,184.6888427734375,175.16159057617188,165.36175537109375,155.25970458984375,145.16702270507812,134.82720947265625,124.32916259765625,113.95230102539062,103.947509765625,94.09152221679688,84.21734619140625,74.45260620117188,64.91970825195312,55.8494873046875,47.026214599609375,38.5787353515625,30.413421630859375,22.46923828125,15.00274658203125,8.330322265625,2.057769775390625,-4.040802001953125,-9.59759521484375,-14.77825927734375,-19.308837890625,-23.50732421875,-26.92657470703125,-29.7327880859375,-31.94732666015625,-33.5076904296875,-34.35772705078125,-34.22308349609375,-33.5977783203125,-31.83062744140625,-29.23529052734375,-26.0025634765625,-22.14874267578125,-17.39947509765625,-11.91015625,-5.637237548828125,1.016021728515625,7.94140625,15.33685302734375,23.0269775390625,31.315185546875,40.080413818359375,49.039459228515625,58.223907470703125,67.7908935546875,77.18173217773438,87.25567626953125,97.34918212890625,107.5718994140625,117.96343994140625,128.58663940429688,139.44375610351562,150.38375854492188,161.506591796875,172.39498901367188,182.99224853515625,193.8724365234375,204.58782958984375,214.77011108398438,224.7391357421875,234.56842041015625,243.64779663085938,252.65875244140625,261.25975036621094,269.3979949951172,277.12351989746094,284.52793884277344,291.57765197753906,298.1538543701172,304.2521514892578,309.9779815673828,315.4818420410156
"S163",346.6393280029297,349.8333282470703,352.8832550048828,355.7925567626953,358.49037170410156,361.0833740234375,363.3500518798828,365.5164337158203,367.35675048828125,369.00128173828125,370.4792175292969,371.79164123535156,372.9509048461914,373.93365478515625,374.5916213989258,375.1112747192383,375.5262222290039,375.7759094238281,375.9396438598633,375.9252243041992,375.93885040283203,375.80224609375,375.6256103515625,375.30953216552734,374.94712829589844,374.4097137451172,373.80933380126953,373.0789260864258,372.1680450439453,371.107177734375,369.8037567138672,368.3441162109375,366.67950439453125,364.78997802734375,362.6296081542969,360.22178649902344,357.5299987792969,354.5915069580078,351.3931579589844,347.9607238769531,344.17828369140625,340.1736755371094,335.95582580566406,331.52268981933594,326.7540588378906,321.7836608886719,316.71583557128906,311.41615295410156,306.1905975341797,300.65399169921875,294.9276580810547,289.1178741455078,283.0478973388672,276.7861022949219,270.48109436035156,264.0690460205078,257.2052001953125,249.9639892578125,242.39065551757812,234.91165161132812,227.63461303710938,219.71127319335938,211.41842651367188,202.716552734375,193.93109130859375,184.6888427734375,175.16159057617188,165.36175537109375,155.25970458984375,145.16702270507812,134.82720947265625,124.32916259765625,113.95230102539062,103.947509765625,94.09152221679688,84.21734619140625,74.45260620117188,64.91970825195312,55.8494873046875,47.026214599609375,38.5787353515625,30.413421630859375,22.46923828125,15.00274658203125,8.330322265625,2.057769775390625,-4.040802001953125,-9.59759521484375,-14.77825927734375,-19.308837890625,-23.50732421875,-26.92657470703125,-29.7327880859375,-31.94732666015625,-33.5076904296875,-34.35772705078125,-34.22308349609375,-33.5977783203125,-31.83062744140625,-29.23529052734375,-26.0025634765625,-22.14874267578125,-17.39947509765625,-11.91015625,-5.637237548828125,1.016021728515625,7.94140625,15.33685302734375,23.0269775390625,31.315185546875,40.080413818359375,49.039459228515625,58.223907470703125,67.7908935546875,77.18173217773438,87.25567626953125,97.34918212890625,107.5718994140625,117.96343994140625,128.58663940429688,139.44375610351562,150.38375854492188,161.506591796875,172.39498901367188,182.99224853515625,193.8724365234375,204.58782958984375,214.77011108398438,224.7391357421875,234.56842041015625,243.64779663085938,252.65875244140625,261.25975036621094,269.3979949951172,277.12351989746094,284.52793884277344,291.57765197753906,298.1538543701172,304.2521514892578,309.9779815673828,315.4818420410156
"S164",328.08607482910156,331.66429138183594,335.08123779296875,338.33990478515625,341.3608856201172,344.26438903808594,346.80357360839844,349.22923278808594,351.2879943847656,353.1286163330078,354.78387451171875,356.25123596191406,357.5488739013672,358.6486053466797,359.3822326660156,359.962646484375,360.42515563964844,360.70184326171875,360.88201904296875,360.8654327392578,360.8777618408203,360.72206115722656,360.5212097167969,360.16497802734375,359.7566833496094,359.1521759033203,358.47471618652344,357.6536102294922,356.630615234375,355.4387512207031,353.97581481933594,352.33641052246094,350.4675750732422,348.34800720214844,345.9241027832031,343.2213592529297,340.20106506347656,336.9035949707031,333.3143615722656,329.46385192871094,325.2209167480469,320.727294921875,315.99623107910156,311.0205841064453,305.6695251464844,300.09478759765625,294.40782165527344,288.45896911621094,282.59324645996094,276.3805236816406,269.9532165527344,263.4322052001953,256.62132263183594,249.58917236328125,242.51174926757812,235.31280517578125,227.60678100585938,219.47677612304688,210.97271728515625,202.57730102539062,194.41082763671875,185.5142822265625,176.2034912109375,166.4339599609375,156.56344604492188,146.18789672851562,135.489501953125,124.487060546875,113.13845825195312,101.80596923828125,90.18789672851562,78.40133666992188,66.748046875,55.508575439453125,44.44158935546875,33.34637451171875,22.37548828125,11.668060302734375,1.477569580078125,-8.437225341796875,-17.93414306640625,-27.11004638671875,-36.031982421875,-44.4285888671875,-51.93353271484375,-58.98687744140625,-65.85125732421875,-72.09783935546875,-77.92425537109375,-83.01861572265625,-87.744873046875,-91.60296630859375,-94.77069091796875,-97.27349853515625,-99.03619384765625,-100.00213623046875,-99.87237548828125,-99.1806640625,-97.21112060546875,-94.30743408203125,-90.69061279296875,-86.37615966796875,-81.04901123046875,-74.903564453125,-67.86981201171875,-60.4102783203125,-52.64306640625,-44.34906005859375,-35.7254638671875,-26.43133544921875,-16.59649658203125,-6.5445556640625,3.76434326171875,14.49761962890625,25.041534423828125,36.34716796875,47.676055908203125,59.15264892578125,70.8162841796875,82.74301147460938,94.934326171875,107.21868896484375,119.70700073242188,131.9326171875,143.8275146484375,156.04962158203125,168.0836181640625,179.52163696289062,190.71826171875,201.75448608398438,211.9566650390625,222.07769775390625,231.738037109375,240.87811279296875,249.55645751953125,257.8750457763672,265.79466247558594,273.1787109375,280.0286560058594,286.4590759277344,292.6421661376953
"S165",370.15000915527344,372.8412857055664,375.44071197509766,377.91344451904297,380.18164825439453,382.3838348388672,384.3072967529297,386.1427001953125,387.69544982910156,389.07591247558594,390.3386001586914,391.4408187866211,392.43729400634766,393.2769241333008,393.8096923828125,394.25315856933594,394.6011962890625,394.8115997314453,394.93981170654297,394.9529037475586,394.9495162963867,394.8291244506836,394.67430114746094,394.41363525390625,394.1081848144531,393.650146484375,393.12445068359375,392.5074462890625,391.7344665527344,390.83575439453125,389.73560333251953,388.4882583618164,387.0808639526367,385.49304962158203,383.66426849365234,381.6277084350586,379.3453369140625,376.85133361816406,374.1369323730469,371.23655700683594,368.04331970214844,364.65574645996094,361.10777282714844,357.3336486816406,353.31414794921875,349.1492004394531,344.8651428222656,340.3843231201172,335.9575500488281,331.2974548339844,326.45947265625,321.55516052246094,316.4639892578125,311.1529083251953,305.85279846191406,300.41908264160156,294.62586975097656,288.52650451660156,282.1096954345703,275.8061065673828,269.68365478515625,263.0037536621094,255.9909210205078,248.670166015625,241.19842529296875,233.41326904296875,225.36184692382812,217.10089111328125,208.53231811523438,200.03851318359375,191.24200439453125,182.3795166015625,173.60800170898438,165.10687255859375,156.82958984375,148.46237182617188,140.19287109375,132.16510009765625,124.49618530273438,117.01693725585938,109.8201904296875,102.96066284179688,96.32061767578125,89.93685913085938,84.30294799804688,78.9873046875,73.76675415039062,69.14712524414062,64.81292724609375,61.040740966796875,57.503082275390625,54.582977294921875,52.189300537109375,50.327362060546875,49.068267822265625,48.404144287109375,48.43707275390625,49.006561279296875,50.529052734375,52.7852783203125,55.523040771484375,58.774505615234375,62.849639892578125,67.42922973632812,72.75143432617188,78.37188720703125,84.28607177734375,90.54434204101562,97.04147338867188,104.02975463867188,111.47491455078125,119.04721069335938,126.86416625976562,134.89373779296875,142.8961181640625,151.399169921875,159.93856811523438,168.596435546875,177.37619018554688,186.36483764648438,195.53244018554688,204.83114624023438,214.22052001953125,223.4189453125,232.33914184570312,241.56045532226562,250.60633850097656,259.2301483154297,267.64366149902344,275.9087829589844,283.6350402832031,291.2291717529297,298.4927673339844,305.3726348876953,311.8895263671875,318.1220397949219,324.0877990722656,329.6231994628906,334.7751922607422,339.59559631347656,344.25950622558594
"S166",417.5492706298828,419.1728057861328,420.71954345703125,422.1735382080078,423.4869918823242,424.74497985839844,425.81681060791016,426.8305358886719,427.66273498535156,428.38314056396484,429.02857208251953,429.58079528808594,430.06781005859375,430.46056365966797,430.6714172363281,430.82957458496094,430.9366149902344,430.9639129638672,430.94486236572266,430.84776306152344,430.74988555908203,430.57313537597656,430.37159729003906,430.0906066894531,429.77210235595703,429.34051513671875,428.8555679321289,428.29166412353516,427.6069107055664,426.82433319091797,425.8924789428711,424.8499069213867,423.68443298339844,422.3838653564453,420.91158294677734,419.2966613769531,417.5125045776367,415.5865249633789,413.5138626098633,411.3229217529297,408.9438705444336,406.4519348144531,403.86656951904297,401.1525115966797,398.2918395996094,395.35384368896484,392.3630828857422,389.2599334716797,386.2135238647461,380.05023193359375,379.59645080566406,367.81446838378906,372.7813491821289,369.10975646972656,365.4282989501953,361.636474609375,357.5692443847656,353.27015686035156,348.74183654785156,344.2851867675781,339.9597625732422,335.2502136230469,330.32342529296875,325.2080993652344,320.038818359375,314.6675720214844,309.17054748535156,303.57476806640625,297.8393096923828,292.2071228027344,286.4400177001953,280.6644744873047,275.0200500488281,269.61956787109375,264.3994445800781,259.1756134033203,254.0367431640625,249.0775909423828,244.39964294433594,239.85699462890625,235.52154541015625,231.40689086914062,227.43701171875,223.67440795898438,220.43359375,217.41287231445312,214.48333740234375,211.96463012695312,209.67379760742188,207.78961181640625,206.11618041992188,204.91558837890625,204.0960693359375,203.66677856445312,203.65179443359375,204.05630493164062,204.96307373046875,206.1925048828125,208.03948974609375,210.33062744140625,212.90493774414062,215.77639770507812,219.12387084960938,222.77053833007812,226.81781005859375,231.01577758789062,235.34774780273438,239.87100219726562,244.52976989746094,249.46258544921875,254.64891052246094,259.90826416015625,265.2983093261719,270.8220520019531,276.30462646484375,282.1031188964844,287.9007263183594,293.74610900878906,299.6466064453125,305.63165283203125,311.685791015625,317.76470947265625,323.84979248046875,329.7593688964844,335.4543762207031,341.2588806152344,346.90086364746094,352.22377014160156,357.3742218017578,362.3985137939453,367.0439453125,371.59474182128906,375.9240188598633,380.0069046020508,383.85987854003906,387.5461654663086,391.0722198486328,394.3517532348633,397.40306854248047,400.27294158935547,403.0592346191406
"S167",415.37391662597656,419.1728057861328,420.71954345703125,418.38597869873047,423.4869918823242,424.74497985839844,425.81681060791016,426.8305358886719,427.66273498535156,428.38314056396484,429.02857208251953,429.58079528808594,430.06781005859375,430.46056365966797,430.6714172363281,430.82957458496094,430.9366149902344,430.9639129638672,430.94486236572266,430.84776306152344,430.74988555908203,430.57313537597656,430.37159729003906,430.0906066894531,429.77210235595703,429.34051513671875,428.8555679321289,428.29166412353516,427.6069107055664,426.82433319091797,425.8924789428711,424.8499069213867,423.68443298339844,422.3838653564453,420.91158294677734,419.2966613769531,417.5125045776367,415.5865249633789,413.5138626098633,411.3229217529297,408.9438705444336,406.4519348144531,403.86656951904297,401.1525115966797,388.1625747680664,374.67533111572266,344.8337860107422,381.1142807006836,369.34649658203125,369.7383728027344,376.0277099609375,364.12388610839844,372.7813491821289,369.10975646972656,346.26043701171875,325.81883239746094,352.43853759765625,353.27015686035156,348.74183654785156,344.2851867675781,339.9597625732422,335.2502136230469,330.32342529296875,325.2080993652344,320.038818359375,314.6675720214844,309.17054748535156,303.57476806640625,297.8393096923828,292.2071228027344,286.4400177001953,280.6644744873047,275.0200500488281,269.61956787109375,264.3994445800781,259.1756134033203,254.0367431640625,249.0775909423828,244.39964294433594,239.85699462890625,235.52154541015625,231.40689086914062,227.43701171875,223.67440795898438,220.43359375,217.41287231445312,214.48333740234375,211.96463012695312,209.67379760742188,207.78961181640625,206.11618041992188,204.91558837890625,204.0960693359375,203.66677856445312,203.65179443359375,204.05630493164062,204.96307373046875,206.1925048828125,208.03948974609375,210.33062744140625,212.90493774414062,215.77639770507812,219.12387084960938,222.77053833007812,226.81781005859375,231.01577758789062,235.34774780273438,239.87100219726562,244.52976989746094,249.46258544921875,254.64891052246094,259.90826416015625,265.2983093261719,270.8220520019531,276.30462646484375,282.1031188964844,287.9007263183594,293.74610900878906,299.6466064453125,305.63165283203125,311.685791015625,317.76470947265625,323.84979248046875,329.7593688964844,335.4543762207031,341.2588806152344,325.2378234863281,330.57325744628906,357.3742218017578,349.6451721191406,354.23915100097656,371.59474182128906,336.73553466796875,374.16876220703125,380.75738525390625,387.5461654663086,390.32361602783203,394.3517532348633,392.1139907836914,393.4942626953125,403.0592346191406
"S168",224.49188232421875,272.13279724121094,267.26373291015625,233.91522216796875,238.46942138671875,325.6076354980469,273.64231872558594,299.4886932373047,314.1271667480469,299.11814880371094,337.4928436279297,350.29412841796875,311.89630126953125,315.6004943847656,368.3343505859375,318.1297302246094,332.44728088378906,373.4454116821289,329.3368835449219,347.61863708496094,364.92437744140625,329.3615417480469,353.25244140625,361.4042663574219,341.7189636230469,345.13304138183594,369.53089904785156,333.24900817871094,359.803466796875,365.7869110107422,335.5149383544922,354.03692626953125,354.97418212890625,345.8495178222656,353.0856018066406,351.9346008300781,333.760498046875,328.66624450683594,341.3267517089844,337.29656982421875,332.9171142578125,328.3330841064453,305.6492156982422,298.25511169433594,313.31005859375,236.4185791015625,257.34959411621094,195.04605102539062,184.54147338867188,150.19921875,136.86544799804688,124.71218872070312,142.78036499023438,183.54974365234375,118.280517578125,74.09005737304688,45.620819091796875,67.0042724609375,82.617919921875,71.01254272460938,135.81927490234375,140.03396606445312,92.93447875976562,87.606689453125,53.580169677734375,71.23861694335938,90.769287109375,100.43560791015625,127.77108764648438,105.3187255859375,106.72311401367188,84.42776489257812,85.62490844726562,75.69216918945312,65.9840087890625,56.337646484375,46.846649169921875,37.639862060546875,28.984375,20.59735107421875,12.623809814453125,4.94549560546875,-2.485565185546875,-9.384918212890625,-15.42254638671875,-21.0181884765625,-26.40264892578125,-31.17645263671875,-35.49530029296875,-39.0716552734375,-42.21746826171875,-44.462646484375,-46.00762939453125,-46.86956787109375,-47.00872802734375,-46.369384765625,-44.6697998046875,-42.48614501953125,-39.1627197265625,-35.04510498046875,-30.34320068359375,-25.07806396484375,-18.99078369140625,-12.2467041015625,-4.831634521484375,2.8851318359375,1.44525146484375,19.088775634765625,27.65570068359375,36.742034912109375,46.249755859375,55.93499755859375,65.80911254882812,76.04519653320312,86.08871459960938,96.78924560546875,107.46868896484375,118.2342529296875,129.1177978515625,104.1107177734375,108.68832397460938,137.91256713867188,154.75265502929688,184.6658935546875,195.2086181640625,169.53643798828125,122.76736450195312,120.3349609375,101.91189575195312,127.67074584960938,117.13992309570312,185.78143310546875,167.9090576171875,177.21670532226562,211.72476196289062,176.82229614257812,160.33624267578125,150.34823608398438,131.90164184570312,200.42825317382812,200.73080444335938
"S169",225.8822021484375,272.13279724121094,267.26373291015625,233.91522216796875,246.91192626953125,325.6076354980469,273.64231872558594,299.4886932373047,314.1271667480469,299.11814880371094,337.4928436279297,350.29412841796875,330.5910339355469,319.4291229248047,368.3343505859375,333.1471405029297,332.44728088378906,373.4454116821289,331.1758117675781,347.61863708496094,364.92437744140625,329.3615417480469,353.25244140625,361.4042663574219,345.133056640625,345.13304138183594,369.53089904785156,344.9673614501953,359.803466796875,365.7869110107422,362.99681091308594,354.03692626953125,354.97418212890625,353.5634307861328,353.0856018066406,351.9346008300781,348.6607208251953,345.12852478027344,341.3267517089844,337.29656982421875,332.9171142578125,328.3330841064453,305.6492156982422,298.25511169433594,313.31005859375,236.4185791015625,257.34959411621094,195.04605102539062,184.54147338867188,150.19921875,136.86544799804688,124.71218872070312,142.78036499023438,183.54974365234375,118.280517578125,74.09005737304688,45.620819091796875,67.0042724609375,82.617919921875,71.01254272460938,135.81927490234375,140.03396606445312,92.93447875976562,87.606689453125,53.580169677734375,71.23861694335938,90.769287109375,100.43560791015625,127.77108764648438,105.3187255859375,106.72311401367188,84.42776489257812,85.62490844726562,75.69216918945312,65.9840087890625,56.337646484375,46.846649169921875,37.639862060546875,28.984375,20.59735107421875,12.623809814453125,4.94549560546875,-2.485565185546875,-9.384918212890625,-15.42254638671875,-21.0181884765625,-26.40264892578125,-31.17645263671875,-35.49530029296875,-39.0716552734375,-42.21746826171875,-44.462646484375,-46.00762939453125,-46.86956787109375,-47.00872802734375,-46.369384765625,-44.6697998046875,-42.48614501953125,-39.1627197265625,-35.04510498046875,-30.34320068359375,-25.07806396484375,-18.99078369140625,-12.2467041015625,-4.831634521484375,2.8851318359375,1.44525146484375,19.088775634765625,27.65570068359375,36.742034912109375,46.249755859375,55.93499755859375,65.80911254882812,76.04519653320312,86.08871459960938,96.78924560546875,107.46868896484375,118.2342529296875,129.1177978515625,104.1107177734375,108.68832397460938,137.91256713867188,154.75265502929688,184.6658935546875,195.2086181640625,169.53643798828125,122.76736450195312,120.3349609375,101.91189575195312,127.67074584960938,117.13992309570312,185.78143310546875,167.9090576171875,177.21670532226562,211.72476196289062,176.82229614257812,160.33624267578125,150.34823608398438,131.90164184570312,200.42825317382812,200.73080444335938
"S170",214.22402954101562,219.8468017578125,225.13888549804688,204.57266235351562,234.6536865234375,238.9476318359375,242.62652587890625,246.09202575683594,248.92112731933594,251.39852905273438,253.58595275878906,255.4577178955078,257.0801239013672,258.39251708984375,259.1141357421875,259.6194763183594,259.95396423339844,259.9977722167969,259.9001770019531,259.4967498779297,259.1435546875,258.4983673095703,257.7639617919922,256.7411804199219,255.5989990234375,254.07431030273438,252.3585968017578,250.3600616455078,247.9566650390625,245.19842529296875,241.9271240234375,238.28463745117188,234.18927001953125,229.62445068359375,224.48043823242188,218.81268310546875,212.58377075195312,205.85968017578125,198.6207275390625,190.9610595703125,182.63955688476562,173.9140625,164.84381103515625,155.37939453125,145.32345581054688,134.98153686523438,124.4942626953125,113.58590698242188,102.89608764648438,91.60671997070312,79.90716552734375,68.02243041992188,55.5908203125,42.66754150390625,29.648651123046875,16.325103759765625,1.978485107421875,-13.22076416015625,-29.15692138671875,-44.876220703125,-60.121826171875,-76.77001953125,-94.12127685546875,-112.22479248046875,-130.44390869140625,-149.417724609375,-168.82464599609375,-188.5955810546875,-208.85125732421875,-228.8106689453125,-249.1552734375,-269.537841796875,-289.4783935546875,-308.51898193359375,-327.073486328125,-345.5911865234375,-363.79656982421875,-381.4256591796875,-398.02825927734375,-414.1346435546875,-429.49163818359375,-444.2406005859375,-458.45806884765625,-471.77337646484375,-483.44146728515625,-494.2371826171875,-504.69476318359375,-513.887451171875,-522.2319946289062,-529.1373291015625,-535.267822265625,-539.74560546875,-542.8643798828125,-544.67138671875,-545.0396728515625,-543.929443359375,-540.893310546875,-536.819580078125,-530.611083984375,-522.8413696289062,-513.981201171875,-504.04290771484375,-492.461669921875,-479.74951171875,-465.67169189453125,-451.03045654296875,-436.02777099609375,-420.2430419921875,-403.9779052734375,-386.7310791015625,-368.62847900390625,-350.19158935546875,-331.3572998046875,-311.88153076171875,-292.69183349609375,-272.297607421875,-251.931396484375,-231.37579345703125,-210.61859130859375,-189.5458984375,-168.1578369140625,-146.8193359375,-125.33892822265625,-104.48504638671875,-84.37945556640625,-63.87652587890625,-43.91497802734375,-25.10394287109375,-6.86639404296875,10.938018798828125,27.319915771484375,43.4642333984375,58.785125732421875,73.208740234375,86.87979125976562,100.00436401367188,112.47976684570312,124.09149169921875,131.90164184570312,145.072021484375,154.91708374023438
"S171",225.8822021484375,229.61502075195312,232.37661743164062,204.57266235351562,246.91192626953125,249.0915069580078,229.37033081054688,251.34371948242188,265.4212646484375,276.88108825683594,301.9468536376953,284.6324920654297,330.5910339355469,319.4291229248047,313.7768859863281,333.1471405029297,326.9666748046875,323.3669891357422,331.1758117675781,320.665283203125,318.6457824707031,328.4573669433594,326.8799743652344,331.7028503417969,345.133056640625,339.06471252441406,339.5821075439453,344.9673614501953,350.3130340576172,349.13856506347656,347.20616149902344,345.06382751464844,342.6479949951172,339.9442596435547,336.90296936035156,333.55809020996094,329.87757873535156,325.9069061279297,321.63291931152344,317.1006164550781,312.1750030517578,307.01953125,300.5155029296875,286.02491760253906,279.6671905517578,205.72164916992188,191.50814819335938,153.920166015625,144.60076904296875,62.7088623046875,113.29122924804688,100.4234619140625,73.99002075195312,34.329925537109375,72.01947021484375,49.485687255859375,23.241607666015625,26.656524658203125,-1.5736083984375,1.369842529296875,-44.85833740234375,-7.61395263671875,22.8414306640625,-5.067230224609375,-44.984130859375,9.69281005859375,40.915374755859375,-37.16632080078125,-6.962890625,38.4935302734375,-34.13885498046875,-38.61126708984375,-41.09393310546875,-31.5882568359375,-131.26556396484375,-61.5203857421875,-162.21795654296875,-115.4310302734375,-44.650634765625,-44.080810546875,-48.32232666015625,-79.036376953125,-65.361083984375,-107.58843994140625,-79.92742919921875,-86.2305908203125,-92.2899169921875,-112.25909423828125,-102.5635986328125,-106.6072998046875,-110.16009521484375,-112.69573974609375,-114.4434814453125,-115.428955078125,-115.607177734375,-114.90875244140625,-112.99566650390625,-110.5552978515625,-106.832763671875,-102.22039794921875,-96.94012451171875,-91.0234375,-84.18963623046875,-76.60113525390625,-68.2679443359375,-59.591064453125,-50.72589111328125,-41.384033203125,-71.3447265625,-58.26275634765625,-41.37109375,-42.6138916015625,-105.19830322265625,-26.30426025390625,2.722076416015625,-49.48504638671875,-24.13946533203125,55.60595703125,-4.21044921875,-14.18243408203125,15.116180419921875,-27.3001708984375,-16.62158203125,27.9273681640625,63.378021240234375,-17.2354736328125,19.739593505859375,-27.36309814453125,-82.4815673828125,66.97518920898438,95.14437866210938,69.654052734375,55.4515380859375,119.42694091796875,106.12954711914062,80.38592529296875,137.03173828125,100.60845947265625,115.32342529296875,139.4644775390625,137.427734375
"S172",122.67947387695312,132.19107055664062,179.84429931640625,171.594970703125,165.97210693359375,117.05923461914062,201.92636108398438,234.95401000976562,253.58645629882812,245.4939422607422,205.3270263671875,240.37680053710938,272.0863494873047,227.67337036132812,223.61737060546875,258.8699035644531,249.22470092773438,255.05026245117188,259.79930114746094,256.94529724121094,256.77044677734375,275.3522491455078,268.9535827636719,282.00291442871094,295.3343811035156,307.1011505126953,303.54478454589844,295.7367401123047,286.93284606933594,302.7298583984375,306.9156494140625,289.4502410888672,311.59271240234375,306.0824279785156,294.4339141845703,301.7759094238281,297.1214904785156,286.2100830078125,287.3411865234375,293.8368225097656,264.44422912597656,250.99063110351562,236.642578125,235.2796630859375,174.87222290039062,96.39306640625,39.784759521484375,-57.40704345703125,-35.73162841796875,-79.78570556640625,-197.43310546875,-150.71527099609375,-85.51849365234375,-288.25457763671875,-241.67431640625,-268.289794921875,-239.69232177734375,-223.30511474609375,-269.71087646484375,-486.4259033203125,-321.964111328125,-284.17791748046875,-222.337890625,-207.4871826171875,-234.41937255859375,-311.61932373046875,-212.47113037109375,-236.43768310546875,-263.04132080078125,-389.16961669921875,-341.733642578125,-245.5001220703125,-198.775634765625,-216.55615234375,-251.72216796875,-291.024658203125,-263.61505126953125,-379.71795654296875,-299.0096435546875,-443.767578125,-466.26995849609375,-540.1497802734375,-638.3409423828125,-408.0506591796875,-306.7822265625,-362.5604248046875,-356.8701171875,-447.13311767578125,-515.911865234375,-310.1727294921875,-400.31524658203125,-340.7471923828125,-272.6767578125,-453.0823974609375,-405.521240234375,-261.91961669921875,-345.0443115234375,-322.07403564453125,-357.4736328125,-357.9869384765625,-331.072265625,-289.39727783203125,-399.5067138671875,-398.85797119140625,-245.58331298828125,-371.13214111328125,-238.87841796875,-320.59149169921875,-373.8236083984375,-378.70294189453125,-304.6322021484375,-256.08709716796875,-327.83734130859375,-303.14263916015625,-276.7877197265625,-262.66729736328125,-243.895263671875,-270.5787353515625,-407.96636962890625,-250.585205078125,-217.3924560546875,-175.49176025390625,-186.98211669921875,-176.7413330078125,-117.8409423828125,-166.896484375,-133.64385986328125,-160.1607666015625,-185.9766845703125,-131.32830810546875,-113.401611328125,-75.406005859375,-135.015625,5.991424560546875,-28.73565673828125,-48.99554443359375,21.775390625,1.555877685546875,-11.667938232421875,-64.06878662109375,-29.52392578125
"S173",111.79876708984375,36.465057373046875,34.832855224609375,50.814239501953125,136.23507690429688,98.34085083007812,201.92636108398438,234.95401000976562,253.58645629882812,245.4939422607422,167.8209228515625,240.37680053710938,243.3060302734375,219.07028198242188,223.61737060546875,190.76275634765625,189.55203247070312,255.05026245117188,195.30426025390625,220.28765869140625,232.13336181640625,212.59292602539062,217.45596313476562,282.00291442871094,288.47265625,307.1011505126953,303.54478454589844,295.2965393066406,286.93284606933594,302.7298583984375,306.85528564453125,289.4502410888672,311.59271240234375,292.3537292480469,294.4339141845703,301.7759094238281,297.1214904785156,271.6619873046875,282.1178741455078,293.8368225097656,264.44422912597656,250.99063110351562,214.84295654296875,192.6212158203125,98.83349609375,87.06069946289062,45.19158935546875,-87.3135986328125,-64.1524658203125,-249.9234619140625,-310.516845703125,-251.4337158203125,-292.4896240234375,-291.43463134765625,-294.230712890625,-306.51129150390625,-407.09490966796875,-252.87103271484375,-173.45196533203125,-259.98480224609375,-165.8009033203125,-208.2789306640625,-159.1304931640625,-259.17169189453125,-367.2587890625,-207.92474365234375,-284.33203125,-187.4149169921875,-324.02459716796875,-206.7313232421875,-209.97247314453125,-250.41705322265625,-291.0316162109375,-387.82879638671875,-343.63763427734375,-381.56243896484375,-314.6014404296875,-295.21160888671875,-276.28936767578125,-493.225830078125,-766.869140625,-341.56414794921875,-288.85821533203125,-288.70025634765625,-461.697265625,-388.56622314453125,-233.8250732421875,-305.85687255859375,-230.66064453125,-223.90362548828125,-272.7330322265625,-624.764404296875,-339.7158203125,-468.01898193359375,-369.44757080078125,-408.96112060546875,-359.43988037109375,-502.32220458984375,-516.2879638671875,-541.1661376953125,-247.48468017578125,-313.1368408203125,-370.72772216796875,-298.53045654296875,-333.05755615234375,-379.3895263671875,-319.445068359375,-462.2716064453125,-576.9376220703125,-319.48065185546875,-427.61151123046875,-477.27386474609375,-433.677734375,-459.0948486328125,-468.31585693359375,-358.06787109375,-391.44677734375,-375.57501220703125,-440.92877197265625,-359.6055908203125,-249.7283935546875,-256.42303466796875,-194.86431884765625,-229.20855712890625,-220.72320556640625,-197.63446044921875,-241.4307861328125,-205.1524658203125,-237.03778076171875,-225.5198974609375,-122.25323486328125,-75.406005859375,-222.22442626953125,-186.84375,-126.82049560546875,-206.6041259765625,-180.02703857421875,-240.603271484375,-183.31854248046875,-67.2711181640625,-226.74859619140625
"S174",111.79876708984375,74.9610595703125,115.0390625,52.574615478515625,136.23507690429688,127.40432739257812,201.92636108398438,234.95401000976562,253.58645629882812,245.4939422607422,231.57363891601562,243.39019775390625,243.3060302734375,223.17050170898438,223.61737060546875,219.18960571289062,209.3642578125,255.05026245117188,249.5201873779297,248.3895263671875,270.5158233642578,241.025634765625,274.28065490722656,282.00291442871094,288.47265625,307.1011505126953,303.54478454589844,295.2965393066406,286.93284606933594,302.7298583984375,306.2718811035156,289.4502410888672,301.0106658935547,292.3537292480469,294.3890686035156,290.4679260253906,286.11102294921875,271.6619873046875,276.24562072753906,270.8241882324219,264.44422912597656,250.99063110351562,214.84295654296875,192.6212158203125,103.6234130859375,87.06069946289062,45.19158935546875,25.280548095703125,47.704345703125,-146.8677978515625,-145.4580078125,-206.207763671875,-235.22674560546875,-291.43463134765625,-294.230712890625,-306.51129150390625,-407.09490966796875,-252.87103271484375,-173.45196533203125,-259.98480224609375,-165.8009033203125,-208.2789306640625,-159.1304931640625,-259.17169189453125,-367.2587890625,-207.92474365234375,-284.33203125,-187.4149169921875,-324.02459716796875,-206.7313232421875,-209.97247314453125,-250.41705322265625,-291.0316162109375,-387.82879638671875,-343.63763427734375,-381.56243896484375,-314.6014404296875,-295.21160888671875,-276.28936767578125,-493.225830078125,-730.2174072265625,-341.56414794921875,-288.85821533203125,-288.70025634765625,-461.697265625,-388.56622314453125,-253.0882568359375,-305.85687255859375,-267.4326171875,-273.290771484375,-278.76287841796875,-630.3240966796875,-339.7158203125,-468.01898193359375,-369.44757080078125,-409.932861328125,-359.43988037109375,-502.32220458984375,-516.2879638671875,-630.0430908203125,-272.793212890625,-313.1368408203125,-370.72772216796875,-298.53045654296875,-333.05755615234375,-379.3895263671875,-319.445068359375,-462.2716064453125,-576.9376220703125,-319.48065185546875,-427.61151123046875,-477.27386474609375,-433.677734375,-523.6665649414062,-468.31585693359375,-358.06787109375,-391.44677734375,-411.5045166015625,-430.44940185546875,-398.71441650390625,-457.96551513671875,-374.9678955078125,-385.7130126953125,-359.96142578125,-288.48797607421875,-322.29327392578125,-297.7108154296875,-233.5799560546875,-279.19158935546875,-180.0963134765625,-122.25323486328125,-75.406005859375,-222.22442626953125,-233.511962890625,-126.82049560546875,-242.7398681640625,-193.90618896484375,-211.12518310546875,-183.31854248046875,-67.2711181640625,-220.05487060546875
"S175",82.60833740234375,153.26730346679688,115.0390625,77.93325805664062,160.364501953125,168.46383666992188,174.30117797851562,227.32644653320312,258.83087158203125,268.7642364501953,233.22518920898438,252.3958740234375,250.21803283691406,239.14364624023438,222.41973876953125,253.55038452148438,251.39404296875,272.1657409667969,253.58596801757812,248.3895263671875,276.5704650878906,278.56480407714844,278.8036651611328,294.83612060546875,290.9141082763672,260.3414306640625,238.99771118164062,262.2257080078125,303.4515380859375,302.400390625,246.5948028564453,273.7593994140625,302.82347106933594,296.7181091308594,296.2423095703125,282.93792724609375,258.4642791748047,278.4213562011719,275.7292785644531,236.48907470703125,230.98056030273438,217.5384521484375,204.78677368164062,158.85171508789062,103.6234130859375,84.55157470703125,97.67819213867188,127.12570190429688,47.704345703125,-107.3560791015625,-145.4580078125,-206.207763671875,-235.22674560546875,-279.94000244140625,-294.230712890625,-306.51129150390625,-375.6219482421875,-252.87103271484375,-173.45196533203125,-259.98480224609375,-165.8009033203125,-208.2789306640625,-159.1304931640625,-259.17169189453125,-367.2587890625,-207.92474365234375,-284.33203125,-187.4149169921875,-324.02459716796875,-206.7313232421875,-209.97247314453125,-250.41705322265625,-291.0316162109375,-387.82879638671875,-343.63763427734375,-381.56243896484375,-314.6014404296875,-295.21160888671875,-276.28936767578125,-493.225830078125,-730.2174072265625,-341.56414794921875,-288.85821533203125,-288.70025634765625,-461.697265625,-388.56622314453125,-246.35211181640625,-305.85687255859375,-260.73675537109375,-266.62213134765625,-272.7330322265625,-591.32177734375,-339.7158203125,-468.01898193359375,-369.44757080078125,-409.932861328125,-359.43988037109375,-502.32220458984375,-516.2879638671875,-558.8958740234375,-266.0635986328125,-313.1368408203125,-370.72772216796875,-298.53045654296875,-333.05755615234375,-379.3895263671875,-319.445068359375,-462.2716064453125,-576.9376220703125,-319.48065185546875,-427.61151123046875,-477.27386474609375,-390.6077880859375,-456.06671142578125,-408.07501220703125,-358.06787109375,-376.70831298828125,-411.5045166015625,-418.84600830078125,-398.71441650390625,-233.5946044921875,-229.97674560546875,-190.3067626953125,-244.5374755859375,-271.359619140625,-204.77606201171875,-77.13043212890625,-133.323486328125,-99.4974365234375,0.675323486328125,-114.5972900390625,-78.2486572265625,-108.06658935546875,-153.1029052734375,-61.21612548828125,-102.34539794921875,-87.225830078125,1.7640380859375,3.558837890625,-63.70538330078125,-60.9443359375
"S176",205.7001953125,205.16763305664062,256.69146728515625,232.74398803710938,185.394775390625,237.28012084960938,254.74520874023438,227.93399047851562,258.83087158203125,268.7642364501953,278.54652404785156,265.00315856933594,295.47364807128906,305.114990234375,330.5922393798828,292.0789794921875,251.39404296875,305.91419982910156,305.88470458984375,305.8430938720703,311.6607666015625,307.76966857910156,306.0120391845703,307.69769287109375,321.7365417480469,307.6278533935547,302.2066650390625,324.2421569824219,330.5843200683594,314.14479064941406,322.2186584472656,297.3487091064453,307.14503479003906,323.8793182373047,311.68748474121094,307.7338562011719,303.4687194824219,302.47222900390625,302.9375915527344,285.1569519042969,283.2350616455078,270.06773376464844,272.02880859375,255.0376739501953,193.09478759765625,173.9544677734375,127.25820922851562,127.12570190429688,51.983856201171875,-23.250732421875,-96.73956298828125,-82.89300537109375,-235.22674560546875,-279.94000244140625,-342.1346435546875,-360.43353271484375,-375.6219482421875,-403.9559326171875,-392.38043212890625,-409.95843505859375,-376.01812744140625,-378.0330810546875,-360.80419921875,-556.43994140625,-557.8521728515625,-474.7686767578125,-542.232666015625,-418.41943359375,-533.1258544921875,-419.58758544921875,-483.5472412109375,-533.9952392578125,-573.833740234375,-721.6160888671875,-545.2020263671875,-728.125,-703.500732421875,-640.54541015625,-624.320556640625,-675.2938232421875,-730.2174072265625,-591.2806396484375,-674.42626953125,-629.0206298828125,-803.0826416015625,-621.7808837890625,-498.97186279296875,-493.9075927734375,-418.30755615234375,-405.9691162109375,-645.4140625,-591.32177734375,-491.626953125,-572.658447265625,-577.3494873046875,-512.4776611328125,-529.974609375,-578.8504638671875,-584.0504150390625,-558.8958740234375,-411.28839111328125,-430.19940185546875,-579.409912109375,-511.92120361328125,-505.48114013671875,-450.694580078125,-413.42266845703125,-468.62890625,-588.6942138671875,-530.97119140625,-509.0340576171875,-558.873046875,-390.6077880859375,-380.79852294921875,-408.07501220703125,-327.96514892578125,-296.13116455078125,-348.120361328125,-415.4117431640625,-167.9752197265625,-172.8857421875,-229.97674560546875,-139.142822265625,-104.71319580078125,-70.6904296875,-10.26959228515625,-38.63018798828125,-19.837890625,37.97509765625,48.891693115234375,23.512237548828125,-78.2486572265625,54.272796630859375,-6.9832763671875,75.1666259765625,60.50830078125,96.75399780273438,56.381683349609375,116.42819213867188,95.77496337890625,133.91085815429688
"S177",243.85043334960938,247.4326171875,279.3192443847656,265.7066192626953,261.02281188964844,257.5099639892578,278.5436248779297,270.45635986328125,291.0196990966797,292.84100341796875,306.70257568359375,312.3409423828125,295.47364807128906,315.5425720214844,332.99041748046875,294.4544372558594,316.69810485839844,313.74351501464844,305.88470458984375,305.8430938720703,311.6607666015625,307.76966857910156,310.1935272216797,316.47178649902344,321.7365417480469,307.6278533935547,305.9899139404297,324.2421569824219,330.5843200683594,318.6766357421875,322.2186584472656,297.3487091064453,307.14503479003906,323.8793182373047,311.68748474121094,307.7338562011719,312.54673767089844,302.70338439941406,310.90032958984375,286.4595947265625,283.2350616455078,270.06773376464844,272.02880859375,258.9691467285156,215.1123046875,173.9544677734375,127.25820922851562,127.12570190429688,51.983856201171875,-23.250732421875,-96.73956298828125,-82.89300537109375,-247.617919921875,-279.94000244140625,-373.0599365234375,-360.43353271484375,-375.6219482421875,-403.9559326171875,-392.38043212890625,-409.95843505859375,-534.4249267578125,-545.14013671875,-509.64617919921875,-738.8829345703125,-574.3291015625,-575.3226318359375,-753.543212890625,-655.3360595703125,-649.6739501953125,-788.7650146484375,-791.259521484375,-651.6328125,-696.9849853515625,-738.3704833984375,-809.775146484375,-766.6749267578125,-734.8631591796875,-774.64404296875,-877.705322265625,-826.4163818359375,-943.39306640625,-882.685791015625,-931.773193359375,-745.563232421875,-839.3848876953125,-839.8150634765625,-629.9288330078125,-673.3699951171875,-677.964111328125,-670.7135009765625,-715.449462890625,-591.32177734375,-630.395751953125,-678.2711181640625,-719.2606201171875,-604.5921630859375,-581.0986328125,-613.114013671875,-619.422607421875,-558.8958740234375,-657.70751953125,-549.3375244140625,-710.8011474609375,-680.9686279296875,-631.595703125,-610.1986083984375,-595.346435546875,-611.703125,-646.984130859375,-530.97119140625,-550.639892578125,-558.873046875,-390.6077880859375,-380.79852294921875,-408.07501220703125,-327.96514892578125,-296.13116455078125,-233.75299072265625,-221.01611328125,-167.9752197265625,-172.8857421875,-229.97674560546875,-139.142822265625,-104.71319580078125,-49.97119140625,-10.26959228515625,-38.63018798828125,-19.837890625,37.97509765625,48.891693115234375,38.331878662109375,-78.2486572265625,109.72323608398438,58.291229248046875,99.36285400390625,99.34124755859375,96.75399780273438,56.381683349609375,150.02667236328125,188.2431640625,133.91085815429688
"S178",243.85043334960938,247.4326171875,279.3192443847656,265.7066192626953,261.02281188964844,257.5099639892578,278.5436248779297,270.45635986328125,291.0196990966797,292.84100341796875,306.70257568359375,312.3409423828125,295.47364807128906,315.5425720214844,332.99041748046875,294.4544372558594,316.69810485839844,313.74351501464844,305.88470458984375,305.8430938720703,311.6607666015625,307.76966857910156,310.1935272216797,316.47178649902344,321.7365417480469,307.6278533935547,305.9899139404297,324.2421569824219,330.5843200683594,318.6766357421875,322.2186584472656,312.9075164794922,304.77308654785156,323.8793182373047,311.68748474121094,307.7338562011719,312.54673767089844,303.8817443847656,310.90032958984375,286.4595947265625,283.2350616455078,270.06773376464844,272.02880859375,258.9691467285156,215.1123046875,173.9544677734375,127.25820922851562,45.24163818359375,51.983856201171875,-23.250732421875,-96.73956298828125,-82.89300537109375,-247.617919921875,-449.83740234375,-485.07122802734375,-455.7823486328125,-476.40753173828125,-592.7486572265625,-545.300048828125,-639.2884521484375,-648.22021484375,-766.2740478515625,-700.481689453125,-816.4674072265625,-815.4957275390625,-798.08447265625,-862.736083984375,-759.565185546875,-895.8052978515625,-788.7650146484375,-855.1260986328125,-791.721435546875,-871.670166015625,-918.1910400390625,-899.441162109375,-941.9755859375,-998.59130859375,-939.5987548828125,-968.3658447265625,-996.3018798828125,-943.39306640625,-891.57958984375,-931.773193359375,-745.563232421875,-870.4803466796875,-855.7982177734375,-865.970703125,-942.4560546875,-887.746337890625,-833.29345703125,-864.4822998046875,-870.22314453125,-865.181884765625,-843.2874755859375,-762.4249267578125,-834.853515625,-847.928466796875,-881.828857421875,-967.7115478515625,-973.784912109375,-810.0750732421875,-803.692626953125,-769.34912109375,-838.11474609375,-761.436767578125,-812.3536376953125,-780.1898193359375,-680.01220703125,-779.4937744140625,-704.4970703125,-636.2821044921875,-558.873046875,-419.40576171875,-380.79852294921875,-453.8353271484375,-327.96514892578125,-296.13116455078125,-233.75299072265625,-221.01611328125,-167.9752197265625,-172.8857421875,-272.020751953125,-139.142822265625,-104.71319580078125,-49.97119140625,-10.26959228515625,-38.63018798828125,-19.837890625,37.97509765625,48.891693115234375,38.331878662109375,-94.8392333984375,109.72323608398438,58.291229248046875,99.36285400390625,99.34124755859375,96.75399780273438,56.381683349609375,150.02667236328125,188.2431640625,133.91085815429688
"S179",313.46339416503906,288.39776611328125,316.08473205566406,312.39947509765625,342.5081787109375,355.7039337158203,292.7707824707031,278.1443786621094,291.0196990966797,304.3095397949219,312.01922607421875,368.6484069824219,372.6504898071289,377.0468215942383,362.49842834472656,369.95916748046875,380.89256286621094,383.26646423339844,366.8025360107422,373.5578918457031,378.1685791015625,362.3865509033203,385.1718978881836,372.0938949584961,341.07044982910156,351.0676727294922,357.88124084472656,376.59903717041016,389.5476608276367,387.09012603759766,363.9181365966797,383.56090545654297,379.7494201660156,368.6761779785156,382.58907318115234,346.87022399902344,348.10581970214844,384.6437759399414,364.2224578857422,339.8606414794922,342.3041687011719,259.4114532470703,263.83807373046875,260.10923767089844,215.1123046875,184.08172607421875,142.78732299804688,18.7945556640625,12.20111083984375,-57.3155517578125,-107.907958984375,-182.5528564453125,-308.50421142578125,-421.73211669921875,-512.7050170898438,-522.5899658203125,-597.98095703125,-586.6304931640625,-657.253173828125,-709.920166015625,-779.75439453125,-883.44384765625,-828.306396484375,-924.54052734375,-910.712890625,-936.2674560546875,-1023.92138671875,-887.784912109375,-953.7403564453125,-972.4061279296875,-1038.2406005859375,-976.8575439453125,-1007.5029296875,-1044.9171142578125,-1161.7957763671875,-1116.998291015625,-962.429931640625,-1027.3990478515625,-1012.5821533203125,-881.843017578125,-862.6229248046875,-831.2882080078125,-818.230712890625,-846.0028076171875,-891.109130859375,-916.6243896484375,-908.4775390625,-831.0084228515625,-798.31494140625,-819.5362548828125,-831.2841796875,-786.1322021484375,-778.4403076171875,-781.606201171875,-711.53564453125,-710.416259765625,-791.9757080078125,-739.8482666015625,-706.430908203125,-963.293212890625,-663.99462890625,-591.3095703125,-587.697265625,-788.8131103515625,-558.931884765625,-580.9532470703125,-480.51666259765625,-462.144287109375,-639.8345947265625,-453.2835693359375,-379.65191650390625,-303.78680419921875,-217.49578857421875,-102.1397705078125,-132.5032958984375,-68.8546142578125,-125.2490234375,-149.106689453125,-14.81292724609375,-33.6090087890625,24.864837646484375,40.060394287109375,15.811126708984375,57.108154296875,46.25006103515625,114.68887329101562,102.13504028320312,9.467620849609375,121.88803100585938,157.11431884765625,142.44534301757812,180.81344604492188,200.95419311523438,202.8809814453125,220.69833374023438,195.43099975585938,168.38687133789062,155.31582641601562,150.8524169921875,192.614990234375,223.03152465820312
"S180",414.5051956176758,416.1852035522461,417.7917938232422,419.3003845214844,420.6577835083008,421.9623107910156,423.0739974975586,424.12425231933594,424.984375,425.7277374267578,426.39879608154297,426.96795654296875,427.4753112792969,427.88338470458984,428.09529876708984,428.2591781616211,428.3683776855469,428.3951721191406,428.37184143066406,428.27630615234375,428.1704864501953,427.98511505126953,427.7738037109375,427.4831314086914,427.1522979736328,426.7032699584961,426.19481658935547,425.6093978881836,424.8981475830078,424.08541107177734,423.1190643310547,422.0341262817383,420.8248062133789,419.4781036376953,417.9505844116211,416.2748794555664,414.4228210449219,412.4228515625,410.2705307006836,407.9987258911133,405.5325927734375,402.9473571777344,400.2704391479492,390.6470184326172,371.1194152832031,362.81768798828125,342.7619323730469,309.0501251220703,244.8253173828125,222.61984252929688,220.22491455078125,217.63946533203125,165.820556640625,121.799560546875,106.14395141601562,100.52297973632812,78.02255249023438,141.5384521484375,117.86483764648438,22.35546875,80.6348876953125,20.25445556640625,35.370941162109375,25.72808837890625,19.80316162109375,-19.61468505859375,-38.0166015625,-24.21368408203125,0.96282958984375,0.175537109375,-8.911224365234375,49.17724609375,37.87640380859375,53.147918701171875,29.96484375,70.23410034179688,66.77072143554688,-24.74774169921875,14.405303955078125,67.77517700195312,7.41033935546875,93.07257080078125,21.773529052734375,34.36309814453125,31.033660888671875,69.71334838867188,85.94732666015625,95.470458984375,122.13211059570312,47.18646240234375,48.193084716796875,117.16030883789062,149.5447998046875,108.891357421875,180.88873291015625,147.72003173828125,146.04226684570312,115.94107055664062,120.91082763671875,156.361572265625,197.94842529296875,177.96206665039062,139.84988403320312,135.902587890625,125.328125,220.60995483398438,209.3740234375,199.97518920898438,207.9329833984375,223.70040893554688,245.37664794921875,250.8314971923828,256.4342041015625,262.1513366699219,267.8535614013672,273.8661346435547,249.1309814453125,285.9507293701172,292.0712890625,298.2833557128906,304.5641326904297,310.8826904296875,305.33363342285156,323.3257751464844,326.1337432861328,335.2567443847656,341.1101531982422,346.6389465332031,351.98211669921875,357.18707275390625,362.0207214355469,366.7398223876953,371.2320556640625,375.46974182128906,379.46673583984375,383.2885055541992,386.95030212402344,390.3487548828125,393.51551818847656,396.49009704589844,399.3849334716797
"S181",366.85333251953125,369.4806213378906,371.95989990234375,374.2940444946289,376.4204635620117,378.4387664794922,380.16212463378906,381.7913513183594,383.12952423095703,384.29569244384766,385.3250274658203,386.21478271484375,386.98413848876953,387.6073455810547,387.95829010009766,388.20555114746094,388.3745346069336,388.41146087646484,388.38104248046875,388.20179748535156,388.04894256591797,387.7609558105469,387.4327087402344,386.96817779541016,386.44740295410156,385.74759674072266,384.9678421020508,384.0498962402344,382.94049072265625,381.6701126098633,380.1573715209961,378.4751739501953,376.58373260498047,374.4689025878906,372.0850143432617,369.4654998779297,366.57923889160156,363.46482849121094,360.11273193359375,356.5617980957031,352.7038269042969,348.66481018066406,344.4613800048828,340.0804901123047,335.43040466308594,330.6396179199219,325.7881774902344,320.7507019042969,315.81268310546875,306.8462219238281,292.69122314453125,299.701171875,245.2228546142578,211.28701782226562,191.39508056640625,171.66598510742188,116.04306030273438,145.2489013671875,135.17874145507812,106.54119873046875,80.6348876953125,34.884307861328125,68.48751831054688,25.72808837890625,35.570526123046875,65.34994506835938,-24.29193115234375,14.71600341796875,41.168182373046875,17.324920654296875,13.8482666015625,50.10137939453125,55.678863525390625,56.334014892578125,57.59576416015625,80.7998046875,91.55404663085938,92.75534057617188,85.137939453125,77.7529296875,70.72525024414062,63.980865478515625,57.45849609375,51.373046875,46.067230224609375,41.143280029296875,36.39599609375,32.217376708984375,28.432098388671875,25.302337646484375,22.5428466796875,20.570098876953125,19.2147216796875,18.46832275390625,18.367401123046875,18.95098876953125,20.440277099609375,22.379302978515625,25.3216552734375,28.96875,33.11761474609375,37.759368896484375,43.1373291015625,49.071044921875,55.610198974609375,62.41021728515625,69.38107299804688,76.70419311523438,84.25289916992188,92.256103515625,100.64013671875,109.17160034179688,117.88064575195312,126.88436889648438,135.7430419921875,145.16470336914062,154.5718994140625,164.05560302734375,173.6396484375,183.35757446289062,193.20718383789062,203.04840087890625,212.94711303710938,222.55599975585938,231.83230590820312,241.25955200195312,250.44393920898438,259.0928649902344,267.4804382324219,275.67864990234375,283.2044372558594,290.6249237060547,297.67176818847656,304.31053161621094,310.5907745361328,316.6122741699219,322.3455352783203,327.6930389404297,332.6593017578125,337.3410339355469,341.86663818359375
"S182",411.2903518676758,413.1331481933594,414.91190338134766,416.60547637939453,418.1612243652344,419.671142578125,420.98795318603516,422.24678802490234,423.31514739990234,424.26367950439453,425.1284713745117,425.8885498046875,426.57215118408203,427.14884185791016,427.5205612182617,427.8270721435547,428.0696105957031,428.2190246582031,428.31285858154297,428.32173919677734,428.3250274658203,428.2474899291992,428.1469268798828,427.92908477783203,427.6639862060547,427.28773498535156,426.85912322998047,426.36248779296875,425.74932861328125,425.04354095458984,424.1922378540039,423.2304153442383,422.1534194946289,420.9464874267578,419.56551361083984,418.0405731201172,416.3419418334961,414.49688720703125,412.50040435791016,410.3814239501953,408.0655517578125,405.6240539550781,403.08375549316406,400.3904266357422,397.5469665527344,394.61954498291016,390.45381927490234,374.5171585083008,348.8911590576172,306.8462219238281,292.69122314453125,312.7821502685547,245.2228546142578,211.28701782226562,196.28195190429688,193.83917236328125,154.3028564453125,145.2489013671875,179.09783935546875,137.65353393554688,130.2442626953125,133.095458984375,143.25958251953125,117.3895263671875,138.47769165039062,117.25204467773438,107.64971923828125,124.32284545898438,167.75390625,95.90768432617188,73.4739990234375,102.30426025390625,81.87698364257812,83.4384765625,121.1416015625,153.07745361328125,154.34683227539062,147.28823852539062,134.14926147460938,136.6839599609375,139.95730590820312,203.72109985351562,158.79446411132812,163.16110229492188,178.66897583007812,207.39877319335938,183.45925903320312,184.881591796875,202.05718994140625,183.5771484375,197.73797607421875,196.11578369140625,194.87130737304688,194.01809692382812,193.59524536132812,168.78070068359375,193.26458740234375,193.56417846679688,194.72726440429688,196.27615356445312,198.1585693359375,200.3900146484375,201.60272216796875,206.31103515625,209.94296264648438,213.78060913085938,217.81210327148438,222.0806884765625,226.51419067382812,231.28378295898438,236.3529052734375,241.51040649414062,246.82591247558594,252.29832458496094,257.73365783691406,263.52076721191406,269.3297882080078,275.21441650390625,281.18690490722656,287.2956848144531,293.5232696533203,299.83802795410156,306.21876525878906,312.46852111816406,318.53721618652344,324.7916717529297,330.93336486816406,336.78297424316406,342.4940948486328,348.11146545410156,353.34568786621094,358.5000915527344,363.43011474609375,368.1004943847656,372.5216751098633,376.7487106323242,380.7946319580078,384.5560302734375,388.0517883300781,391.3251724243164,394.4878692626953
"S183",411.2903518676758,413.1331481933594,414.91190338134766,416.60547637939453,418.1612243652344,419.671142578125,420.98795318603516,422.24678802490234,423.31514739990234,424.26367950439453,425.1284713745117,425.8885498046875,426.57215118408203,427.14884185791016,427.5205612182617,427.8270721435547,428.0696105957031,428.2190246582031,428.31285858154297,428.32173919677734,428.3250274658203,428.2474899291992,428.1469268798828,427.92908477783203,427.6639862060547,427.28773498535156,426.85912322998047,426.36248779296875,425.74932861328125,425.04354095458984,424.1922378540039,423.2304153442383,422.1534194946289,420.9464874267578,419.56551361083984,418.0405731201172,416.3419418334961,414.49688720703125,412.50040435791016,410.3814239501953,408.0655517578125,405.6240539550781,403.08375549316406,400.3904266357422,397.5469665527344,394.61954498291016,391.61749267578125,388.4918670654297,385.41358947753906,376.37306213378906,378.8219757080078,354.7727966308594,334.9252166748047,355.4446563720703,342.1031036376953,333.59375,324.2301940917969,287.64137268066406,315.24664306640625,309.54808044433594,289.9381408691406,294.8388977050781,276.78599548339844,310.14906311035156,280.60711669921875,294.44622802734375,284.08961486816406,286.49427795410156,296.51837158203125,290.7183074951172,241.86581420898438,278.7183837890625,226.7979736328125,267.1117706298828,261.60704040527344,256.0559844970703,250.58407592773438,245.298583984375,240.2752685546875,235.38314819335938,230.68783569335938,226.24362182617188,221.95297241210938,217.82440185546875,214.23983764648438,210.8692626953125,207.56594848632812,204.70858764648438,202.05718994140625,199.80838012695312,197.73797607421875,196.11578369140625,194.87130737304688,194.01809692382812,193.59524536132812,193.20211791992188,193.26458740234375,193.6680908203125,194.72726440429688,196.27615356445312,198.1585693359375,200.3900146484375,203.16619873046875,206.31103515625,209.94296264648438,213.78060913085938,217.81210327148438,222.0806884765625,226.51419067382812,231.28378295898438,236.3529052734375,241.51040649414062,246.82591247558594,252.29832458496094,257.73365783691406,263.52076721191406,269.3297882080078,275.21441650390625,281.18690490722656,287.2956848144531,293.5232696533203,299.83802795410156,306.21876525878906,312.46852111816406,318.53721618652344,324.7916717529297,330.93336486816406,336.78297424316406,342.4940948486328,348.11146545410156,353.34568786621094,358.5000915527344,363.43011474609375,368.1004943847656,372.5216751098633,376.7487106323242,380.7946319580078,384.5560302734375,388.0517883300781,391.3251724243164,394.4878692626953
"S184",411.2903518676758,413.1331481933594,414.91190338134766,416.60547637939453,418.1612243652344,419.671142578125,420.98795318603516,422.24678802490234,423.31514739990234,424.26367950439453,425.1284713745117,425.8885498046875,426.57215118408203,427.14884185791016,427.5205612182617,427.8270721435547,428.0696105957031,428.2190246582031,428.31285858154297,428.32173919677734,428.3250274658203,428.2474899291992,428.1469268798828,427.92908477783203,427.6639862060547,427.28773498535156,426.85912322998047,426.36248779296875,425.74932861328125,425.04354095458984,424.1922378540039,423.2304153442383,422.1534194946289,420.9464874267578,419.56551361083984,418.0405731201172,416.3419418334961,414.49688720703125,412.50040435791016,410.3814239501953,408.0655517578125,405.6240539550781,403.08375549316406,400.3904266357422,397.5469665527344,394.61954498291016,391.61749267578125,388.4918670654297,385.41358947753906,376.37306213378906,378.8219757080078,354.7727966308594,334.9252166748047,355.4446563720703,342.1031036376953,333.59375,324.2301940917969,287.64137268066406,315.24664306640625,309.54808044433594,289.9381408691406,294.8388977050781,276.78599548339844,310.14906311035156,280.60711669921875,294.44622802734375,284.08961486816406,286.49427795410156,296.51837158203125,290.7183074951172,245.75404357910156,278.7183837890625,237.00250244140625,267.1117706298828,261.60704040527344,256.0559844970703,250.58407592773438,245.298583984375,240.2752685546875,235.38314819335938,230.68783569335938,226.24362182617188,221.95297241210938,217.82440185546875,214.23983764648438,210.8692626953125,207.56594848632812,204.70858764648438,202.05718994140625,199.80838012695312,197.73797607421875,196.11578369140625,194.87130737304688,194.01809692382812,193.59524536132812,193.20211791992188,193.26458740234375,193.6680908203125,194.72726440429688,196.27615356445312,198.1585693359375,200.3900146484375,203.16619873046875,206.31103515625,209.94296264648438,213.78060913085938,217.81210327148438,222.0806884765625,226.51419067382812,231.28378295898438,236.3529052734375,241.51040649414062,246.82591247558594,252.29832458496094,257.73365783691406,263.52076721191406,269.3297882080078,275.21441650390625,281.18690490722656,287.2956848144531,293.5232696533203,299.83802795410156,306.21876525878906,312.46852111816406,318.53721618652344,324.7916717529297,330.93336486816406,336.78297424316406,342.4940948486328,348.11146545410156,353.34568786621094,358.5000915527344,363.43011474609375,368.1004943847656,372.5216751098633,376.7487106323242,380.7946319580078,384.5560302734375,388.0517883300781,391.3251724243164,394.4878692626953
"S185",328.08607482910156,331.66429138183594,335.08123779296875,338.33990478515625,341.3608856201172,344.26438903808594,346.80357360839844,349.22923278808594,351.2879943847656,353.1286163330078,354.78387451171875,356.25123596191406,357.5488739013672,358.6486053466797,359.3822326660156,359.962646484375,360.42515563964844,360.70184326171875,360.88201904296875,360.8654327392578,360.8777618408203,360.72206115722656,360.5212097167969,360.16497802734375,359.7566833496094,359.1521759033203,358.47471618652344,357.6536102294922,356.630615234375,355.4387512207031,353.97581481933594,352.33641052246094,350.4675750732422,348.34800720214844,345.9241027832031,343.2213592529297,340.20106506347656,336.9035949707031,333.3143615722656,329.46385192871094,325.2209167480469,320.727294921875,315.99623107910156,311.0205841064453,305.6695251464844,300.09478759765625,294.40782165527344,288.45896911621094,282.59324645996094,276.3805236816406,269.9532165527344,263.4322052001953,256.62132263183594,249.58917236328125,242.51174926757812,235.31280517578125,227.60678100585938,219.47677612304688,210.97271728515625,202.57730102539062,194.41082763671875,185.5142822265625,176.2034912109375,166.4339599609375,156.56344604492188,146.18789672851562,135.489501953125,124.487060546875,113.13845825195312,101.80596923828125,90.18789672851562,78.40133666992188,66.748046875,55.508575439453125,44.44158935546875,33.34637451171875,22.37548828125,11.668060302734375,1.477569580078125,-8.437225341796875,-17.93414306640625,-27.11004638671875,-36.031982421875,-44.4285888671875,-51.93353271484375,-58.98687744140625,-65.85125732421875,-72.09783935546875,-77.92425537109375,-83.01861572265625,-87.744873046875,-91.60296630859375,-94.77069091796875,-97.27349853515625,-99.03619384765625,-100.00213623046875,-99.87237548828125,-99.1806640625,-97.21112060546875,-94.30743408203125,-90.69061279296875,-86.37615966796875,-81.04901123046875,-74.903564453125,-67.86981201171875,-60.4102783203125,-52.64306640625,-44.34906005859375,-35.7254638671875,-26.43133544921875,-16.59649658203125,-6.5445556640625,3.76434326171875,14.49761962890625,25.041534423828125,36.34716796875,47.676055908203125,59.15264892578125,70.8162841796875,82.74301147460938,94.934326171875,107.21868896484375,119.70700073242188,131.9326171875,143.8275146484375,156.04962158203125,168.0836181640625,179.52163696289062,190.71826171875,201.75448608398438,211.9566650390625,222.07769775390625,231.738037109375,240.87811279296875,249.55645751953125,257.8750457763672,265.79466247558594,273.1787109375,280.0286560058594,286.4590759277344,292.6421661376953
"S186",370.15000915527344,372.8412857055664,375.44071197509766,377.91344451904297,380.18164825439453,382.3838348388672,384.3072967529297,386.1427001953125,387.69544982910156,389.07591247558594,390.3386001586914,391.4408187866211,392.43729400634766,393.2769241333008,393.8096923828125,394.25315856933594,394.6011962890625,394.8115997314453,394.93981170654297,394.9529037475586,394.9495162963867,394.8291244506836,394.67430114746094,394.41363525390625,394.1081848144531,393.650146484375,393.12445068359375,392.5074462890625,391.7344665527344,390.83575439453125,389.73560333251953,388.4882583618164,387.0808639526367,385.49304962158203,383.66426849365234,381.6277084350586,379.3453369140625,376.85133361816406,374.1369323730469,371.23655700683594,368.04331970214844,364.65574645996094,361.10777282714844,357.3336486816406,353.31414794921875,349.1492004394531,344.8651428222656,340.3843231201172,335.9575500488281,331.2974548339844,326.45947265625,320.88006591796875,316.4639892578125,311.1529083251953,305.85279846191406,280.6355285644531,294.62586975097656,288.52650451660156,282.1096954345703,275.8061065673828,269.68365478515625,263.0037536621094,255.9909210205078,248.670166015625,241.19842529296875,233.41326904296875,225.36184692382812,217.10089111328125,208.53231811523438,200.03851318359375,191.24200439453125,182.3795166015625,173.60800170898438,165.10687255859375,156.82958984375,148.46237182617188,140.19287109375,132.16510009765625,124.49618530273438,117.01693725585938,109.8201904296875,102.96066284179688,96.32061767578125,89.93685913085938,84.30294799804688,78.9873046875,73.76675415039062,69.14712524414062,64.81292724609375,61.040740966796875,57.503082275390625,54.582977294921875,52.189300537109375,50.327362060546875,49.068267822265625,48.404144287109375,48.43707275390625,49.006561279296875,50.529052734375,52.7852783203125,55.523040771484375,58.774505615234375,62.849639892578125,67.42922973632812,72.75143432617188,78.37188720703125,84.28607177734375,90.54434204101562,97.04147338867188,104.02975463867188,111.47491455078125,119.04721069335938,126.86416625976562,134.89373779296875,142.8961181640625,151.399169921875,159.93856811523438,168.596435546875,177.37619018554688,186.36483764648438,195.53244018554688,204.83114624023438,214.22052001953125,223.4189453125,232.33914184570312,241.56045532226562,250.60633850097656,259.2301483154297,267.64366149902344,275.9087829589844,283.6350402832031,291.2291717529297,298.4927673339844,305.3726348876953,311.8895263671875,318.1220397949219,324.0877990722656,329.6231994628906,334.7751922607422,339.59559631347656,344.25950622558594
"S187",386.24755859375,388.53636169433594,390.76087188720703,392.85713958740234,392.1112365722656,396.57833099365234,398.1644821166992,399.66649627685547,400.9095001220703,401.99497985839844,403.00140380859375,403.84899139404297,404.6313018798828,405.27235412597656,405.61822509765625,405.91880798339844,406.13509368896484,406.23763275146484,406.26343536376953,406.2251663208008,406.1371154785156,405.95458221435547,405.74010467529297,405.43888092041016,405.0876693725586,404.5878601074219,404.0044250488281,403.3491668701172,402.54012298583984,401.6087646484375,400.4913024902344,399.216064453125,397.799560546875,396.22264862060547,394.40846252441406,392.4032974243164,390.16876220703125,387.7391586303711,385.1099090576172,382.3309097290039,379.2961196899414,376.08875274658203,372.7693099975586,369.21241760253906,365.4862518310547,361.6731872558594,333.9104461669922,353.6212615966797,349.56817626953125,340.75547790527344,340.92437744140625,322.79161071777344,331.8426818847656,326.9622039794922,322.1342315673828,280.6355285644531,311.79254150390625,306.1750946044922,300.2192687988281,294.4001770019531,288.7645568847656,282.5960998535156,276.1083984375,269.3898620605469,262.4716796875,255.35948181152344,248.00921630859375,240.52053833007812,232.7327880859375,225.12521362304688,217.18170166015625,209.28689575195312,201.50717163085938,193.96612548828125,186.75704956054688,179.4189453125,172.1920166015625,165.248291015625,158.62203979492188,152.15191650390625,145.90835571289062,140.0699462890625,134.46890258789062,128.95797729492188,124.21426391601562,119.7459716796875,115.31686401367188,111.59075927734375,108.10952758789062,105.17098999023438,102.42575073242188,100.2276611328125,98.53683471679688,97.38287353515625,96.84103393554688,96.846923828125,97.3629150390625,98.478515625,100.426513671875,103.04855346679688,106.02120971679688,109.41690063476562,113.583251953125,118.0421142578125,123.19686889648438,128.56088256835938,134.20916748046875,140.08660888671875,146.14828491210938,152.59872436523438,159.48382568359375,166.4376220703125,173.6456298828125,180.92578125,188.29376220703125,196.02163696289062,203.78652954101562,211.6513671875,219.58651733398438,227.69195556640625,235.91207885742188,244.2667236328125,252.60499572753906,260.74609375,268.5794982910156,276.696044921875,284.5833740234375,292.0926971435547,299.3571014404297,306.43321228027344,313.1087646484375,319.5823211669922,325.76905822753906,331.61985778808594,337.13926696777344,342.4058532714844,347.4731140136719,352.14447021484375,356.5120086669922,353.2240447998047,364.5745391845703
"S188",386.24755859375,388.53636169433594,390.76087188720703,392.85713958740234,392.1112365722656,396.57833099365234,398.1644821166992,399.66649627685547,400.9095001220703,401.99497985839844,403.00140380859375,403.84899139404297,404.6313018798828,405.27235412597656,405.61822509765625,405.91880798339844,406.13509368896484,406.23763275146484,406.26343536376953,406.2251663208008,406.1371154785156,405.95458221435547,405.74010467529297,405.43888092041016,405.0876693725586,404.5878601074219,404.0044250488281,403.3491668701172,402.54012298583984,401.6087646484375,400.4913024902344,399.216064453125,397.799560546875,396.22264862060547,394.40846252441406,392.4032974243164,390.16876220703125,387.7391586303711,385.1099090576172,382.3309097290039,379.2961196899414,376.08875274658203,372.7693099975586,369.21241760253906,365.4862518310547,361.6731872558594,333.9104461669922,353.6212615966797,349.56817626953125,340.75547790527344,340.92437744140625,322.79161071777344,331.8426818847656,326.9622039794922,322.1342315673828,280.6355285644531,311.79254150390625,306.1750946044922,300.2192687988281,294.4001770019531,288.7645568847656,282.5960998535156,276.1083984375,269.3898620605469,262.4716796875,255.35948181152344,248.00921630859375,240.52053833007812,232.7327880859375,225.12521362304688,217.18170166015625,209.28689575195312,201.50717163085938,193.96612548828125,186.75704956054688,179.4189453125,172.1920166015625,165.248291015625,158.62203979492188,152.15191650390625,145.90835571289062,140.0699462890625,134.46890258789062,128.95797729492188,124.21426391601562,119.7459716796875,115.31686401367188,111.59075927734375,108.10952758789062,105.17098999023438,102.42575073242188,100.2276611328125,98.53683471679688,97.38287353515625,96.84103393554688,96.846923828125,97.3629150390625,98.478515625,100.426513671875,103.04855346679688,106.02120971679688,109.41690063476562,113.583251953125,118.0421142578125,123.19686889648438,128.56088256835938,134.20916748046875,140.08660888671875,146.14828491210938,152.59872436523438,159.48382568359375,166.4376220703125,173.6456298828125,180.92578125,188.29376220703125,196.02163696289062,203.78652954101562,211.6513671875,219.58651733398438,227.69195556640625,235.91207885742188,244.2667236328125,252.60499572753906,260.74609375,268.5794982910156,276.696044921875,284.5833740234375,273.4128723144531,299.3571014404297,306.43321228027344,313.1087646484375,319.5823211669922,325.76905822753906,331.61985778808594,337.13926696777344,342.4058532714844,347.36329650878906,352.14447021484375,356.5120086669922,352.9438018798828,364.5745391845703
"S189",273.81117248535156,291.5701599121094,311.6834259033203,288.29554748535156,275.0404510498047,325.6076354980469,319.66200256347656,301.88136291503906,317.95945739746094,347.1658477783203,337.4928436279297,350.29412841796875,352.34613037109375,330.1398620605469,368.3343505859375,353.6834259033203,354.9107360839844,377.0195999145508,354.77525329589844,369.5149230957031,364.92437744140625,366.88352966308594,367.9321594238281,362.2177276611328,352.8861541748047,376.04290771484375,380.2428512573242,362.0841979980469,372.80413818359375,381.88633728027344,366.95619201660156,379.9370880126953,377.0445022583008,375.9908447265625,373.63587951660156,371.0485382080078,363.3625793457031,365.1104278564453,361.7918701171875,358.2893524169922,354.48692321777344,350.49855041503906,346.36822509765625,342.0188903808594,333.4158935546875,303.8550109863281,310.22694396972656,231.52389526367188,266.63099670410156,215.62136840820312,236.32089233398438,155.58538818359375,202.128662109375,241.61114501953125,208.12481689453125,156.22113037109375,122.13510131835938,157.31118774414062,128.30218505859375,177.1241455078125,243.96142578125,236.40475463867188,228.50070190429688,217.7489013671875,211.97796630859375,203.36636352539062,194.54083251953125,185.5653076171875,176.3380126953125,167.30014038085938,158.01165771484375,148.74578857421875,139.67990112304688,130.98904418945312,122.61178588867188,114.19732666015625,105.92471313476562,97.95413208007812,90.42413330078125,83.10464477539062,76.10235595703125,69.47393798828125,63.09979248046875,57.012451171875,51.7664794921875,46.8824462890625,42.119964599609375,38.057098388671875,34.351287841796875,31.30572509765625,28.579864501953125,26.58795166015625,25.215118408203125,24.47247314453125,24.41668701171875,25.03094482421875,26.410858154296875,28.352813720703125,31.270660400390625,34.917877197265625,39.00799560546875,43.5751953125,48.933868408203125,54.72509765625,61.191436767578125,67.89401245117188,74.8221435546875,82.0513916015625,89.493408203125,97.3709716796875,105.67514038085938,114.09317016601562,122.7357177734375,131.5706787109375,140.37301635742188,149.66162109375,158.95382690429688,168.33154296875,177.78866577148438,187.39157104492188,175.0050048828125,202.9261474609375,216.63565063476562,207.74588012695312,228.60202026367188,169.53643798828125,159.72616577148438,211.38821411132812,210.07290649414062,153.08389282226562,195.33383178710938,204.30389404296875,167.9090576171875,208.90109252929688,211.72476196289062,176.82229614257812,160.33624267578125,221.32778930664062,182.09063720703125,204.87576293945312,204.97134399414062
"S190",273.81117248535156,291.5701599121094,311.6834259033203,288.29554748535156,275.0404510498047,325.6076354980469,319.66200256347656,301.88136291503906,317.95945739746094,347.1658477783203,337.4928436279297,350.29412841796875,352.34613037109375,330.1398620605469,368.3343505859375,353.6834259033203,354.9107360839844,377.0195999145508,354.77525329589844,369.5149230957031,364.92437744140625,366.88352966308594,367.9321594238281,362.2177276611328,352.8861541748047,376.04290771484375,380.2428512573242,362.0841979980469,372.80413818359375,381.88633728027344,366.95619201660156,384.8328323364258,377.0445022583008,381.0491638183594,378.7904739379883,376.3093032836914,363.3625793457031,365.12623596191406,367.4299774169922,364.0710144042969,360.4246520996094,356.5997009277344,352.6399230957031,346.9537811279297,333.4158935546875,303.8550109863281,310.22694396972656,231.52389526367188,266.63099670410156,215.62136840820312,236.32089233398438,155.58538818359375,202.128662109375,241.61114501953125,208.12481689453125,156.22113037109375,122.13510131835938,157.31118774414062,128.30218505859375,177.1241455078125,254.4547576904297,239.12521362304688,235.078369140625,217.7489013671875,221.15090942382812,215.534912109375,207.07333374023438,198.46923828125,189.62078857421875,180.95840454101562,172.049560546875,163.16622924804688,154.4742431640625,146.138916015625,138.11141967773438,130.0435791015625,122.11184692382812,114.47293090820312,107.25424194335938,100.23617553710938,93.52008056640625,87.1697998046875,81.06478881835938,75.22488403320312,70.1981201171875,65.51620483398438,60.9478759765625,57.060150146484375,53.512451171875,50.59844970703125,47.988128662109375,46.079498291015625,44.76470947265625,44.05657958984375,44.009857177734375,44.605316162109375,45.926025390625,47.793121337890625,50.59576416015625,54.09954833984375,58.023956298828125,62.404815673828125,67.54843139648438,73.09967041015625,79.3028564453125,85.73101806640625,92.37997436523438,99.31365966796875,106.4508056640625,114.004638671875,121.97067260742188,130.04312133789062,138.33432006835938,146.80245971679688,155.2470703125,164.15298461914062,173.06365966796875,182.0565185546875,191.12442016601562,200.33251953125,175.0050048828125,202.9261474609375,228.37368774414062,207.74588012695312,228.60202026367188,169.53643798828125,159.72616577148438,211.38821411132812,210.07290649414062,153.08389282226562,195.33383178710938,204.30389404296875,167.9090576171875,208.90109252929688,211.72476196289062,176.82229614257812,160.33624267578125,221.32778930664062,182.09063720703125,204.87576293945312,204.97134399414062
"S191",265.04078674316406,291.5701599121094,273.6949920654297,273.9547424316406,246.91192626953125,325.6076354980469,285.5141296386719,301.88136291503906,314.1271667480469,326.5748748779297,337.4928436279297,350.29412841796875,333.6444091796875,330.1398620605469,368.3343505859375,333.1471405029297,351.8841552734375,377.0195999145508,339.0671691894531,369.5149230957031,364.92437744140625,331.82867431640625,353.25244140625,361.4042663574219,348.20948791503906,376.04290771484375,380.2428512573242,355.9870910644531,372.45882415771484,381.88633728027344,357.1044464111328,379.84190368652344,377.0445022583008,360.96144104003906,378.7904739379883,375.7246780395508,355.07081604003906,365.12623596191406,364.1767120361328,359.3692626953125,360.4246520996094,317.8350067138672,320.01873779296875,342.74530029296875,327.65411376953125,281.76470947265625,288.83238220214844,195.04605102539062,206.05960083007812,215.62136840820312,215.84503173828125,155.58538818359375,202.128662109375,221.57183837890625,150.51687622070312,106.465576171875,86.92355346679688,103.41183471679688,128.30218505859375,156.69744873046875,171.27651977539062,165.61187744140625,164.63458251953125,159.250244140625,123.2005615234375,115.26666259765625,131.91482543945312,161.35848999023438,164.5177001953125,153.83328247070312,171.8487548828125,153.43618774414062,154.4742431640625,146.138916015625,138.11141967773438,130.0435791015625,122.11184692382812,114.47293090820312,107.25424194335938,100.23617553710938,93.52008056640625,87.1697998046875,81.06478881835938,75.22488403320312,70.1981201171875,65.51620483398438,60.9478759765625,57.060150146484375,53.512451171875,50.59844970703125,47.988128662109375,46.079498291015625,44.76470947265625,44.05657958984375,44.009857177734375,44.605316162109375,45.926025390625,47.793121337890625,50.59576416015625,54.09954833984375,58.023956298828125,62.404815673828125,67.54843139648438,73.09967041015625,79.3028564453125,85.73101806640625,92.37997436523438,99.31365966796875,106.4508056640625,114.004638671875,121.97067260742188,130.04312133789062,138.33432006835938,146.80245971679688,155.2470703125,164.15298461914062,173.06365966796875,182.0565185546875,191.12442016601562,171.23330688476562,150.53335571289062,193.17529296875,213.67498779296875,207.74588012695312,228.60202026367188,169.53643798828125,159.72616577148438,211.38821411132812,204.88775634765625,127.67074584960938,195.33383178710938,204.30389404296875,167.9090576171875,208.90109252929688,211.72476196289062,176.82229614257812,160.33624267578125,221.32778930664062,182.09063720703125,204.87576293945312,204.97134399414062
"S192",327.6121826171875,304.9147033691406,329.2441101074219,297.0719909667969,297.66810607910156,239.50643920898438,298.883544921875,279.186767578125,265.4212646484375,291.65342712402344,301.9468536376953,344.81199645996094,347.18231201171875,353.4923400878906,329.61285400390625,347.3646240234375,340.82298278808594,344.01470947265625,359.1122131347656,354.07752990722656,328.49951171875,343.8459167480469,359.76641845703125,331.7028503417969,345.133056640625,359.95361328125,366.32940673828125,378.4341735839844,352.3421173095703,355.78680419921875,371.04022216796875,355.45472717285156,359.0633544921875,355.4720153808594,358.780517578125,357.9325714111328,365.53504943847656,349.0509490966797,343.26698303222656,364.0710144042969,318.7907409667969,289.3730163574219,294.3504180908203,285.8495330810547,278.6167755126953,227.0494384765625,186.50942993164062,153.920166015625,141.6568603515625,102.54898071289062,100.35113525390625,74.88375854492188,23.53399658203125,34.329925537109375,72.01947021484375,49.485687255859375,23.241607666015625,26.656524658203125,-1.5736083984375,1.369842529296875,-44.85833740234375,-7.61395263671875,22.8414306640625,-5.067230224609375,-44.984130859375,9.69281005859375,40.915374755859375,-37.16632080078125,-6.962890625,38.4935302734375,-34.13885498046875,-38.61126708984375,-72.40130615234375,-31.5882568359375,-127.2801513671875,-61.5203857421875,-166.63037109375,-115.4310302734375,-44.650634765625,-44.080810546875,-13.41143798828125,-79.036376953125,-48.9046630859375,-107.58843994140625,-20.28363037109375,-11.678497314453125,-31.23272705078125,-112.25909423828125,-46.399658203125,-29.81280517578125,-63.28900146484375,-35.53802490234375,11.363494873046875,-30.05352783203125,8.539459228515625,-11.69317626953125,45.926025390625,42.5191650390625,-0.641143798828125,32.218048095703125,-3.591461181640625,-20.59307861328125,-64.58087158203125,-15.6243896484375,17.10003662109375,0.440277099609375,-19.6175537109375,12.5880126953125,-71.3447265625,-58.26275634765625,-41.37109375,-42.6138916015625,-96.5889892578125,11.555206298828125,13.70086669921875,73.08978271484375,42.15509033203125,55.60595703125,-4.21044921875,-14.18243408203125,15.116180419921875,45.491241455078125,98.9412841796875,100.63992309570312,68.941162109375,55.33221435546875,82.22616577148438,57.693328857421875,150.7685546875,138.55194091796875,138.73760986328125,135.45050048828125,138.85433959960938,162.90975952148438,119.62164306640625,179.39752197265625,171.42507934570312,200.11553955078125,168.66934204101562,160.687744140625,198.4432373046875
"S193",327.6121826171875,304.9147033691406,329.2441101074219,297.0719909667969,297.66810607910156,239.50643920898438,298.883544921875,262.45533752441406,263.9809875488281,291.65342712402344,301.32322692871094,344.81199645996094,347.18231201171875,353.4923400878906,329.61285400390625,347.3646240234375,340.82298278808594,344.01470947265625,357.72540283203125,345.55238342285156,302.2206573486328,343.8459167480469,356.5025939941406,330.92706298828125,317.2788391113281,329.943603515625,353.3513641357422,352.1771545410156,350.76136779785156,349.13856506347656,347.20616149902344,345.06382751464844,342.6479949951172,339.9442596435547,336.90296936035156,333.55809020996094,329.87757873535156,325.9069061279297,321.63291931152344,317.1006164550781,307.43556213378906,289.3730163574219,286.7120819091797,243.90728759765625,267.40467834472656,193.39517211914062,147.35848999023438,101.05810546875,59.681732177734375,76.08526611328125,-59.27569580078125,-36.033935546875,-158.65093994140625,-142.14263916015625,-213.68475341796875,-226.8494873046875,-261.97503662109375,-268.76422119140625,-296.638671875,-411.41546630859375,-411.0540771484375,-352.68267822265625,-252.6605224609375,-286.6527099609375,-334.8253173828125,-367.53387451171875,-300.4305419921875,-330.0673828125,-364.1279296875,-515.7205200195312,-479.130615234375,-332.60491943359375,-315.6822509765625,-272.57769775390625,-606.9931640625,-334.2332763671875,-389.147216796875,-456.39447021484375,-404.2200927734375,-546.38623046875,-466.26995849609375,-612.9144287109375,-517.1435546875,-534.6072998046875,-338.185302734375,-368.259033203125,-381.00189208984375,-439.1605224609375,-515.911865234375,-349.15350341796875,-400.31524658203125,-340.7471923828125,-272.6767578125,-536.1807861328125,-456.46441650390625,-261.91961669921875,-345.0443115234375,-392.222412109375,-408.00750732421875,-355.54058837890625,-434.010498046875,-359.84527587890625,-338.4637451171875,-406.279296875,-288.2354736328125,-403.21099853515625,-278.3038330078125,-261.64263916015625,-264.2076416015625,-201.26544189453125,-183.49322509765625,-177.431396484375,-292.00897216796875,-117.448486328125,-74.71221923828125,-14.9976806640625,-6.59527587890625,-28.99822998046875,-31.845947265625,-31.59246826171875,-88.3265380859375,45.491241455078125,98.9412841796875,100.63992309570312,68.941162109375,55.33221435546875,50.675018310546875,57.693328857421875,150.7685546875,138.55194091796875,138.73760986328125,135.45050048828125,138.85433959960938,162.90975952148438,119.62164306640625,179.39752197265625,171.42507934570312,200.11553955078125,155.65585327148438,19.713836669921875,191.51998901367188
"S194",327.6121826171875,304.9147033691406,329.2441101074219,297.0719909667969,297.66810607910156,239.50643920898438,298.883544921875,262.45533752441406,263.9809875488281,291.65342712402344,317.0415344238281,344.81199645996094,347.18231201171875,353.4923400878906,329.61285400390625,347.3646240234375,340.82298278808594,344.01470947265625,359.1122131347656,345.55238342285156,333.2170104980469,343.8459167480469,359.76641845703125,330.92706298828125,326.68385314941406,329.943603515625,366.32940673828125,378.4341735839844,352.3421173095703,355.78680419921875,371.04022216796875,348.54444885253906,359.0633544921875,355.4720153808594,351.52037048339844,357.9325714111328,365.53504943847656,339.5700988769531,343.26698303222656,380.4334259033203,307.43556213378906,289.3730163574219,286.7120819091797,251.1770782470703,267.40467834472656,181.3460693359375,147.35848999023438,101.05810546875,59.681732177734375,76.08526611328125,-59.27569580078125,-36.033935546875,-158.65093994140625,-142.14263916015625,-213.68475341796875,-226.8494873046875,-261.97503662109375,-268.76422119140625,-349.2265625,-411.41546630859375,-411.0540771484375,-382.23321533203125,-541.4078369140625,-644.318115234375,-555.6868896484375,-731.41748046875,-551.77294921875,-476.12860107421875,-703.4189453125,-515.7205200195312,-569.487548828125,-570.1478271484375,-668.7935791015625,-761.735595703125,-606.9931640625,-634.4022216796875,-566.487548828125,-689.51025390625,-637.087646484375,-546.38623046875,-757.271484375,-612.9144287109375,-517.1435546875,-605.44580078125,-605.7159423828125,-599.5125732421875,-433.30987548828125,-439.1605224609375,-515.911865234375,-604.9630126953125,-473.91949462890625,-624.764404296875,-513.8543090820312,-536.1807861328125,-643.3482666015625,-408.96112060546875,-451.92156982421875,-392.222412109375,-408.00750732421875,-355.54058837890625,-493.79742431640625,-466.18548583984375,-338.4637451171875,-406.279296875,-496.54840087890625,-641.6395263671875,-379.45147705078125,-261.64263916015625,-264.2076416015625,-201.26544189453125,-183.49322509765625,-177.431396484375,-362.58795166015625,-117.448486328125,-74.71221923828125,-14.9976806640625,-6.59527587890625,-28.99822998046875,-31.845947265625,-31.59246826171875,-88.3265380859375,45.491241455078125,98.9412841796875,100.63992309570312,68.941162109375,55.33221435546875,50.675018310546875,57.693328857421875,150.7685546875,138.55194091796875,138.73760986328125,135.45050048828125,138.85433959960938,162.90975952148438,119.62164306640625,179.39752197265625,171.42507934570312,200.11553955078125,155.65585327148438,25.58984375,191.51998901367188
"S195",276.7853698730469,283.55311584472656,287.84584045410156,291.8915100097656,295.5408172607422,299.0824737548828,302.1480255126953,303.49212646484375,307.4350280761719,274.79039001464844,311.4686584472656,297.97996520996094,314.5900421142578,304.2906036376953,316.48081970214844,317.04742431640625,317.4521484375,317.63035583496094,317.6663513183594,317.5678253173828,317.38946533203125,317.02125549316406,316.58961486816406,315.9857635498047,315.28855895996094,314.3061981201172,313.1571960449219,311.8674011230469,310.2843933105469,308.45765686035156,306.2718811035156,303.7830352783203,301.0106658935547,297.927734375,294.3890686035156,290.4679260253906,286.11102294921875,281.3734893798828,276.24562072753906,270.8241882324219,264.9025115966797,258.63970947265625,252.15347290039062,245.22116088867188,237.931640625,230.46939086914062,222.76577758789062,193.79641723632812,174.1351318359375,-22.599365234375,123.79620361328125,81.97372436523438,-60.83685302734375,-84.2247314453125,-166.435302734375,-151.48040771484375,-358.89666748046875,-338.1746826171875,-305.9547119140625,-262.890625,-460.024658203125,-423.7469482421875,-397.60504150390625,-433.9183349609375,-573.7269287109375,-734.1353759765625,-727.4930419921875,-496.72674560546875,-445.7789306640625,-520.1488647460938,-698.157470703125,-540.361328125,-581.899658203125,-573.0069580078125,-591.81591796875,-693.078369140625,-597.182373046875,-505.49603271484375,-575.585205078125,-649.2496337890625,-525.3555908203125,-545.5185546875,-477.75628662109375,-558.6187744140625,-458.360107421875,-505.10003662109375,-560.786376953125,-717.87255859375,-562.5328369140625,-661.756591796875,-477.4295654296875,-451.57989501953125,-438.3712158203125,-570.3070068359375,-579.8153076171875,-740.5418701171875,-641.048095703125,-590.371826171875,-409.52056884765625,-491.97149658203125,-516.355712890625,-622.6005859375,-444.38250732421875,-415.79693603515625,-350.1246337890625,-482.87469482421875,-404.70489501953125,-357.8072509765625,-389.2547607421875,-304.90362548828125,-209.14520263671875,-199.63543701171875,-216.83819580078125,-151.76153564453125,-119.749267578125,-182.96685791015625,-82.1932373046875,-111.349609375,-51.2742919921875,-50.76556396484375,-149.6650390625,-28.698486328125,13.40765380859375,13.049407958984375,44.724517822265625,58.111053466796875,-10.47900390625,29.67279052734375,96.77484130859375,87.63906860351562,105.5162353515625,117.50131225585938,113.52700805664062,119.48171997070312,106.80303955078125,103.67514038085938,73.19540405273438,105.64501953125,146.87884521484375,161.20050048828125,41.7852783203125
"S196",282.73805236816406,309.3008728027344,293.9727478027344,312.0202331542969,320.3311767578125,310.2247009277344,314.18153381347656,303.49212646484375,326.3089294433594,310.2073059082031,317.0415344238281,288.4788818359375,312.8202819824219,324.5461730957031,318.9508056640625,348.5175018310547,337.2581024169922,344.51953125,344.86773681640625,342.84291076660156,348.8235778808594,348.5232238769531,348.1708068847656,347.6741485595703,347.100341796875,346.29042053222656,345.3466339111328,344.2825469970703,342.9748229980469,341.46656799316406,339.65940856933594,337.6035919189453,335.3124237060547,332.76148986816406,329.83433532714844,326.5929870605469,322.9893035888672,319.0714111328125,314.8310241699219,310.34544372558594,305.4456329345703,300.26622009277344,294.8988037109375,289.16766357421875,279.4458465576172,254.28358459472656,238.71572875976562,193.79641723632812,174.1351318359375,-107.3560791015625,123.79620361328125,81.97372436523438,-60.83685302734375,-84.2247314453125,-166.435302734375,-151.48040771484375,-358.89666748046875,-335.245361328125,-305.9547119140625,-262.890625,-460.024658203125,-423.7469482421875,-397.60504150390625,-433.9183349609375,-573.7269287109375,-575.3226318359375,-727.4930419921875,-496.72674560546875,-445.7789306640625,-520.1488647460938,-698.157470703125,-540.361328125,-581.899658203125,-573.0069580078125,-591.81591796875,-648.4239501953125,-597.182373046875,-505.49603271484375,-575.585205078125,-649.2496337890625,-525.3555908203125,-545.5185546875,-477.75628662109375,-558.6187744140625,-458.360107421875,-505.10003662109375,-560.786376953125,-673.3699951171875,-562.5328369140625,-661.756591796875,-477.4295654296875,-451.57989501953125,-438.3712158203125,-570.3070068359375,-579.8153076171875,-604.5921630859375,-581.0986328125,-590.371826171875,-409.52056884765625,-491.97149658203125,-516.355712890625,-549.3375244140625,-444.38250732421875,-415.79693603515625,-350.1246337890625,-482.87469482421875,-404.70489501953125,-357.8072509765625,-389.2547607421875,-304.90362548828125,-209.14520263671875,-199.63543701171875,-216.83819580078125,-151.76153564453125,-119.749267578125,-148.703125,-56.982177734375,-111.349609375,13.462615966796875,-50.76556396484375,-149.6650390625,-28.698486328125,27.421966552734375,13.049407958984375,124.280029296875,58.111053466796875,-19.2841796875,76.41497802734375,96.77484130859375,87.63906860351562,105.5162353515625,117.50131225585938,113.52700805664062,119.48171997070312,127.91622924804688,103.67514038085938,131.7841796875,105.64501953125,146.87884521484375,161.20050048828125,79.226318359375
"S197",282.73805236816406,309.3008728027344,293.9727478027344,312.0202331542969,320.3311767578125,310.2247009277344,314.18153381347656,303.49212646484375,326.3089294433594,310.2073059082031,278.54652404785156,288.4788818359375,304.60089111328125,324.5461730957031,330.5922393798828,349.2918395996094,337.2581024169922,344.51953125,344.86773681640625,342.84291076660156,356.29393005371094,352.93792724609375,354.8377227783203,360.3638916015625,354.33558654785156,355.1746826171875,353.5923614501953,348.7872009277344,357.90692138671875,350.01222229003906,359.4654083251953,356.4876403808594,355.68475341796875,353.4268798828125,350.8623809814453,348.0234832763672,329.8079528808594,334.9205017089844,324.9587707519531,333.81495666503906,325.9329071044922,324.96337890625,320.21478271484375,308.9466094970703,279.4458465576172,254.28358459472656,238.71572875976562,193.79641723632812,174.1351318359375,-23.250732421875,123.79620361328125,81.97372436523438,-60.83685302734375,-84.2247314453125,-166.435302734375,-151.48040771484375,-358.89666748046875,-335.245361328125,-305.9547119140625,-262.890625,-460.024658203125,-423.7469482421875,-397.60504150390625,-433.9183349609375,-573.7269287109375,-575.3226318359375,-727.4930419921875,-496.72674560546875,-445.7789306640625,-520.1488647460938,-698.157470703125,-540.361328125,-581.899658203125,-573.0069580078125,-591.81591796875,-648.4239501953125,-597.182373046875,-505.49603271484375,-575.585205078125,-649.2496337890625,-525.3555908203125,-545.5185546875,-477.75628662109375,-558.6187744140625,-458.360107421875,-505.10003662109375,-560.786376953125,-673.3699951171875,-562.5328369140625,-661.756591796875,-477.4295654296875,-451.57989501953125,-438.3712158203125,-570.3070068359375,-579.8153076171875,-604.5921630859375,-581.0986328125,-590.371826171875,-409.52056884765625,-491.97149658203125,-516.355712890625,-549.3375244140625,-444.38250732421875,-415.79693603515625,-350.1246337890625,-482.87469482421875,-404.70489501953125,-357.8072509765625,-389.2547607421875,-304.90362548828125,-209.14520263671875,-199.63543701171875,-216.83819580078125,-151.76153564453125,-119.749267578125,-148.703125,-56.982177734375,-111.349609375,13.462615966796875,-50.76556396484375,-149.6650390625,-28.698486328125,27.421966552734375,13.049407958984375,130.06390380859375,58.111053466796875,-19.2841796875,76.41497802734375,96.77484130859375,87.63906860351562,105.5162353515625,117.50131225585938,113.52700805664062,119.48171997070312,127.91622924804688,103.67514038085938,131.7841796875,105.64501953125,146.87884521484375,161.20050048828125,133.91085815429688
"S198",312.562255859375,348.67291259765625,350.45811462402344,307.8957824707031,356.82733154296875,317.3986358642578,352.17674255371094,355.4033660888672,370.1382598876953,359.86607360839844,378.05110931396484,381.5304412841797,374.16017150878906,386.8784484863281,384.9588394165039,364.7394714355469,394.52362060546875,377.6314392089844,374.45349884033203,347.26856994628906,347.33168029785156,367.1881408691406,364.6251983642578,359.8202667236328,390.35636138916016,361.948974609375,384.35594177246094,378.54058837890625,385.6341781616211,381.5686264038086,377.7677536010742,367.90155029296875,387.3423843383789,375.25071716308594,373.2284622192383,379.54894256591797,376.00157928466797,372.57592010498047,378.5040054321289,357.7550964355469,333.28028869628906,316.6758117675781,290.8009033203125,319.27464294433594,284.2303771972656,198.33383178710938,193.95166015625,137.482177734375,103.0035400390625,64.18182373046875,22.97601318359375,-21.011474609375,-110.04876708984375,-266.1868896484375,-230.61102294921875,-292.43157958984375,-327.2977294921875,-318.489501953125,-392.38043212890625,-409.95843505859375,-415.0439453125,-482.7313232421875,-463.36334228515625,-541.53857421875,-574.3291015625,-575.3226318359375,-753.543212890625,-655.3360595703125,-548.11962890625,-639.07275390625,-791.259521484375,-651.6328125,-690.4189453125,-738.3704833984375,-783.7669677734375,-648.4239501953125,-696.3719482421875,-774.64404296875,-716.021484375,-720.9876708984375,-922.3865966796875,-882.685791015625,-931.773193359375,-745.563232421875,-839.3848876953125,-835.00341796875,-629.9288330078125,-673.3699951171875,-677.964111328125,-670.7135009765625,-715.449462890625,-591.32177734375,-630.395751953125,-678.2711181640625,-719.2606201171875,-604.5921630859375,-581.0986328125,-613.114013671875,-619.422607421875,-558.8958740234375,-657.70751953125,-549.3375244140625,-633.0599365234375,-680.9686279296875,-631.595703125,-535.781494140625,-506.16107177734375,-437.65948486328125,-513.3494262695312,-415.74664306640625,-320.12884521484375,-409.61444091796875,-234.23126220703125,-195.8236083984375,-238.9246826171875,-148.703125,-296.13116455078125,-233.75299072265625,-221.01611328125,-164.62420654296875,-170.59197998046875,-47.60125732421875,-139.142822265625,7.994110107421875,53.547821044921875,-10.26959228515625,-19.2841796875,76.41497802734375,81.39736938476562,84.15310668945312,50.052520751953125,44.44976806640625,163.22201538085938,178.10369873046875,188.96527099609375,189.74301147460938,235.32351684570312,202.25601196289062,211.23748779296875,264.9012451171875,285.352294921875
"S199",312.562255859375,348.67291259765625,350.45811462402344,307.8957824707031,356.82733154296875,317.3986358642578,352.17674255371094,355.4033660888672,370.1382598876953,359.86607360839844,378.05110931396484,381.5304412841797,374.16017150878906,386.8784484863281,384.9588394165039,364.7394714355469,394.52362060546875,377.6314392089844,374.45349884033203,347.26856994628906,347.33168029785156,367.1881408691406,364.6251983642578,359.8202667236328,390.35636138916016,361.948974609375,384.35594177246094,378.54058837890625,385.6341781616211,381.5686264038086,377.7677536010742,367.90155029296875,387.3423843383789,375.25071716308594,373.2284622192383,379.54894256591797,376.00157928466797,372.57592010498047,378.5040054321289,357.7550964355469,333.28028869628906,316.6758117675781,290.8009033203125,319.27464294433594,284.2303771972656,198.33383178710938,169.1749267578125,123.90325927734375,103.0035400390625,64.18182373046875,-34.62451171875,-21.011474609375,-171.1685791015625,-266.1868896484375,-276.66290283203125,-292.43157958984375,-327.2977294921875,-318.489501953125,-530.4052734375,-540.0924072265625,-415.0439453125,-482.7313232421875,-463.36334228515625,-600.7750244140625,-658.437744140625,-798.08447265625,-773.0546875,-759.565185546875,-701.32177734375,-709.6353759765625,-855.1260986328125,-791.721435546875,-871.670166015625,-811.0035400390625,-861.0654296875,-938.252685546875,-998.59130859375,-939.5987548828125,-968.3658447265625,-996.3018798828125,-943.39306640625,-891.57958984375,-931.773193359375,-745.563232421875,-870.4803466796875,-855.7982177734375,-865.970703125,-888.5399169921875,-887.746337890625,-787.9749755859375,-864.4822998046875,-897.1175537109375,-809.1953125,-843.2874755859375,-747.2486572265625,-739.2843017578125,-738.0634765625,-824.229736328125,-678.625,-713.199462890625,-753.6619873046875,-629.6046142578125,-769.34912109375,-753.7802734375,-751.8226318359375,-670.629638671875,-764.6748046875,-606.485107421875,-774.3492431640625,-532.2596435546875,-465.5343017578125,-558.873046875,-419.40576171875,-380.79852294921875,-411.208740234375,-327.96514892578125,-296.13116455078125,-233.75299072265625,-221.01611328125,-167.9752197265625,-172.8857421875,-210.74615478515625,-139.142822265625,7.994110107421875,-6.17608642578125,-10.26959228515625,-38.63018798828125,60.497406005859375,79.53274536132812,60.409423828125,49.815887451171875,44.44976806640625,163.22201538085938,178.10369873046875,188.96527099609375,189.74301147460938,235.32351684570312,202.25601196289062,211.23748779296875,264.9012451171875,285.352294921875
"S200",313.46339416503906,348.67291259765625,350.45811462402344,319.37864685058594,356.82733154296875,355.7039337158203,352.17674255371094,355.4033660888672,370.1382598876953,359.86607360839844,378.05110931396484,381.5304412841797,374.16017150878906,386.8784484863281,384.9588394165039,369.95916748046875,394.52362060546875,383.26646423339844,374.45349884033203,373.5578918457031,378.1685791015625,367.1881408691406,385.1718978881836,372.0938949584961,390.35636138916016,361.948974609375,384.35594177246094,378.54058837890625,389.5476608276367,387.09012603759766,377.7677536010742,383.56090545654297,387.3423843383789,375.25071716308594,382.58907318115234,379.54894256591797,376.00157928466797,384.6437759399414,380.87078857421875,357.7550964355469,342.3041687011719,316.6758117675781,290.8009033203125,319.27464294433594,284.2303771972656,198.33383178710938,169.1749267578125,150.20864868164062,103.0035400390625,64.18182373046875,-34.62451171875,-21.011474609375,-171.1685791015625,-266.1868896484375,-276.66290283203125,-292.43157958984375,-327.2977294921875,-318.489501953125,-530.4052734375,-540.0924072265625,-415.0439453125,-482.7313232421875,-463.36334228515625,-600.7750244140625,-658.437744140625,-864.921630859375,-773.0546875,-760.04443359375,-701.32177734375,-709.6353759765625,-869.5130615234375,-864.720947265625,-874.94140625,-811.0035400390625,-861.0654296875,-938.252685546875,-962.429931640625,-943.16845703125,-1012.5821533203125,-881.843017578125,-862.6229248046875,-831.2882080078125,-818.230712890625,-846.0028076171875,-891.109130859375,-916.6243896484375,-883.0462646484375,-831.0084228515625,-798.31494140625,-787.9749755859375,-831.2841796875,-786.1322021484375,-778.4403076171875,-781.606201171875,-711.53564453125,-710.416259765625,-738.0634765625,-739.8482666015625,-678.625,-713.199462890625,-663.99462890625,-591.3095703125,-587.697265625,-753.7802734375,-558.931884765625,-580.9532470703125,-480.51666259765625,-462.144287109375,-639.8345947265625,-453.2835693359375,-379.65191650390625,-303.78680419921875,-217.49578857421875,-102.1397705078125,-132.5032958984375,-68.8546142578125,-125.2490234375,-149.106689453125,-14.81292724609375,-33.6090087890625,24.864837646484375,40.060394287109375,15.811126708984375,57.108154296875,46.25006103515625,114.68887329101562,102.13504028320312,98.50177001953125,121.88803100585938,157.11431884765625,142.44534301757812,180.81344604492188,200.95419311523438,202.8809814453125,220.69833374023438,205.02572631835938,235.32351684570312,202.25601196289062,211.23748779296875,264.9012451171875,285.352294921875
"S201",379.2917709350586,381.7954635620117,384.2118682861328,386.5112838745117,388.62244415283203,390.6708526611328,392.45947265625,394.1670608520508,395.6130065917969,396.8984909057617,398.07232666015625,399.0995101928711,400.02589416503906,400.8069305419922,401.30572509765625,401.71883392333984,402.0439453125,402.2412567138672,402.3628158569336,402.37366485595703,402.3729248046875,402.2626419067383,402.1205368041992,401.87877655029297,401.5957946777344,401.17125701904297,400.6859588623047,400.11351013183594,399.3960418701172,398.56201171875,397.54003143310547,396.38285064697266,395.0758819580078,393.59986114501953,391.9009094238281,390.0094757080078,387.8894805908203,385.5732421875,383.0523452758789,380.35726165771484,377.3897476196289,374.2428436279297,367.75177001953125,314.65550231933594,250.23031616210938,269.1669006347656,212.53375244140625,150.20864868164062,58.96539306640625,-66.01031494140625,-27.25299072265625,-98.8961181640625,-203.7957763671875,-421.73211669921875,-458.71038818359375,-504.77679443359375,-574.2821044921875,-551.3663330078125,-613.4949951171875,-667.0484619140625,-649.8668212890625,-801.992431640625,-803.59765625,-761.400146484375,-831.0640869140625,-827.2783203125,-902.843994140625,-906.245849609375,-828.2147216796875,-895.2950439453125,-826.6893310546875,-741.0775146484375,-778.735107421875,-703.5263671875,-753.7777099609375,-712.90625,-616.6170654296875,-688.6209716796875,-717.7457275390625,-659.5701904296875,-689.413330078125,-582.65625,-549.106689453125,-542.2408447265625,-595.038330078125,-603.3865966796875,-683.822998046875,-580.043701171875,-530.389892578125,-417.736572265625,-576.4365234375,-430.5047607421875,-302.81427001953125,-398.33648681640625,-358.7408447265625,-266.1995849609375,-440.10382080078125,-360.88372802734375,-290.1640625,-333.45440673828125,-186.8760986328125,-186.30059814453125,-273.41241455078125,-318.10284423828125,-251.2423095703125,-172.18914794921875,-148.99664306640625,-152.056396484375,-155.69366455078125,-115.3675537109375,-80.1329345703125,-12.27789306640625,11.941314697265625,40.116851806640625,45.501953125,135.32208251953125,38.595245361328125,31.8515625,98.69900512695312,179.69677734375,141.11883544921875,209.11386108398438,207.87405395507812,243.2681884765625,237.84893798828125,249.9127655029297,268.5131072998047,205.54165649414062,284.3290710449219,268.53863525390625,264.1329040527344,273.7094421386719,312.9690704345703,319.3563995361328,325.4066162109375,328.85118103027344,336.7303161621094,341.8717498779297,346.6545715332031,351.1312255859375,355.4596405029297
"S202",379.2917709350586,381.7954635620117,384.2118682861328,386.5112838745117,388.62244415283203,390.6708526611328,392.45947265625,394.1670608520508,395.6130065917969,396.8984909057617,398.07232666015625,399.0995101928711,400.02589416503906,400.8069305419922,401.30572509765625,401.71883392333984,402.0439453125,402.2412567138672,402.3628158569336,402.37366485595703,402.3729248046875,402.2626419067383,402.1205368041992,401.87877655029297,401.5957946777344,401.17125701904297,400.6859588623047,400.11351013183594,399.3960418701172,398.56201171875,397.54003143310547,396.38285064697266,395.0758819580078,393.59986114501953,391.9009094238281,390.0094757080078,387.8894805908203,385.5732421875,383.0523452758789,380.35726165771484,377.3897476196289,374.2428436279297,370.94471740722656,367.4407501220703,363.70599365234375,359.8331298828125,355.8533935546875,321.4430847167969,291.5955505371094,226.98916625976562,202.18353271484375,200.77304077148438,104.27609252929688,31.9735107421875,22.275970458984375,-41.16925048828125,-102.42608642578125,-113.3773193359375,-135.0947265625,-165.8389892578125,-227.00909423828125,-253.391845703125,-213.5399169921875,-300.63916015625,-293.6822509765625,-284.15765380859375,-403.79254150390625,-333.975830078125,-293.57763671875,-329.05914306640625,-332.52789306640625,-245.57244873046875,-241.087646484375,-247.00830078125,-210.371337890625,-190.48992919921875,-147.52984619140625,-112.1243896484375,-108.87872314453125,-158.0670166015625,-86.2340087890625,-4.119293212890625,-44.51361083984375,-70.35333251953125,-13.53387451171875,15.7646484375,-55.87969970703125,-36.364501953125,-8.51165771484375,-10.29901123046875,31.38238525390625,14.487823486328125,58.457244873046875,25.8892822265625,63.082275390625,4.926422119140625,19.242889404296875,28.72222900390625,82.6580810546875,84.754638671875,87.30319213867188,90.329345703125,55.838348388671875,98.37799072265625,103.32373046875,108.54855346679688,114.04116821289062,119.85699462890625,125.89593505859375,132.39242553710938,139.30715942382812,146.34237670898438,153.59963989257812,161.063720703125,168.49072265625,176.39007568359375,184.32131958007812,192.36065673828125,200.5157470703125,208.86245727539062,217.37545776367188,226.00656127929688,234.72637939453125,243.2681884765625,251.55567932128906,260.1139678955078,268.5131072998047,276.5173034667969,284.3290710449219,292.00669860839844,299.1739959716797,306.2253723144531,312.9690704345703,319.3563995361328,325.4066162109375,331.19313049316406,336.7303161621094,341.8717498779297,346.6545715332031,351.1312255859375,355.4596405029297
"S203",408.7113952636719,410.48673248291016,412.2188720703125,413.83650970458984,415.2621154785156,416.6576690673828,417.84705352783203,418.96524810791016,419.8704376220703,420.64539337158203,421.3728790283203,421.96363067626953,422.5198745727539,422.96141052246094,423.1521682739258,423.3277816772461,423.4359664916992,423.45800018310547,423.41495513916016,423.3424758911133,423.20665740966797,422.99859619140625,422.76171875,422.45642852783203,422.101318359375,421.6145782470703,421.0429153442383,420.4153823852539,419.65027618408203,418.7770309448242,417.74595642089844,416.567626953125,415.27355194091797,413.84747314453125,412.2128143310547,410.41951751708984,408.4324722290039,406.2830123901367,403.96964263916016,401.5459289550781,398.9189987182617,396.15431213378906,393.32006072998047,390.27051544189453,383.23228454589844,360.87681579589844,356.3586730957031,321.4430847167969,291.5955505371094,226.98916625976562,202.18353271484375,200.77304077148438,104.27609252929688,70.017333984375,82.78140258789062,83.6922607421875,20.831146240234375,45.281036376953125,28.836212158203125,-28.2047119140625,-11.0828857421875,-13.5911865234375,20.76055908203125,-38.4583740234375,9.19561767578125,-52.070068359375,-19.4637451171875,-39.74163818359375,37.657623291015625,-43.81976318359375,-37.4791259765625,-46.63116455078125,-51.031982421875,-93.28125,-57.3453369140625,10.890777587890625,-6.354461669921875,0.149871826171875,-18.58660888671875,-87.749267578125,-1.73736572265625,-4.119293212890625,-44.51361083984375,-70.35333251953125,10.521240234375,33.465423583984375,-44.4356689453125,29.102752685546875,-8.51165771484375,4.306549072265625,31.38238525390625,14.487823486328125,58.457244873046875,43.965789794921875,63.082275390625,4.926422119140625,76.880126953125,62.972930908203125,111.4285888671875,98.86123657226562,134.58151245117188,97.00384521484375,94.1737060546875,114.28787231445312,130.38790893554688,115.878173828125,137.251708984375,158.51223754882812,145.96368408203125,176.72732543945312,196.48016357421875,204.21072387695312,210.7083740234375,245.43138122558594,229.47601318359375,258.0175323486328,264.4569396972656,252.93487548828125,277.50523376464844,284.1608428955078,290.8717498779297,297.69183349609375,304.43048095703125,310.98524475097656,317.2509307861328,323.7397003173828,329.9941101074219,335.9369659423828,341.64454650878906,347.1649627685547,352.4068908691406,357.4363555908203,362.2402801513672,366.779052734375,371.0470886230469,375.1142044067383,379.04639434814453,382.6565933227539,386.046142578125,389.2089080810547,392.32466888427734
"S204",408.7113952636719,410.48673248291016,412.2188720703125,413.83650970458984,415.2621154785156,416.6576690673828,417.84705352783203,418.96524810791016,419.8704376220703,420.64539337158203,421.3728790283203,421.96363067626953,422.5198745727539,422.96141052246094,423.1521682739258,423.3277816772461,423.4359664916992,423.45800018310547,423.41495513916016,423.3424758911133,423.20665740966797,422.99859619140625,422.76171875,422.45642852783203,422.101318359375,421.6145782470703,421.0429153442383,420.4153823852539,419.65027618408203,418.7770309448242,417.74595642089844,416.567626953125,415.27355194091797,413.84747314453125,412.2128143310547,410.41951751708984,408.4324722290039,406.2830123901367,403.96964263916016,401.5459289550781,398.9189987182617,396.15431213378906,393.32006072998047,390.27051544189453,387.1181411743164,383.9239959716797,380.60974884033203,377.1662826538086,373.7725524902344,370.2502746582031,366.5639190673828,362.8288116455078,358.98944091796875,354.88250732421875,339.78782653808594,332.5071258544922,341.29656982421875,331.21083068847656,324.32786560058594,322.12464904785156,312.4004364013672,303.1369323730469,311.9777069091797,294.9810333251953,300.53053283691406,287.3687286376953,265.4561767578125,282.3306427001953,275.9043426513672,269.70570373535156,229.34063720703125,256.80393981933594,250.5317840576172,244.4559326171875,238.73800659179688,232.88812255859375,227.1436767578125,221.67349243164062,216.46221923828125,211.36962890625,206.44732666015625,201.923828125,197.62130737304688,193.30966186523438,189.6917724609375,186.2960205078125,182.912353515625,180.21267700195312,177.71438598632812,175.68972778320312,173.82229614257812,172.40658569335938,171.43048095703125,170.93441772460938,170.9814453125,171.48416137695312,172.33184814453125,173.73422241210938,175.79550170898438,178.4066162109375,181.24609375,184.4002685546875,188.19091796875,192.11953735351562,196.62225341796875,201.25714111328125,206.13333129882812,211.146484375,216.29318237304688,221.72225952148438,227.51712036132812,233.34201049804688,239.39297485351562,245.43138122558594,251.6064453125,258.0175323486328,264.4569396972656,270.967041015625,277.50523376464844,284.1608428955078,290.8717498779297,297.69183349609375,304.43048095703125,310.98524475097656,317.2509307861328,323.7397003173828,329.9941101074219,335.9369659423828,341.64454650878906,347.1649627685547,352.4068908691406,357.4363555908203,362.2402801513672,366.779052734375,371.0470886230469,375.1142044067383,379.04639434814453,382.6565933227539,386.046142578125,389.2089080810547,392.32466888427734
"S205",408.7113952636719,410.48673248291016,412.2188720703125,413.83650970458984,415.2621154785156,416.6576690673828,417.84705352783203,418.96524810791016,419.8704376220703,420.64539337158203,421.3728790283203,421.96363067626953,422.5198745727539,422.96141052246094,423.1521682739258,423.3277816772461,423.4359664916992,423.45800018310547,423.41495513916016,423.3424758911133,423.20665740966797,422.99859619140625,422.76171875,422.45642852783203,422.101318359375,421.6145782470703,421.0429153442383,420.4153823852539,419.65027618408203,418.7770309448242,417.74595642089844,416.567626953125,415.27355194091797,413.84747314453125,412.2128143310547,410.41951751708984,408.4324722290039,406.2830123901367,403.96964263916016,401.5459289550781,398.9189987182617,396.15431213378906,393.32006072998047,390.27051544189453,387.1181411743164,383.9239959716797,380.60974884033203,377.1662826538086,373.7725524902344,370.2502746582031,366.5639190673828,362.8288116455078,358.98944091796875,354.88250732421875,339.78782653808594,332.5071258544922,341.29656982421875,331.21083068847656,324.32786560058594,322.12464904785156,312.4004364013672,303.1369323730469,311.9777069091797,294.9810333251953,300.53053283691406,287.3687286376953,265.4561767578125,282.3306427001953,275.9043426513672,269.70570373535156,229.34063720703125,256.80393981933594,250.5317840576172,244.4559326171875,238.73800659179688,232.88812255859375,227.1436767578125,221.67349243164062,216.46221923828125,211.36962890625,206.44732666015625,201.923828125,197.62130737304688,193.30966186523438,189.6917724609375,186.2960205078125,182.912353515625,180.21267700195312,177.71438598632812,175.68972778320312,173.82229614257812,172.40658569335938,171.43048095703125,170.93441772460938,170.9814453125,171.48416137695312,172.33184814453125,173.73422241210938,175.79550170898438,178.4066162109375,181.24609375,184.4002685546875,188.19091796875,192.11953735351562,196.62225341796875,201.25714111328125,206.13333129882812,211.146484375,216.29318237304688,221.72225952148438,227.51712036132812,233.34201049804688,239.39297485351562,245.43138122558594,251.6064453125,258.0175323486328,264.4569396972656,270.967041015625,277.50523376464844,284.1608428955078,290.8717498779297,297.69183349609375,304.43048095703125,310.98524475097656,317.2509307861328,323.7397003173828,329.9941101074219,335.9369659423828,341.64454650878906,347.1649627685547,352.4068908691406,357.4363555908203,362.2402801513672,366.779052734375,371.0470886230469,375.1142044067383,379.04639434814453,382.6565933227539,386.046142578125,389.2089080810547,392.32466888427734
"S206",278.7348327636719,283.2882537841797,287.7249298095703,291.93113708496094,295.7518005371094,299.4888916015625,302.7597961425781,305.86773681640625,308.4753723144531,310.7910461425781,312.9465026855469,314.7845458984375,316.48753356933594,317.9138488769531,318.7611846923828,319.50579833984375,320.0749053955078,320.4083251953125,320.58856201171875,320.63987731933594,320.593505859375,320.3629913330078,320.0711212158203,319.6216735839844,319.0878143310547,318.2881317138672,317.3370056152344,316.2701873779297,314.93666076660156,313.3848876953125,311.5010986328125,309.33753967285156,306.92083740234375,304.2196350097656,301.0880126953125,297.5934295654297,293.6786804199219,289.39537048339844,284.7328338623047,279.77711486816406,274.32606506347656,268.5237731933594,262.4859161376953,255.98281860351562,249.11544799804688,242.05148315429688,234.71514892578125,227.0286865234375,219.42318725585938,211.47137451171875,203.1798095703125,194.77969360351562,186.11776733398438,176.96044921875,167.90676879882812,158.558837890625,148.622802734375,138.1756591796875,127.12777709960938,116.33743286132812,105.88760375976562,94.433349609375,82.38604736328125,69.86102294921875,56.920684814453125,43.594451904296875,29.756072998046875,15.6004638671875,0.797607421875,-13.74884033203125,-28.99591064453125,-44.2008056640625,-59.28448486328125,-73.98968505859375,-88.145751953125,-102.609375,-116.88739013671875,-130.668212890625,-143.8929443359375,-156.828369140625,-169.35260009765625,-181.141845703125,-192.4686279296875,-203.62506103515625,-213.39508056640625,-222.62158203125,-231.79949951171875,-239.69219970703125,-247.1510009765625,-253.61297607421875,-259.76654052734375,-264.96246337890625,-269.22821044921875,-272.5357666015625,-274.701416015625,-275.85870361328125,-276.0660400390625,-275.11181640625,-272.5694580078125,-268.68994140625,-264.07586669921875,-258.59228515625,-251.55377197265625,-243.89788818359375,-234.79962158203125,-225.22900390625,-215.0560302734375,-204.366943359375,-193.2908935546875,-181.3978271484375,-168.61175537109375,-155.6573486328125,-142.1859130859375,-128.529052734375,-114.7000732421875,-100.14849853515625,-85.49993896484375,-70.6162109375,-55.5687255859375,-40.12310791015625,-24.3795166015625,-8.33270263671875,7.7777099609375,23.5740966796875,38.8209228515625,54.7371826171875,70.28317260742188,85.159423828125,99.62106323242188,113.7626953125,127.160888671875,140.20407104492188,152.69668579101562,164.53402709960938,175.74273681640625,186.45205688476562,196.74057006835938,206.22113037109375,215.0888671875,223.35516357421875,231.40707397460938
"S207",297.5425262451172,301.74224853515625,305.77320861816406,309.6109313964844,313.1497344970703,316.5657958984375,319.5550537109375,322.405517578125,324.8159942626953,326.96836853027344,328.9219970703125,330.6344299316406,332.16822814941406,333.4639129638672,334.30145263671875,334.98228454589844,335.5181884765625,335.8354797363281,336.0323028564453,336.02906799316406,336.0262451171875,335.833251953125,335.5860900878906,335.1666717529297,334.6818084716797,333.9627685546875,333.1421203613281,332.17041015625,330.9598083496094,329.5493469238281,327.8244171142578,325.87815856933594,323.6717224121094,321.1802520751953,318.3207244873047,315.13037109375,311.5641784667969,307.668212890625,303.42735290527344,298.8898620605469,293.89234924316406,288.5913543701172,283.0285186767578,277.1396789550781,270.83673095703125,264.29400634765625,257.5865020751953,250.56558227539062,243.6365966796875,236.32382202148438,228.74166870117188,221.05178833007812,213.04806518554688,204.728759765625,196.39675903320312,187.88827514648438,178.79681396484375,169.21307373046875,159.15948486328125,149.26400756835938,139.65127563476562,129.15811157226562,118.163330078125,106.6539306640625,94.9522705078125,82.72412109375,70.08990478515625,57.116363525390625,43.680877685546875,30.32464599609375,16.54638671875,2.638671875,-11.126312255859375,-24.44293212890625,-37.4752197265625,-50.61126708984375,-63.59332275390625,-76.2249755859375,-88.2747802734375,-100.01629638671875,-111.29815673828125,-122.1231689453125,-132.6114501953125,-142.60797119140625,-151.49810791015625,-159.861328125,-168.05322265625,-175.39398193359375,-182.265869140625,-188.259765625,-193.86248779296875,-198.485107421875,-202.28192138671875,-205.27032470703125,-207.33642578125,-208.4677734375,-208.42315673828125,-207.603271484375,-205.29400634765625,-201.84747314453125,-197.604736328125,-192.54559326171875,-186.22662353515625,-179.05596923828125,-170.76007080078125,-161.98077392578125,-152.78900146484375,-143.01409912109375,-132.86041259765625,-121.927734375,-110.30657958984375,-98.45538330078125,-86.25445556640625,-73.64129638671875,-61.1470947265625,-47.81927490234375,-34.44732666015625,-20.88812255859375,-7.128570556640625,6.9580078125,21.348846435546875,35.8916015625,50.62774658203125,65.06024169921875,79.070068359375,93.53292846679688,107.74127197265625,121.27182006835938,134.49169921875,147.49267578125,159.59423828125,171.53793334960938,182.94766235351562,193.746337890625,203.99435424804688,213.810546875,223.17681884765625,231.88006591796875,239.97323608398438,247.5561065673828,254.8731689453125
"S208",382.1845245361328,361.51116943359375,377.3784484863281,367.8829650878906,353.6623229980469,394.23670196533203,391.57332611083984,390.4063262939453,396.41512298583984,403.76148986816406,387.79295349121094,407.6247787475586,408.3631896972656,394.38631439208984,409.33878326416016,403.2799987792969,400.36647033691406,401.92224884033203,405.6077346801758,396.3366470336914,409.85992431640625,398.36112213134766,399.40799713134766,405.78636932373047,408.86688232421875,398.94713592529297,407.34429931640625,407.22985076904297,395.5959014892578,400.6624450683594,404.4911346435547,403.2828598022461,401.92333984375,400.3965148925781,398.65550231933594,396.7312240600586,394.5914001464844,378.49976348876953,389.7537841796875,387.08028411865234,379.96317291259766,381.07740783691406,377.8648147583008,357.0543670654297,370.44061279296875,337.1565704345703,319.358642578125,312.1387939453125,293.57240295410156,294.9116516113281,294.10377502441406,267.4010467529297,244.621337890625,251.3076171875,246.82376098632812,225.33895874023438,272.8128967285156,273.2908935546875,252.49490356445312,251.066162109375,256.1846618652344,237.58343505859375,254.6479034423828,223.68850708007812,253.9326171875,248.46835327148438,242.794189453125,246.9755859375,237.53216552734375,235.88214111328125,228.3343505859375,220.74285888671875,213.27874755859375,206.09942626953125,199.12057495117188,192.11322021484375,185.20449829101562,178.51150512695312,172.16323852539062,165.98855590820312,160.07620239257812,154.43670654296875,148.97994995117188,143.79019165039062,139.24978637695312,134.99114990234375,130.83724975585938,127.18563842773438,123.80807495117188,120.93463134765625,118.30484008789062,116.25552368164062,114.68087768554688,113.58572387695312,113.01492309570312,112.97738647460938,113.5924072265625,114.63284301757812,116.49224853515625,118.9552001953125,121.82110595703125,125.10504150390625,129.04562377929688,133.41665649414062,138.35601806640625,143.52349853515625,148.8917236328125,154.53875732421875,160.3758544921875,166.60317993164062,173.18218994140625,179.86715698242188,186.73294067382812,193.79421997070312,200.79708862304688,208.2352294921875,215.68594360351562,223.218994140625,227.21847534179688,238.61697387695312,246.51597595214844,250.57354736328125,257.2969207763672,235.84036254882812,262.91249084472656,263.32122802734375,289.66302490234375,264.4880828857422,274.3222198486328,255.56753540039062,257.5307922363281,258.3800964355469,285.8371276855469,305.26023864746094,313.8310241699219,287.7293243408203,312.60655212402344,313.6041717529297,300.7624053955078,340.7695770263672,326.2418670654297
"S209",344.62054443359375,336.21099853515625,333.81166076660156,356.6841125488281,344.9233703613281,372.662353515625,374.49669647216797,369.8417510986328,385.25435638427734,373.5034942626953,361.06541442871094,392.1653289794922,384.5295181274414,375.7112045288086,391.3273620605469,395.3983612060547,385.54969787597656,394.2937545776367,388.9275207519531,383.1171417236328,394.23858642578125,390.67559814453125,384.76670837402344,384.9786834716797,387.22330474853516,385.47022247314453,386.6553649902344,389.4216079711914,383.17259979248047,390.8297805786133,393.85447692871094,389.14173889160156,386.5493927001953,387.1017379760742,374.78726959228516,388.96334075927734,389.8168716430664,373.10679626464844,376.7004623413086,368.8134765625,371.7981262207031,359.00146484375,363.7759246826172,346.67323303222656,336.0234375,323.156982421875,268.53334045410156,284.7177429199219,282.8150634765625,261.7917785644531,258.6891632080078,238.93310546875,231.80557250976562,239.10330200195312,245.80087280273438,212.09765625,221.5933837890625,257.4796142578125,240.42251586914062,231.3385009765625,206.71441650390625,237.58343505859375,245.90945434570312,222.93783569335938,63.80322265625,229.93313598632812,214.75009155273438,238.9569091796875,232.7327880859375,225.12521362304688,217.18170166015625,209.28689575195312,201.50717163085938,193.96612548828125,186.75704956054688,179.4189453125,172.1920166015625,165.248291015625,158.62203979492188,152.15191650390625,145.90835571289062,140.0699462890625,134.46890258789062,128.95797729492188,124.21426391601562,119.7459716796875,115.31686401367188,111.59075927734375,108.10952758789062,105.17098999023438,102.42575073242188,100.2276611328125,98.53683471679688,97.38287353515625,96.84103393554688,96.846923828125,97.3629150390625,98.478515625,100.426513671875,103.04855346679688,106.02120971679688,109.41690063476562,113.583251953125,118.0421142578125,123.19686889648438,128.56088256835938,134.20916748046875,140.08660888671875,146.14828491210938,152.59872436523438,159.48382568359375,166.4376220703125,173.6456298828125,180.92578125,188.29376220703125,128.15570068359375,-48.425048828125,211.6513671875,174.87326049804688,227.69195556640625,215.02798461914062,233.56820678710938,224.40396118164062,235.84036254882812,251.98297119140625,263.32122802734375,265.2702941894531,204.296142578125,179.25491333007812,255.56753540039062,248.42098999023438,200.48422241210938,246.29225158691406,249.25425720214844,277.0743408203125,287.7293243408203,207.39544677734375,285.4585418701172,299.8838195800781,286.52183532714844,317.13726806640625
"S210",273.81117248535156,291.5701599121094,311.6834259033203,288.29554748535156,275.0404510498047,325.6076354980469,319.66200256347656,301.88136291503906,317.95945739746094,347.1658477783203,337.4928436279297,350.29412841796875,352.34613037109375,330.1398620605469,368.3343505859375,353.6834259033203,354.9107360839844,377.0195999145508,354.77525329589844,369.5149230957031,364.92437744140625,366.88352966308594,367.9321594238281,362.2177276611328,352.8861541748047,376.04290771484375,380.2428512573242,362.0841979980469,372.80413818359375,381.88633728027344,366.95619201660156,379.9370880126953,377.0445022583008,375.9908447265625,373.63587951660156,371.0485382080078,363.3625793457031,365.1104278564453,361.7918701171875,358.2893524169922,354.48692321777344,350.49855041503906,346.36822509765625,342.0188903808594,333.4158935546875,303.8550109863281,310.22694396972656,231.52389526367188,266.63099670410156,215.62136840820312,236.32089233398438,155.58538818359375,202.128662109375,241.61114501953125,208.12481689453125,156.22113037109375,122.13510131835938,157.31118774414062,128.30218505859375,177.1241455078125,243.96142578125,236.40475463867188,228.50070190429688,217.7489013671875,211.97796630859375,203.36636352539062,194.54083251953125,185.5653076171875,176.3380126953125,167.30014038085938,158.01165771484375,148.74578857421875,139.67990112304688,130.98904418945312,122.61178588867188,114.19732666015625,105.92471313476562,97.95413208007812,90.42413330078125,83.10464477539062,76.10235595703125,69.47393798828125,63.09979248046875,57.012451171875,51.7664794921875,46.8824462890625,42.119964599609375,38.057098388671875,34.351287841796875,31.30572509765625,28.579864501953125,26.58795166015625,25.215118408203125,24.47247314453125,24.41668701171875,25.03094482421875,26.410858154296875,28.352813720703125,31.270660400390625,34.917877197265625,39.00799560546875,43.5751953125,48.933868408203125,54.72509765625,61.191436767578125,67.89401245117188,74.8221435546875,82.0513916015625,89.493408203125,97.3709716796875,105.67514038085938,114.09317016601562,122.7357177734375,131.5706787109375,140.37301635742188,149.66162109375,158.95382690429688,168.33154296875,177.78866577148438,187.39157104492188,175.0050048828125,202.9261474609375,216.63565063476562,207.74588012695312,228.60202026367188,169.53643798828125,166.6649169921875,211.38821411132812,210.07290649414062,153.08389282226562,195.33383178710938,204.30389404296875,167.9090576171875,208.90109252929688,211.72476196289062,176.82229614257812,160.33624267578125,221.32778930664062,182.28933715820312,204.87576293945312,204.97134399414062
"S211",273.81117248535156,291.5701599121094,311.6834259033203,288.29554748535156,275.0404510498047,325.6076354980469,319.66200256347656,301.88136291503906,317.95945739746094,347.1658477783203,337.4928436279297,350.29412841796875,352.34613037109375,330.1398620605469,368.3343505859375,353.6834259033203,354.9107360839844,377.0195999145508,354.77525329589844,369.5149230957031,364.92437744140625,366.88352966308594,367.9321594238281,362.2177276611328,352.8861541748047,376.04290771484375,380.2428512573242,362.0841979980469,372.80413818359375,381.88633728027344,366.95619201660156,384.8328323364258,377.0445022583008,381.0491638183594,378.7904739379883,376.3093032836914,363.3625793457031,365.12623596191406,367.4299774169922,364.0710144042969,360.4246520996094,356.5997009277344,352.6399230957031,346.9537811279297,333.4158935546875,303.8550109863281,310.22694396972656,231.52389526367188,266.63099670410156,215.62136840820312,236.32089233398438,155.58538818359375,202.128662109375,241.61114501953125,208.12481689453125,156.22113037109375,122.13510131835938,157.31118774414062,128.30218505859375,177.1241455078125,254.4547576904297,239.12521362304688,235.078369140625,217.7489013671875,221.15090942382812,215.534912109375,207.07333374023438,198.46923828125,189.62078857421875,180.95840454101562,172.049560546875,163.16622924804688,154.4742431640625,146.138916015625,138.11141967773438,130.0435791015625,122.11184692382812,114.47293090820312,107.25424194335938,100.23617553710938,93.52008056640625,87.1697998046875,81.06478881835938,75.22488403320312,70.1981201171875,65.51620483398438,60.9478759765625,57.060150146484375,53.512451171875,50.59844970703125,47.988128662109375,46.079498291015625,44.76470947265625,44.05657958984375,44.009857177734375,44.605316162109375,45.926025390625,47.793121337890625,50.59576416015625,54.09954833984375,58.023956298828125,62.404815673828125,67.54843139648438,73.09967041015625,79.3028564453125,85.73101806640625,92.37997436523438,99.31365966796875,106.4508056640625,114.004638671875,121.97067260742188,130.04312133789062,138.33432006835938,146.80245971679688,155.2470703125,164.15298461914062,173.06365966796875,182.0565185546875,191.12442016601562,200.33251953125,175.0050048828125,202.9261474609375,228.37368774414062,207.74588012695312,228.60202026367188,169.53643798828125,166.6649169921875,211.38821411132812,210.07290649414062,153.08389282226562,195.33383178710938,204.30389404296875,167.9090576171875,208.90109252929688,211.72476196289062,176.82229614257812,160.33624267578125,221.32778930664062,182.28933715820312,204.87576293945312,204.97134399414062
"S212",308.36619567871094,312.2557067871094,273.6949920654297,313.0278778076172,320.9037780761719,325.6076354980469,313.0138244628906,352.0435028076172,321.27488708496094,326.5748748779297,363.3434295654297,350.29412841796875,359.3900451660156,381.29437255859375,368.3343505859375,338.39637756347656,378.0614242553711,377.0195999145508,350.5408020019531,377.30248260498047,364.92437744140625,365.0094909667969,388.2739562988281,361.4042663574219,348.20948791503906,379.2065124511719,380.2428512573242,378.7446594238281,385.1440887451172,381.88633728027344,371.5031433105469,379.84190368652344,377.0445022583008,360.96144104003906,378.7904739379883,375.7246780395508,345.5614776611328,367.86769104003906,364.1767120361328,359.3692626953125,360.4246520996094,317.8350067138672,320.01873779296875,342.74530029296875,327.65411376953125,281.76470947265625,288.83238220214844,195.04605102539062,206.05960083007812,215.62136840820312,215.84503173828125,155.58538818359375,202.128662109375,221.57183837890625,150.51687622070312,106.465576171875,86.92355346679688,103.41183471679688,128.30218505859375,156.69744873046875,171.27651977539062,165.61187744140625,164.63458251953125,159.250244140625,123.2005615234375,115.26666259765625,131.91482543945312,161.35848999023438,164.5177001953125,153.83328247070312,171.8487548828125,153.43618774414062,154.4742431640625,146.138916015625,138.11141967773438,130.0435791015625,122.11184692382812,114.47293090820312,107.25424194335938,100.23617553710938,93.52008056640625,87.1697998046875,81.06478881835938,75.22488403320312,70.1981201171875,65.51620483398438,60.9478759765625,57.060150146484375,53.512451171875,50.59844970703125,47.988128662109375,46.079498291015625,44.76470947265625,44.05657958984375,44.009857177734375,44.605316162109375,45.926025390625,47.793121337890625,50.59576416015625,54.09954833984375,58.023956298828125,62.404815673828125,67.54843139648438,73.09967041015625,79.3028564453125,85.73101806640625,92.37997436523438,99.31365966796875,106.4508056640625,114.004638671875,121.97067260742188,130.04312133789062,138.33432006835938,146.80245971679688,155.2470703125,164.15298461914062,173.06365966796875,182.0565185546875,191.12442016601562,171.23330688476562,150.53335571289062,193.17529296875,213.67498779296875,207.74588012695312,228.60202026367188,169.53643798828125,159.72616577148438,211.38821411132812,204.88775634765625,178.35784912109375,195.33383178710938,204.30389404296875,183.11965942382812,217.0211181640625,211.72476196289062,205.03192138671875,226.31539916992188,235.82876586914062,226.46011352539062,238.0826416015625,230.37115478515625
"S213",327.6121826171875,312.2557067871094,329.2441101074219,313.0278778076172,320.9037780761719,321.06617736816406,313.0138244628906,352.0435028076172,321.27488708496094,322.57855224609375,363.3434295654297,344.81199645996094,359.3900451660156,381.29437255859375,342.1477813720703,347.3646240234375,378.0614242553711,351.1522216796875,359.1122131347656,377.30248260498047,362.6712341308594,365.0094909667969,388.2739562988281,356.3866729736328,338.62786865234375,379.2065124511719,366.32940673828125,378.7446594238281,385.1440887451172,366.6534881591797,371.5031433105469,378.4867935180664,359.0633544921875,355.4720153808594,372.1698532104492,357.9325714111328,365.53504943847656,367.86769104003906,343.26698303222656,364.0710144042969,339.66900634765625,290.94898986816406,286.7120819091797,285.8495330810547,267.40467834472656,227.0494384765625,186.50942993164062,112.1910400390625,59.681732177734375,102.54898071289062,53.723846435546875,34.302886962890625,13.55731201171875,-20.521484375,-74.95440673828125,-106.66461181640625,-86.944580078125,-137.969482421875,-121.88531494140625,-70.59228515625,-205.47296142578125,-106.9058837890625,-115.72894287109375,-143.19317626953125,-174.696044921875,-174.5400390625,-171.97930908203125,-214.18603515625,-188.55120849609375,-161.90765380859375,-147.275390625,-177.0037841796875,-132.94952392578125,-116.60791015625,-127.2801513671875,-115.44281005859375,-240.14593505859375,-163.529052734375,-182.07525634765625,-183.27899169921875,-179.8682861328125,-252.136474609375,-191.50299072265625,-196.79461669921875,-211.530029296875,-171.03326416015625,-162.76470947265625,-245.34326171875,-214.510498046875,-179.52972412109375,-145.18231201171875,-103.31231689453125,-109.36212158203125,-112.24285888671875,-145.49774169921875,-165.82672119140625,-83.93316650390625,-74.84881591796875,-173.1793212890625,-108.5177001953125,-54.75836181640625,-104.8538818359375,-127.86407470703125,-82.44415283203125,-110.19720458984375,-91.62213134765625,-117.91839599609375,-71.24969482421875,-111.653564453125,-110.1947021484375,-61.59844970703125,-78.1260986328125,-92.015380859375,11.555206298828125,13.70086669921875,73.08978271484375,42.15509033203125,25.286651611328125,62.45050048828125,40.671722412109375,33.04254150390625,51.15386962890625,98.9412841796875,142.44265747070312,128.63543701171875,77.53488159179688,131.58468627929688,57.693328857421875,150.7685546875,178.35784912109375,142.77413940429688,174.8807373046875,183.11965942382812,217.0211181640625,184.6048583984375,205.03192138671875,226.31539916992188,235.82876586914062,226.46011352539062,238.0826416015625,230.37115478515625
"S214",327.6121826171875,312.2557067871094,329.2441101074219,313.0278778076172,320.9037780761719,321.06617736816406,313.0138244628906,352.0435028076172,321.27488708496094,322.57855224609375,363.3434295654297,344.81199645996094,359.3900451660156,377.5750198364258,342.1477813720703,347.3646240234375,378.0614242553711,351.1522216796875,359.1122131347656,377.30248260498047,362.6712341308594,365.0094909667969,377.3965835571289,356.3866729736328,338.62786865234375,375.5578155517578,366.32940673828125,373.71485900878906,372.50701904296875,366.6534881591797,369.4737091064453,367.646240234375,359.0633544921875,355.4720153808594,360.6786804199219,357.8240509033203,354.6815185546875,351.29164123535156,343.26698303222656,343.7722930908203,339.56553649902344,290.94898986816406,286.7120819091797,269.1150665283203,267.40467834472656,193.39517211914062,178.2288818359375,112.1910400390625,59.681732177734375,76.08526611328125,16.8331298828125,9.1441650390625,12.717559814453125,-64.9769287109375,-91.7877197265625,-130.158203125,-86.944580078125,-137.969482421875,-181.068603515625,-152.90960693359375,-379.28082275390625,-317.76141357421875,-154.944091796875,-176.48486328125,-257.04522705078125,-208.7952880859375,-171.97930908203125,-214.18603515625,-207.12164306640625,-179.0699462890625,-233.99237060546875,-245.5892333984375,-263.2957763671875,-240.038818359375,-234.99444580078125,-254.3138427734375,-347.0457763671875,-279.6378173828125,-385.8465576171875,-352.852294921875,-282.69012451171875,-282.97235107421875,-327.28289794921875,-303.5821533203125,-330.117919921875,-223.56573486328125,-241.4603271484375,-260.714599609375,-264.51190185546875,-396.9390869140625,-201.55218505859375,-202.2022705078125,-307.33709716796875,-214.99615478515625,-231.17120361328125,-302.19989013671875,-328.3953857421875,-301.11236572265625,-269.49017333984375,-226.57525634765625,-141.47857666015625,-202.4429931640625,-216.35418701171875,-216.42022705078125,-190.1756591796875,-260.57244873046875,-139.28314208984375,-142.76385498046875,-219.7406005859375,-178.836669921875,-143.45782470703125,-155.17706298828125,-92.015380859375,-54.42486572265625,-17.83551025390625,-14.9976806640625,-6.59527587890625,25.286651611328125,62.45050048828125,40.671722412109375,33.04254150390625,51.15386962890625,98.9412841796875,142.44265747070312,128.63543701171875,77.53488159179688,131.58468627929688,57.693328857421875,150.7685546875,178.35784912109375,142.77413940429688,174.8807373046875,183.11965942382812,217.0211181640625,184.6048583984375,205.03192138671875,226.31539916992188,235.82876586914062,226.46011352539062,238.0826416015625,230.37115478515625
"S215",327.6121826171875,304.9147033691406,329.2441101074219,297.0719909667969,297.66810607910156,239.50643920898438,298.883544921875,262.45533752441406,263.9809875488281,291.65342712402344,317.0415344238281,344.81199645996094,347.18231201171875,353.4923400878906,329.61285400390625,347.3646240234375,340.82298278808594,344.01470947265625,359.1122131347656,345.55238342285156,333.2170104980469,343.8459167480469,359.76641845703125,330.92706298828125,326.68385314941406,329.943603515625,366.32940673828125,378.4341735839844,352.3421173095703,355.78680419921875,371.04022216796875,348.54444885253906,359.0633544921875,355.4720153808594,351.52037048339844,357.9325714111328,365.53504943847656,339.5700988769531,343.26698303222656,368.47886657714844,307.43556213378906,289.3730163574219,286.7120819091797,251.1770782470703,267.40467834472656,181.3460693359375,147.35848999023438,101.05810546875,59.681732177734375,76.08526611328125,-59.27569580078125,-36.033935546875,-158.65093994140625,-142.14263916015625,-213.68475341796875,-226.8494873046875,-261.97503662109375,-268.76422119140625,-349.2265625,-411.41546630859375,-411.0540771484375,-382.23321533203125,-541.4078369140625,-644.318115234375,-555.6868896484375,-695.1702880859375,-551.77294921875,-476.12860107421875,-679.6048583984375,-515.7205200195312,-569.487548828125,-570.1478271484375,-668.7935791015625,-778.8682861328125,-606.9931640625,-634.4022216796875,-566.487548828125,-689.51025390625,-637.087646484375,-546.38623046875,-757.271484375,-612.9144287109375,-517.1435546875,-605.44580078125,-605.7159423828125,-623.81396484375,-488.810302734375,-439.1605224609375,-605.443115234375,-661.0662841796875,-473.91949462890625,-625.59326171875,-792.95166015625,-536.1807861328125,-662.6207275390625,-457.181640625,-451.92156982421875,-392.222412109375,-408.00750732421875,-355.54058837890625,-493.79742431640625,-466.18548583984375,-338.4637451171875,-406.279296875,-557.6083984375,-641.6395263671875,-379.45147705078125,-261.64263916015625,-264.2076416015625,-201.26544189453125,-183.49322509765625,-177.431396484375,-362.58795166015625,-117.448486328125,-74.71221923828125,-14.9976806640625,-6.59527587890625,-28.99822998046875,-31.845947265625,-31.59246826171875,-88.3265380859375,45.491241455078125,98.9412841796875,100.63992309570312,68.941162109375,55.33221435546875,50.675018310546875,57.693328857421875,150.7685546875,138.55194091796875,138.73760986328125,135.45050048828125,138.85433959960938,162.90975952148438,119.62164306640625,179.39752197265625,171.42507934570312,200.11553955078125,155.65585327148438,25.58984375,191.51998901367188
"S216",276.7853698730469,283.55311584472656,287.84584045410156,291.8915100097656,295.5408172607422,299.0824737548828,302.1480255126953,305.0448913574219,307.4350280761719,283.3596954345703,311.4686584472656,297.97996520996094,314.5900421142578,304.2906036376953,316.48081970214844,317.04742431640625,317.4521484375,317.63035583496094,317.6663513183594,317.5678253173828,317.38946533203125,317.02125549316406,316.58961486816406,315.9857635498047,315.28855895996094,314.3061981201172,313.1571960449219,311.8674011230469,310.2843933105469,308.45765686035156,306.2718811035156,303.7830352783203,301.0106658935547,297.927734375,294.3890686035156,290.4679260253906,286.11102294921875,281.3734893798828,276.24562072753906,270.8241882324219,264.9025115966797,258.63970947265625,252.15347290039062,245.22116088867188,237.931640625,230.46939086914062,222.76577758789062,193.79641723632812,174.1351318359375,-22.599365234375,123.79620361328125,81.97372436523438,-60.83685302734375,-84.2247314453125,-166.435302734375,-151.48040771484375,-358.89666748046875,-338.1746826171875,-305.9547119140625,-262.890625,-460.024658203125,-423.7469482421875,-397.60504150390625,-433.9183349609375,-573.7269287109375,-734.1353759765625,-727.4930419921875,-496.72674560546875,-445.7789306640625,-520.1488647460938,-698.157470703125,-540.361328125,-581.899658203125,-573.0069580078125,-591.81591796875,-693.078369140625,-597.182373046875,-505.49603271484375,-575.585205078125,-649.2496337890625,-525.3555908203125,-545.5185546875,-477.75628662109375,-558.6187744140625,-458.360107421875,-505.10003662109375,-560.786376953125,-717.87255859375,-562.5328369140625,-661.756591796875,-477.4295654296875,-451.57989501953125,-438.3712158203125,-570.3070068359375,-579.8153076171875,-740.5418701171875,-641.048095703125,-590.371826171875,-409.52056884765625,-491.97149658203125,-516.355712890625,-622.6005859375,-444.38250732421875,-415.79693603515625,-350.1246337890625,-482.87469482421875,-404.70489501953125,-357.8072509765625,-389.2547607421875,-304.90362548828125,-209.14520263671875,-199.63543701171875,-216.83819580078125,-151.76153564453125,-119.749267578125,-182.96685791015625,-82.1932373046875,-111.349609375,-51.2742919921875,-50.76556396484375,-149.6650390625,-28.698486328125,13.40765380859375,13.049407958984375,44.724517822265625,58.111053466796875,-10.47900390625,29.67279052734375,96.77484130859375,89.24969482421875,105.5162353515625,117.50131225585938,113.52700805664062,119.48171997070312,106.80303955078125,103.67514038085938,73.19540405273438,105.64501953125,146.87884521484375,161.20050048828125,84.9561767578125
"S217",358.94239807128906,309.3008728027344,337.7794494628906,365.8190002441406,341.02235412597656,354.65480041503906,358.7684631347656,340.10589599609375,361.41770935058594,339.2893524169922,349.4770202636719,337.98582458496094,358.8509979248047,352.69677734375,356.5168151855469,382.5507125854492,366.0063171386719,373.20848083496094,383.92027282714844,370.8699951171875,381.48572540283203,376.78993225097656,378.6884002685547,376.91514587402344,392.1967239379883,385.6448974609375,373.8684768676758,383.41444396972656,389.0514373779297,386.0779342651367,390.7423400878906,389.37139892578125,379.91819763183594,386.05554962158203,384.06321716308594,371.57691955566406,375.023193359375,369.9300231933594,355.4075012207031,370.82762145996094,351.9102325439453,328.7471618652344,324.3836669921875,308.9466094970703,279.4458465576172,254.28358459472656,238.71572875976562,193.79641723632812,174.1351318359375,-107.3560791015625,123.79620361328125,81.97372436523438,-60.83685302734375,-84.2247314453125,-166.435302734375,-151.48040771484375,-358.89666748046875,-335.245361328125,-305.9547119140625,-262.890625,-460.024658203125,-423.7469482421875,-397.60504150390625,-433.9183349609375,-573.7269287109375,-575.3226318359375,-727.4930419921875,-496.72674560546875,-445.7789306640625,-520.1488647460938,-698.157470703125,-540.361328125,-581.899658203125,-573.0069580078125,-591.81591796875,-648.4239501953125,-597.182373046875,-505.49603271484375,-575.585205078125,-649.2496337890625,-525.3555908203125,-545.5185546875,-477.75628662109375,-558.6187744140625,-458.360107421875,-505.10003662109375,-560.786376953125,-717.87255859375,-562.5328369140625,-661.756591796875,-477.4295654296875,-451.57989501953125,-438.3712158203125,-570.3070068359375,-579.8153076171875,-740.5418701171875,-641.048095703125,-590.371826171875,-409.52056884765625,-491.97149658203125,-516.355712890625,-622.6005859375,-444.38250732421875,-415.79693603515625,-350.1246337890625,-482.87469482421875,-404.70489501953125,-357.8072509765625,-389.2547607421875,-304.90362548828125,-209.14520263671875,-199.63543701171875,-216.83819580078125,-151.76153564453125,-119.749267578125,-148.703125,-56.982177734375,-111.349609375,13.462615966796875,-50.76556396484375,-149.6650390625,-28.698486328125,27.421966552734375,13.049407958984375,130.06390380859375,58.111053466796875,-19.2841796875,76.41497802734375,96.77484130859375,89.24969482421875,105.5162353515625,117.50131225585938,113.52700805664062,119.48171997070312,127.91622924804688,145.10995483398438,131.7841796875,137.75405883789062,174.30206298828125,161.20050048828125,157.2587890625
"S218",358.94239807128906,309.3008728027344,337.7794494628906,365.8190002441406,341.02235412597656,354.65480041503906,358.7684631347656,340.10589599609375,361.41770935058594,339.2893524169922,349.4770202636719,341.25538635253906,358.8509979248047,358.1466064453125,356.5168151855469,382.5507125854492,366.0063171386719,373.20848083496094,383.92027282714844,370.8699951171875,381.48572540283203,376.78993225097656,378.6884002685547,376.91514587402344,392.1967239379883,385.6448974609375,373.8684768676758,383.41444396972656,389.0514373779297,386.0779342651367,390.7423400878906,389.37139892578125,379.91819763183594,386.05554962158203,384.06321716308594,371.57691955566406,375.023193359375,369.9300231933594,355.4075012207031,370.82762145996094,351.9102325439453,328.7471618652344,324.3836669921875,308.9466094970703,279.4458465576172,254.28358459472656,238.71572875976562,193.79641723632812,174.1351318359375,-23.250732421875,123.79620361328125,81.97372436523438,-60.83685302734375,-84.2247314453125,-166.435302734375,-151.48040771484375,-358.89666748046875,-335.245361328125,-305.9547119140625,-262.890625,-460.024658203125,-423.7469482421875,-397.60504150390625,-433.9183349609375,-573.7269287109375,-575.3226318359375,-727.4930419921875,-496.72674560546875,-445.7789306640625,-520.1488647460938,-698.157470703125,-540.361328125,-581.899658203125,-573.0069580078125,-591.81591796875,-648.4239501953125,-597.182373046875,-505.49603271484375,-575.585205078125,-649.2496337890625,-525.3555908203125,-545.5185546875,-477.75628662109375,-558.6187744140625,-458.360107421875,-505.10003662109375,-560.786376953125,-717.87255859375,-562.5328369140625,-661.756591796875,-477.4295654296875,-451.57989501953125,-438.3712158203125,-570.3070068359375,-579.8153076171875,-740.5418701171875,-641.048095703125,-590.371826171875,-409.52056884765625,-491.97149658203125,-516.355712890625,-622.6005859375,-444.38250732421875,-415.79693603515625,-350.1246337890625,-482.87469482421875,-404.70489501953125,-357.8072509765625,-389.2547607421875,-304.90362548828125,-209.14520263671875,-199.63543701171875,-216.83819580078125,-151.76153564453125,-119.749267578125,-148.703125,-56.982177734375,-111.349609375,13.462615966796875,-50.76556396484375,-149.6650390625,-28.698486328125,27.421966552734375,13.049407958984375,130.06390380859375,58.111053466796875,-19.2841796875,76.41497802734375,96.77484130859375,89.24969482421875,105.5162353515625,117.50131225585938,113.52700805664062,119.48171997070312,127.91622924804688,145.10995483398438,131.7841796875,137.75405883789062,174.30206298828125,161.20050048828125,157.2587890625
"S219",358.94239807128906,377.3882293701172,350.45811462402344,365.8190002441406,384.4691390991211,386.59674072265625,388.45438385009766,390.2222671508789,370.1382598876953,393.0223159790039,394.2514114379883,395.29947662353516,396.27567291259766,397.0919952392578,397.5729446411133,398.00235748291016,398.3312454223633,398.5295181274414,398.63736724853516,398.67919921875,398.6553497314453,398.53099822998047,398.37255859375,398.12738037109375,397.8323745727539,397.38504791259766,396.85318756103516,396.2575454711914,395.5082550048828,394.63843536376953,393.5798873901367,392.3605422973633,390.8872756958008,389.02342224121094,386.9165496826172,384.6025390625,382.0499801635742,374.03414154052734,376.32901763916016,373.19303131103516,369.7872314453125,366.21893310546875,362.5143127441406,358.63304138183594,320.0964660644531,280.5418701171875,276.547119140625,172.45315551757812,210.91256713867188,122.82229614257812,22.97601318359375,8.99615478515625,-110.04876708984375,-233.17791748046875,-230.61102294921875,-292.43157958984375,-327.2977294921875,-318.489501953125,-392.38043212890625,-409.95843505859375,-415.0439453125,-482.7313232421875,-463.36334228515625,-521.245849609375,-574.3291015625,-575.3226318359375,-773.0546875,-655.3360595703125,-548.11962890625,-639.07275390625,-820.257080078125,-651.6328125,-690.4189453125,-738.3704833984375,-783.7669677734375,-648.4239501953125,-696.3719482421875,-774.64404296875,-716.021484375,-720.9876708984375,-922.3865966796875,-899.22265625,-950.4136962890625,-821.5872802734375,-839.3848876953125,-835.00341796875,-795.6669921875,-775.125732421875,-761.653564453125,-787.9749755859375,-878.609375,-714.0849609375,-809.1953125,-826.3035888671875,-719.2606201171875,-739.2843017578125,-738.0634765625,-791.201171875,-651.5128173828125,-684.658203125,-719.246337890625,-629.6046142578125,-633.0599365234375,-753.7802734375,-751.8226318359375,-535.781494140625,-506.16107177734375,-437.65948486328125,-513.3494262695312,-415.74664306640625,-320.12884521484375,-409.61444091796875,-234.23126220703125,-195.8236083984375,-238.9246826171875,-148.703125,-296.13116455078125,-233.75299072265625,-221.01611328125,-164.62420654296875,-170.59197998046875,-47.60125732421875,-120.46893310546875,7.994110107421875,53.547821044921875,-10.26959228515625,6.797149658203125,76.41497802734375,81.39736938476562,84.15310668945312,114.35052490234375,76.68722534179688,163.22201538085938,178.10369873046875,209.1697998046875,203.4764404296875,235.32351684570312,202.25601196289062,211.23748779296875,274.0979309082031,285.352294921875
"S220",352.33477783203125,377.3882293701172,350.45811462402344,307.8957824707031,384.4691390991211,386.59674072265625,388.45438385009766,390.2222671508789,370.1382598876953,393.0223159790039,394.2514114379883,395.29947662353516,396.27567291259766,397.0919952392578,397.5729446411133,398.00235748291016,398.3312454223633,398.5295181274414,398.63736724853516,398.67919921875,398.6553497314453,398.53099822998047,398.37255859375,398.12738037109375,397.8323745727539,397.38504791259766,396.85318756103516,396.2575454711914,395.5082550048828,394.63843536376953,393.5798873901367,392.3605422973633,390.8872756958008,389.02342224121094,386.9165496826172,384.6025390625,382.0499801635742,374.03414154052734,376.32901763916016,373.19303131103516,369.7872314453125,366.21893310546875,362.5143127441406,358.63304138183594,320.0964660644531,280.5418701171875,276.547119140625,172.45315551757812,210.91256713867188,122.82229614257812,20.374542236328125,8.99615478515625,-171.1685791015625,-233.17791748046875,-265.60205078125,-292.43157958984375,-327.2977294921875,-318.489501953125,-439.35772705078125,-496.73779296875,-415.0439453125,-482.7313232421875,-463.36334228515625,-521.245849609375,-658.437744140625,-864.921630859375,-773.0546875,-754.353515625,-701.32177734375,-709.6353759765625,-869.5130615234375,-864.720947265625,-850.6776123046875,-811.0035400390625,-842.74267578125,-938.252685546875,-811.3096923828125,-896.336181640625,-1088.580810546875,-1049.404541015625,-983.47705078125,-975.121337890625,-1148.1669921875,-956.398681640625,-979.0487060546875,-1040.650634765625,-883.0462646484375,-888.5399169921875,-889.8118896484375,-787.9749755859375,-878.609375,-1022.7220458984375,-809.1953125,-989.190185546875,-747.2486572265625,-739.2843017578125,-738.0634765625,-824.229736328125,-678.625,-713.199462890625,-753.6619873046875,-629.6046142578125,-792.531494140625,-753.7802734375,-751.8226318359375,-670.629638671875,-764.6748046875,-606.485107421875,-774.3492431640625,-532.2596435546875,-465.5343017578125,-579.2413330078125,-541.390625,-380.79852294921875,-411.208740234375,-352.49029541015625,-296.13116455078125,-233.75299072265625,-221.01611328125,-167.9752197265625,-211.75787353515625,-210.74615478515625,-120.46893310546875,7.994110107421875,-6.17608642578125,-10.26959228515625,6.797149658203125,60.497406005859375,79.53274536132812,60.409423828125,114.35052490234375,44.44976806640625,163.22201538085938,178.10369873046875,209.1697998046875,203.4764404296875,235.32351684570312,202.25601196289062,211.23748779296875,274.0979309082031,285.352294921875
"S221",352.33477783203125,381.7954635620117,350.45811462402344,322.59564208984375,388.62244415283203,390.6708526611328,392.45947265625,394.1670608520508,370.1382598876953,396.8984909057617,398.07232666015625,399.0995101928711,400.02589416503906,400.8069305419922,401.30572509765625,401.71883392333984,402.0439453125,402.2412567138672,402.3628158569336,402.37366485595703,402.3729248046875,402.2626419067383,402.1205368041992,401.87877655029297,401.5957946777344,401.17125701904297,400.6859588623047,400.11351013183594,399.3960418701172,398.56201171875,397.54003143310547,396.38285064697266,395.0758819580078,393.59986114501953,391.9009094238281,390.0094757080078,387.8894805908203,374.03414154052734,380.87078857421875,380.35726165771484,377.3897476196289,369.53741455078125,370.94471740722656,367.4407501220703,320.0964660644531,280.5418701171875,276.547119140625,172.45315551757812,210.91256713867188,122.82229614257812,20.374542236328125,8.99615478515625,-171.1685791015625,-233.17791748046875,-265.60205078125,-292.43157958984375,-327.2977294921875,-318.489501953125,-439.35772705078125,-496.73779296875,-415.0439453125,-482.7313232421875,-463.36334228515625,-521.245849609375,-658.437744140625,-864.921630859375,-773.0546875,-754.353515625,-701.32177734375,-709.6353759765625,-869.5130615234375,-864.720947265625,-850.6776123046875,-811.0035400390625,-842.74267578125,-938.252685546875,-811.3096923828125,-896.336181640625,-1088.580810546875,-1049.404541015625,-983.47705078125,-975.121337890625,-1148.1669921875,-956.398681640625,-979.0487060546875,-1040.650634765625,-883.0462646484375,-888.5399169921875,-889.8118896484375,-787.9749755859375,-878.609375,-1022.7220458984375,-809.1953125,-1005.60009765625,-747.2486572265625,-739.2843017578125,-738.0634765625,-824.229736328125,-678.625,-713.199462890625,-753.6619873046875,-629.6046142578125,-792.531494140625,-753.7802734375,-751.8226318359375,-670.629638671875,-764.6748046875,-606.485107421875,-774.3492431640625,-532.2596435546875,-465.5343017578125,-552.0703125,-470.078369140625,-407.85919189453125,-411.208740234375,-352.49029541015625,-344.44366455078125,-233.75299072265625,-221.01611328125,-183.08203125,-103.58197021484375,-29.3905029296875,-67.7470703125,8.908721923828125,-6.17608642578125,43.53314208984375,73.777099609375,98.50177001953125,79.53274536132812,60.409423828125,115.93304443359375,96.86370849609375,163.22201538085938,178.10369873046875,209.1697998046875,205.02572631835938,235.32351684570312,202.25601196289062,211.23748779296875,274.0979309082031,285.352294921875
"S222",349.7812194824219,339.1498718261719,381.3851089477539,364.8092956542969,387.97664642333984,356.76409912109375,330.4534912109375,357.56378173828125,324.19944763183594,357.93487548828125,395.6084442138672,341.9166717529297,385.3252182006836,389.9709930419922,397.35286712646484,344.0040283203125,392.5521926879883,372.9746322631836,394.2745666503906,404.70057678222656,404.46790313720703,394.3740463256836,403.37237548828125,388.65930938720703,394.4937210083008,406.5034942626953,400.1604537963867,399.3498764038086,408.71863555908203,407.2570266723633,399.67893981933594,408.29434967041016,407.4394836425781,401.97035217285156,400.05037689208984,396.4886016845703,397.66893005371094,391.0641784667969,391.5013198852539,378.3029327392578,354.701416015625,324.9559020996094,301.44944763183594,282.61077880859375,242.9930419921875,228.5980224609375,147.47296142578125,150.20864868164062,58.96539306640625,-51.06915283203125,-74.17401123046875,-145.78106689453125,-203.7957763671875,-423.20318603515625,-458.71038818359375,-545.2440185546875,-630.8363037109375,-730.49169921875,-728.7996826171875,-793.4337158203125,-1008.33740234375,-970.6414794921875,-988.6259765625,-1064.0289306640625,-964.9144287109375,-1017.75244140625,-1048.1937255859375,-1219.5372314453125,-1052.424560546875,-1277.5860595703125,-1224.8643798828125,-1081.6326904296875,-1190.0216064453125,-1017.876708984375,-1130.5948486328125,-1140.6580810546875,-933.90380859375,-1130.0823974609375,-1122.843017578125,-1089.2825927734375,-1095.73046875,-1014.8389892578125,-987.357177734375,-955.7625732421875,-966.84130859375,-985.8524169921875,-993.4764404296875,-1030.75537109375,-968.7423095703125,-777.873779296875,-896.2728271484375,-811.893798828125,-694.234130859375,-789.8143310546875,-763.943359375,-644.546630859375,-860.869384765625,-658.532470703125,-670.897216796875,-680.162353515625,-529.33935546875,-572.9923095703125,-608.938720703125,-647.419921875,-603.08349609375,-544.90869140625,-492.52984619140625,-550.1295166015625,-516.2521362304688,-459.667236328125,-675.351806640625,-518.5379638671875,-309.12347412109375,-285.87744140625,-206.56939697265625,-142.9586181640625,-199.50555419921875,-196.607177734375,-137.63958740234375,-2.256988525390625,-68.76214599609375,79.51284790039062,112.91366577148438,123.98434448242188,115.453857421875,166.11663818359375,192.31539916992188,133.56927490234375,178.87338256835938,98.62554931640625,142.14544677734375,159.731689453125,230.22726440429688,272.86077880859375,277.79449462890625,251.324951171875,292.3120422363281,283.7919464111328,256.7300262451172,248.61190795898438,264.2768096923828
"S223",349.7812194824219,339.1498718261719,381.3851089477539,364.8092956542969,387.97664642333984,356.76409912109375,360.4963684082031,357.56378173828125,358.65467834472656,391.9289321899414,395.6084442138672,353.22520446777344,385.3252182006836,389.9709930419922,397.35286712646484,383.0820541381836,392.5521926879883,372.9746322631836,394.2745666503906,404.70057678222656,404.46790313720703,394.3740463256836,403.37237548828125,388.65930938720703,394.4937210083008,406.5034942626953,400.1604537963867,399.3498764038086,408.71863555908203,407.2570266723633,399.67893981933594,409.07752990722656,407.4394836425781,401.97035217285156,400.05037689208984,396.4886016845703,397.66893005371094,391.0641784667969,391.5013198852539,378.3029327392578,355.4397277832031,333.2162780761719,314.98193359375,319.7419738769531,292.00315856933594,228.5980224609375,237.12591552734375,150.20864868164062,58.96539306640625,36.755828857421875,-74.17401123046875,-118.90753173828125,-203.7957763671875,-244.55621337890625,-458.71038818359375,-545.2440185546875,-415.39044189453125,-540.195556640625,-561.1405029296875,-642.359619140625,-630.6483154296875,-613.836181640625,-640.733642578125,-664.55419921875,-667.449951171875,-946.8897705078125,-750.3304443359375,-976.8082275390625,-693.597900390625,-657.85498046875,-751.7430419921875,-782.450927734375,-941.1141357421875,-933.3662109375,-880.3797607421875,-762.468505859375,-773.296630859375,-670.862060546875,-901.8936767578125,-988.52001953125,-780.1256103515625,-836.4149169921875,-817.9476318359375,-810.737060546875,-907.2493896484375,-851.7840576171875,-982.148681640625,-900.022216796875,-729.3232421875,-777.873779296875,-737.1407470703125,-714.990478515625,-694.234130859375,-789.8143310546875,-762.704833984375,-644.546630859375,-860.869384765625,-658.532470703125,-607.212158203125,-636.6319580078125,-529.33935546875,-572.9923095703125,-608.938720703125,-556.3316650390625,-585.36279296875,-450.90411376953125,-387.66748046875,-378.18133544921875,-516.2521362304688,-459.667236328125,-511.0848388671875,-475.25567626953125,-309.12347412109375,-285.87744140625,-206.56939697265625,-142.9586181640625,-160.7509765625,-131.85565185546875,-137.63958740234375,-2.256988525390625,-68.76214599609375,79.51284790039062,112.91366577148438,123.98434448242188,169.091552734375,166.11663818359375,192.31539916992188,177.8170166015625,193.18783569335938,132.6112060546875,142.14544677734375,159.731689453125,230.22726440429688,272.86077880859375,277.79449462890625,251.324951171875,292.3120422363281,283.7919464111328,256.7300262451172,248.61190795898438,264.2768096923828
"S224",408.7113952636719,410.48673248291016,412.2188720703125,413.83650970458984,415.2621154785156,416.6576690673828,417.84705352783203,418.96524810791016,419.8704376220703,420.64539337158203,421.3728790283203,421.96363067626953,422.5198745727539,422.96141052246094,423.1521682739258,423.3277816772461,423.4359664916992,423.45800018310547,423.41495513916016,423.3424758911133,423.20665740966797,422.99859619140625,422.76171875,422.45642852783203,422.101318359375,421.6145782470703,421.0429153442383,420.4153823852539,419.65027618408203,418.7770309448242,417.74595642089844,416.567626953125,415.27355194091797,413.84747314453125,412.2128143310547,410.41951751708984,408.4324722290039,406.2830123901367,403.96964263916016,401.5459289550781,398.9189987182617,396.15431213378906,393.32006072998047,390.27051544189453,387.1181411743164,383.9239959716797,380.60974884033203,363.8636016845703,325.2526550292969,331.6731719970703,324.798583984375,297.9185028076172,295.12879943847656,248.0838165283203,171.43075561523438,160.36962890625,215.37606811523438,213.88442993164062,197.62887573242188,162.27297973632812,164.02755737304688,145.0433349609375,204.50442504882812,150.15969848632812,153.81283569335938,100.47979736328125,112.5389404296875,85.1513671875,153.26641845703125,166.47409057617188,61.298736572265625,116.7481689453125,88.29403686523438,106.28170776367188,117.15444946289062,126.35372924804688,131.95358276367188,172.72845458984375,101.835205078125,90.72506713867188,154.75991821289062,103.628662109375,136.2266845703125,151.12484741210938,85.36541748046875,76.08505249023438,89.534423828125,140.34564208984375,137.03829956054688,31.088623046875,106.55191040039062,143.94424438476562,118.47256469726562,11.00152587890625,127.64376831054688,127.618408203125,101.4306640625,134.50579833984375,170.27316284179688,115.26596069335938,162.51925659179688,175.95916748046875,139.824462890625,169.334228515625,170.94464111328125,201.25714111328125,206.13333129882812,202.7535400390625,146.9822998046875,199.03057861328125,136.21359252929688,146.69009399414062,228.54168701171875,171.88037109375,226.3828125,258.0175323486328,264.4569396972656,267.18646240234375,260.27146911621094,284.1608428955078,290.8717498779297,297.69183349609375,292.80426025390625,310.98524475097656,291.8865661621094,323.7397003173828,329.9941101074219,335.9369659423828,332.51087951660156,347.1649627685547,352.4068908691406,357.4363555908203,357.6228942871094,341.74932861328125,342.5674743652344,375.1142044067383,379.04639434814453,382.6565933227539,386.046142578125,358.9508972167969,381.57886505126953
"S225",390.0254211425781,392.2463073730469,394.3898468017578,396.4137191772461,398.24510192871094,400.0208435058594,401.55335235595703,403.0070495605469,404.2146911621094,405.27232360839844,406.2406921386719,407.0676040649414,407.81783294677734,408.43521881103516,408.7849426269531,409.07537841796875,409.28820037841797,409.39027404785156,409.42308044433594,409.3735885620117,409.29825592041016,409.12620544433594,408.9237594604492,408.6304626464844,408.29178619384766,407.8117141723633,407.2599792480469,406.62757110595703,405.8478012084961,404.9497299194336,403.8690872192383,402.6445846557617,401.27635192871094,399.7468719482422,397.9944534301758,396.0576858520508,393.90138244628906,391.5583724975586,389.02284240722656,386.33538818359375,383.3988800048828,380.3000183105469,377.0810317993164,373.6577835083008,370.05027770996094,366.343505859375,362.532958984375,358.56292724609375,354.6518096923828,350.5509796142578,346.28627014160156,341.9639587402344,337.4846649169922,332.7810516357422,328.1007995605469,323.2705078125,318.11322021484375,312.6755676269531,306.9311218261719,301.2991638183594,295.83729553222656,289.86993408203125,283.60443115234375,277.0959167480469,270.44224548339844,263.5567626953125,256.4570770263672,249.2109832763672,241.7088623046875,234.34136962890625,226.70474243164062,219.07254028320312,211.5595703125,204.30319213867188,197.31246948242188,190.24185180664062,183.27471923828125,176.55499267578125,170.16058349609375,163.92813110351562,157.935546875,152.28042602539062,146.83316040039062,141.55731201171875,136.98236083984375,132.68121337890625,128.44949340820312,124.81634521484375,121.43789672851562,118.57571411132812,115.92755126953125,113.833984375,112.22457885742188,111.11715698242188,110.5712890625,110.55807495117188,111.11370849609375,112.17819213867188,114.05633544921875,116.56509399414062,119.44342041015625,122.73587036132812,126.73373413085938,131.0843505859375,136.0604248046875,141.25131225585938,146.68331909179688,152.3638916015625,158.22869873046875,164.47695922851562,171.1143798828125,177.83663940429688,184.77496337890625,191.84173583984375,198.92669677734375,206.40118408203125,213.90078735351562,221.49038696289062,229.16006469726562,236.98553466796875,244.92962646484375,252.97361755371094,261.03428649902344,268.9004211425781,276.48822021484375,284.3118896484375,291.9340362548828,299.1753234863281,306.1962127685547,313.05262756347656,319.4695739746094,325.73109436035156,331.7080535888672,337.3574523925781,342.69239807128906,347.7889099121094,352.6771240234375,357.20074462890625,361.4187927246094,365.36647033691406,369.20709228515625
"S226",390.66876220703125,392.9028625488281,395.00867462158203,397.0096664428711,398.8636932373047,400.62384033203125,402.14324951171875,403.59193420410156,404.80987548828125,405.8872833251953,406.8334426879883,407.6783752441406,408.4023666381836,409.0068893432617,409.4040069580078,409.6908645629883,409.9133071899414,410.02278900146484,410.0799026489258,409.98804473876953,409.9445571899414,409.7867965698242,409.6002731323242,409.30047607421875,408.9654235839844,408.4974899291992,407.9878616333008,407.3613739013672,406.59310150146484,405.70652770996094,404.63002014160156,403.43907928466797,402.08118438720703,400.54283142089844,398.8044662475586,396.88272857666016,394.75072479248047,392.4391174316406,389.9376525878906,387.26146697998047,384.33172607421875,381.2547149658203,378.0194625854492,374.6649398803711,371.0576629638672,367.30174255371094,363.51341247558594,359.57110595703125,355.70274353027344,351.5892028808594,347.34716796875,343.0404968261719,338.5149230957031,333.8805847167969,329.178955078125,324.4072570800781,319.2710723876953,313.83428955078125,308.1602020263672,302.5330352783203,297.05201721191406,291.0976104736328,284.88230895996094,278.3580627441406,271.84625244140625,264.9596710205078,257.91136169433594,250.67652893066406,243.29385375976562,235.9151611328125,228.45144653320312,220.85397338867188,213.40048217773438,206.28744506835938,199.25479125976562,192.28952026367188,185.41473388671875,178.69894409179688,172.3677978515625,166.23394775390625,160.40725708007812,154.73504638671875,149.20095825195312,144.1158447265625,139.58978271484375,135.36407470703125,131.3101806640625,127.58352661132812,124.17022705078125,121.24392700195312,118.61935424804688,116.629638671875,115.10208129882812,114.01702880859375,113.3924560546875,113.30807495117188,114.04000854492188,115.0460205078125,116.889404296875,119.29254150390625,122.16552734375,125.46853637695312,129.34393310546875,133.79983520507812,138.72357177734375,143.9027099609375,149.208984375,154.85409545898438,160.70196533203125,166.95687866210938,173.49740600585938,180.18490600585938,186.98880004882812,194.1162109375,201.04107666015625,208.49160766601562,215.931396484375,223.44009399414062,231.06793212890625,238.82290649414062,246.7233123779297,254.62106323242188,262.6446228027344,270.4617462158203,278.06361389160156,285.7783966064453,293.35882568359375,300.5090026855469,307.4940643310547,314.3726806640625,320.6420135498047,326.8887023925781,332.8271484375,338.429443359375,343.7398376464844,348.833740234375,353.6669616699219,358.1960144042969,362.38258361816406,366.3313446044922,370.11814880371094
"S227",335.00074768066406,338.2412872314453,341.3211975097656,344.21385192871094,346.8284912109375,349.3260192871094,351.4604949951172,353.47271728515625,355.1155700683594,356.54388427734375,357.82403564453125,358.9093017578125,359.86875915527344,360.6415252685547,361.04698181152344,361.3502197265625,361.5496826171875,361.5857696533203,361.53074645996094,361.3266296386719,361.1176452636719,360.74977111816406,360.33082580566406,359.7550506591797,359.1049041748047,358.22935485839844,357.23687744140625,356.0935821533203,354.7116394042969,353.1290283203125,351.2514343261719,349.14833068847656,346.7973327636719,344.18121337890625,341.2205810546875,337.965087890625,334.3768310546875,330.5019226074219,326.3309631347656,321.926513671875,317.14414978027344,312.12782287597656,306.92877197265625,301.46522521972656,295.7011260986328,289.79066467285156,283.7666931152344,277.50640869140625,271.3623352050781,264.89930725097656,258.18748474121094,251.3742218017578,244.27587890625,236.8531494140625,229.41659545898438,221.76181030273438,213.54498291015625,204.85470581054688,195.70501708984375,186.70697021484375,177.984130859375,168.46148681640625,158.51010131835938,148.16879272460938,137.69790649414062,126.84634399414062,115.72943115234375,104.4195556640625,92.79971313476562,81.40359497070312,69.71224975585938,58.04034423828125,46.61968994140625,35.680572509765625,25.109649658203125,14.505889892578125,4.081329345703125,-5.973968505859375,-15.4671630859375,-24.6910400390625,-33.5093994140625,-41.8856201171875,-49.94329833984375,-57.6053466796875,-64.23626708984375,-70.3995361328125,-76.40185546875,-81.5582275390625,-86.256591796875,-90.1243896484375,-93.5810546875,-96.110107421875,-97.85894775390625,-98.82415771484375,-98.932373046875,-98.1961669921875,-96.46484375,-94.0496826171875,-90.4083251953125,-85.8526611328125,-80.72369384765625,-74.9896240234375,-68.2698974609375,-60.98431396484375,-52.86212158203125,-44.436767578125,-35.745361328125,-26.65814208984375,-17.3016357421875,-7.39361572265625,3.042022705078125,13.63275146484375,24.493896484375,35.626373291015625,46.6904296875,58.38427734375,70.0780029296875,81.88046264648438,93.78591918945312,105.875244140625,118.11959838867188,130.39776611328125,142.69732666015625,154.64337158203125,166.14193725585938,177.89801025390625,189.318115234375,200.09921264648438,210.52841186523438,220.69113159179688,230.10711669921875,239.32705688476562,248.09275817871094,256.3543701171875,264.1643981933594,271.645263671875,278.7900085449219,285.42271423339844,291.60313415527344,297.4138946533203,303.05841064453125
"S228",297.5425262451172,301.74224853515625,305.77320861816406,309.6109313964844,313.1497344970703,316.5657958984375,319.5550537109375,322.405517578125,324.8159942626953,326.96836853027344,328.9219970703125,330.6344299316406,332.16822814941406,333.4639129638672,334.30145263671875,334.98228454589844,335.5181884765625,335.8354797363281,336.0323028564453,336.02906799316406,336.0262451171875,335.833251953125,335.5860900878906,335.1666717529297,334.6818084716797,333.9627685546875,333.1421203613281,332.17041015625,330.9598083496094,329.5493469238281,327.8244171142578,325.87815856933594,323.6717224121094,321.1802520751953,318.3207244873047,315.13037109375,311.5641784667969,307.668212890625,303.42735290527344,298.8898620605469,293.89234924316406,288.5913543701172,283.0285186767578,277.1396789550781,270.83673095703125,264.29400634765625,257.5865020751953,250.56558227539062,243.6365966796875,236.32382202148438,228.74166870117188,221.05178833007812,213.04806518554688,204.728759765625,196.39675903320312,187.88827514648438,178.79681396484375,169.21307373046875,159.15948486328125,149.26400756835938,139.65127563476562,129.15811157226562,118.163330078125,106.6539306640625,94.9522705078125,82.72412109375,70.08990478515625,57.116363525390625,43.680877685546875,30.32464599609375,16.54638671875,2.638671875,-11.126312255859375,-24.44293212890625,-37.4752197265625,-50.61126708984375,-63.59332275390625,-76.2249755859375,-88.2747802734375,-100.01629638671875,-111.29815673828125,-122.1231689453125,-132.6114501953125,-142.60797119140625,-151.49810791015625,-159.861328125,-168.05322265625,-175.39398193359375,-182.265869140625,-188.259765625,-193.86248779296875,-198.485107421875,-202.28192138671875,-205.27032470703125,-207.33642578125,-208.4677734375,-208.42315673828125,-207.603271484375,-205.29400634765625,-201.84747314453125,-197.604736328125,-192.54559326171875,-186.22662353515625,-179.05596923828125,-170.76007080078125,-161.98077392578125,-152.78900146484375,-143.01409912109375,-132.86041259765625,-121.927734375,-110.30657958984375,-98.45538330078125,-86.25445556640625,-73.64129638671875,-61.1470947265625,-47.81927490234375,-34.44732666015625,-20.88812255859375,-7.128570556640625,6.9580078125,21.348846435546875,35.8916015625,50.62774658203125,65.06024169921875,79.070068359375,93.53292846679688,107.74127197265625,121.27182006835938,134.49169921875,147.49267578125,159.59423828125,171.53793334960938,182.94766235351562,193.746337890625,203.99435424804688,213.810546875,223.17681884765625,231.88006591796875,239.97323608398438,247.5561065673828,254.8731689453125
"S229",242.49826049804688,245.6696014404297,236.2598876953125,224.359619140625,263.69618225097656,291.99989318847656,299.9738311767578,313.88385009765625,305.0214080810547,308.2060546875,309.80596923828125,337.61985778808594,314.8508605957031,338.82281494140625,338.33042907714844,333.60479736328125,344.2872314453125,349.80027770996094,336.8170928955078,346.9247131347656,339.0055847167969,342.6135559082031,336.7613220214844,332.9832458496094,327.39935302734375,339.53680419921875,340.1901092529297,338.23805236816406,345.13665771484375,339.79515075683594,338.9258728027344,348.6101531982422,329.5892791748047,332.635986328125,319.78021240234375,328.36708068847656,327.23948669433594,332.38539123535156,310.1543426513672,310.81678771972656,321.7330017089844,302.16998291015625,302.1525421142578,292.6482849121094,265.77586364746094,263.32659912109375,205.21514892578125,197.87588500976562,198.46514892578125,166.54568481445312,153.36163330078125,136.52398681640625,110.08489990234375,121.81326293945312,88.78973388671875,135.35427856445312,97.13519287109375,121.78814697265625,141.281982421875,118.15203857421875,91.06405639648438,117.7696533203125,147.02105712890625,115.02236938476562,-101.444091796875,131.39474487304688,98.67416381835938,142.92913818359375,80.55499267578125,118.19384765625,132.3045654296875,101.19381713867188,156.5390625,103.82598876953125,138.03485107421875,121.50152587890625,118.58859252929688,122.24404907226562,94.09280395507812,149.92523193359375,120.30856323242188,132.97430419921875,135.76092529296875,125.02474975585938,94.63748168945312,84.37747192382812,130.83724975585938,112.35015869140625,123.80807495117188,120.93463134765625,108.3681640625,116.25552368164062,114.68087768554688,113.58572387695312,58.21624755859375,112.97738647460938,113.5924072265625,107.19015502929688,79.42880249023438,117.01199340820312,110.4056396484375,118.054931640625,117.192626953125,131.60177612304688,117.53707885742188,95.20904541015625,78.48635864257812,119.28292846679688,104.94607543945312,105.2537841796875,117.74285888671875,153.23721313476562,143.78662109375,178.0693359375,167.96487426757812,37.490203857421875,-65.8084716796875,148.50469970703125,86.68463134765625,141.98104858398438,93.74752807617188,172.79595947265625,93.87493896484375,185.95953369140625,192.76544189453125,214.04568481445312,184.17153930664062,123.343994140625,61.2930908203125,206.75201416015625,168.42959594726562,117.68035888671875,166.75704956054688,185.03201293945312,217.4739990234375,239.12957763671875,125.70773315429688,213.77139282226562,234.64181518554688,228.19595336914062,258.58367919921875
"S230",242.49826049804688,245.6696014404297,236.2598876953125,224.359619140625,263.69618225097656,291.99989318847656,299.9738311767578,313.88385009765625,305.0214080810547,308.2060546875,309.80596923828125,337.61985778808594,314.8508605957031,338.82281494140625,338.33042907714844,333.60479736328125,343.9952697753906,344.1692352294922,336.8170928955078,344.0835876464844,339.0055847167969,342.6135559082031,336.7613220214844,332.9832458496094,327.39935302734375,339.53680419921875,340.1901092529297,338.23805236816406,338.1134490966797,336.5668487548828,334.69407653808594,332.6234893798828,329.5892791748047,327.58575439453125,319.78021240234375,321.22471618652344,317.52403259277344,313.51097106933594,309.1676025390625,304.52191162109375,299.4356689453125,294.08941650390625,288.46839904785156,282.6452178955078,265.77586364746094,263.32659912109375,205.21514892578125,197.87588500976562,198.46514892578125,166.54568481445312,153.36163330078125,136.52398681640625,110.08489990234375,121.81326293945312,88.78973388671875,135.35427856445312,97.13519287109375,121.78814697265625,141.281982421875,118.15203857421875,91.06405639648438,117.7696533203125,126.29086303710938,114.91036987304688,-108.2825927734375,91.54745483398438,79.25753784179688,66.64376831054688,53.76068115234375,40.8828125,27.85821533203125,14.616302490234375,1.616485595703125,-10.7900390625,-23.074462890625,-35.24652099609375,-47.25579833984375,-58.992919921875,-70.0579833984375,-80.778564453125,-90.96746826171875,-100.9119873046875,-110.60113525390625,-119.49554443359375,-127.452392578125,-134.8624267578125,-141.98150634765625,-148.548095703125,-154.5638427734375,-159.72625732421875,-164.3653564453125,-167.91302490234375,-170.64874267578125,-172.62451171875,-173.79205322265625,-174.01995849609375,-172.81329345703125,-171.12835693359375,-168.00030517578125,-163.88995361328125,-158.94769287109375,-153.249755859375,-146.548583984375,-138.8428955078125,-130.316162109375,-121.34051513671875,-112.1612548828125,-102.3720703125,-92.23150634765625,-81.38043212890625,-70.030029296875,-58.40924072265625,-46.59185791015625,-34.18585205078125,-22.14630126953125,-9.181793212890625,-75.5489501953125,16.832855224609375,30.10931396484375,43.615875244140625,57.393524169921875,71.13916015625,85.12582397460938,98.75228881835938,111.99856567382812,125.46014404296875,138.68902587890625,123.343994140625,61.2930908203125,175.36651611328125,168.42959594726562,117.68035888671875,166.75704956054688,185.03201293945312,217.4739990234375,235.54617309570312,125.70773315429688,213.77139282226562,234.64181518554688,228.19595336914062,258.58367919921875
"S231",273.81117248535156,291.5701599121094,311.6834259033203,297.6201934814453,326.5011749267578,299.39447021484375,319.66200256347656,325.16844177246094,340.03428649902344,347.1658477783203,344.8739471435547,344.90760803222656,352.34613037109375,339.5047149658203,353.944580078125,361.0819091796875,363.436767578125,352.8006134033203,362.69970703125,369.5149230957031,364.55845642089844,366.88352966308594,374.3435592651367,362.6723937988281,374.6529006958008,383.2287063598633,366.63734436035156,382.6080856323242,372.80413818359375,368.5776824951172,373.9778747558594,379.9370880126953,377.0445022583008,375.9908447265625,373.63587951660156,371.0485382080078,363.3625793457031,365.1104278564453,361.7918701171875,358.2893524169922,354.48692321777344,350.49855041503906,346.36822509765625,342.0188903808594,333.4158935546875,303.8550109863281,310.22694396972656,231.52389526367188,266.63099670410156,228.6158447265625,236.32089233398438,188.90911865234375,230.31118774414062,241.61114501953125,208.12481689453125,156.22113037109375,183.50924682617188,165.89556884765625,143.3055419921875,177.1241455078125,243.96142578125,236.40475463867188,228.50070190429688,217.7489013671875,211.97796630859375,203.36636352539062,194.54083251953125,185.5653076171875,176.3380126953125,167.30014038085938,158.01165771484375,148.74578857421875,139.67990112304688,130.98904418945312,122.61178588867188,114.19732666015625,105.92471313476562,97.95413208007812,90.42413330078125,83.10464477539062,76.10235595703125,69.47393798828125,63.09979248046875,57.012451171875,51.7664794921875,46.8824462890625,42.119964599609375,38.057098388671875,34.351287841796875,31.30572509765625,28.579864501953125,26.58795166015625,25.215118408203125,24.47247314453125,24.41668701171875,25.03094482421875,26.410858154296875,28.352813720703125,31.270660400390625,34.917877197265625,39.00799560546875,43.5751953125,48.933868408203125,54.72509765625,61.191436767578125,67.89401245117188,74.8221435546875,82.0513916015625,89.493408203125,97.3709716796875,105.67514038085938,114.09317016601562,122.7357177734375,131.5706787109375,140.37301635742188,149.66162109375,158.95382690429688,168.33154296875,177.78866577148438,187.39157104492188,175.0050048828125,202.9261474609375,216.63565063476562,171.888916015625,190.70111083984375,162.5782470703125,209.53933715820312,211.38821411132812,210.07290649414062,171.01870727539062,195.33383178710938,204.30389404296875,182.11529541015625,208.90109252929688,176.00286865234375,192.82882690429688,154.61016845703125,221.32778930664062,225.96148681640625,204.87576293945312,204.97134399414062
"S232",273.81117248535156,291.5701599121094,311.6834259033203,297.6201934814453,326.5011749267578,299.39447021484375,319.66200256347656,325.16844177246094,340.03428649902344,347.1658477783203,344.8739471435547,344.90760803222656,352.34613037109375,339.5047149658203,353.944580078125,361.0819091796875,363.436767578125,352.8006134033203,362.69970703125,369.5149230957031,364.55845642089844,366.88352966308594,374.3435592651367,362.6723937988281,374.6529006958008,383.2287063598633,366.63734436035156,382.6080856323242,372.80413818359375,368.5776824951172,373.9778747558594,384.8328323364258,377.0445022583008,381.0491638183594,378.7904739379883,376.3093032836914,363.3625793457031,365.12623596191406,367.4299774169922,364.0710144042969,360.4246520996094,356.5997009277344,352.6399230957031,346.9537811279297,333.4158935546875,303.8550109863281,310.22694396972656,231.52389526367188,266.63099670410156,228.6158447265625,236.32089233398438,188.90911865234375,230.31118774414062,241.61114501953125,208.12481689453125,156.22113037109375,183.50924682617188,165.89556884765625,143.3055419921875,177.1241455078125,254.4547576904297,239.12521362304688,235.078369140625,217.7489013671875,221.15090942382812,215.534912109375,207.07333374023438,198.46923828125,189.62078857421875,180.95840454101562,172.049560546875,163.16622924804688,154.4742431640625,146.138916015625,138.11141967773438,130.0435791015625,122.11184692382812,114.47293090820312,107.25424194335938,100.23617553710938,93.52008056640625,87.1697998046875,81.06478881835938,75.22488403320312,70.1981201171875,65.51620483398438,60.9478759765625,57.060150146484375,53.512451171875,50.59844970703125,47.988128662109375,46.079498291015625,44.76470947265625,44.05657958984375,44.009857177734375,44.605316162109375,45.926025390625,47.793121337890625,50.59576416015625,54.09954833984375,58.023956298828125,62.404815673828125,67.54843139648438,73.09967041015625,79.3028564453125,85.73101806640625,92.37997436523438,99.31365966796875,106.4508056640625,114.004638671875,121.97067260742188,130.04312133789062,138.33432006835938,146.80245971679688,155.2470703125,164.15298461914062,173.06365966796875,182.0565185546875,191.12442016601562,200.33251953125,175.0050048828125,202.9261474609375,228.37368774414062,171.888916015625,190.70111083984375,162.5782470703125,209.53933715820312,211.38821411132812,210.07290649414062,171.01870727539062,195.33383178710938,204.30389404296875,182.11529541015625,208.90109252929688,176.00286865234375,192.82882690429688,154.61016845703125,221.32778930664062,225.96148681640625,204.87576293945312,204.97134399414062
"S233",308.36619567871094,312.2557067871094,273.6949920654297,313.0278778076172,320.9037780761719,321.06617736816406,313.0138244628906,352.0435028076172,321.27488708496094,326.5748748779297,363.3434295654297,338.205078125,359.3900451660156,381.29437255859375,343.0063934326172,338.39637756347656,378.0614242553711,351.1522216796875,350.5408020019531,377.30248260498047,362.6712341308594,365.0094909667969,388.2739562988281,359.9332275390625,348.20948791503906,379.2065124511719,364.58251953125,378.7446594238281,385.1440887451172,368.5776824951172,371.5031433105469,379.84190368652344,377.0445022583008,360.96144104003906,378.7904739379883,375.7246780395508,345.5614776611328,367.86769104003906,364.1767120361328,359.3692626953125,360.4246520996094,290.94898986816406,320.01873779296875,342.74530029296875,314.2454376220703,281.76470947265625,288.83238220214844,188.66397094726562,206.05960083007812,215.62136840820312,215.84503173828125,155.58538818359375,202.128662109375,221.57183837890625,150.51687622070312,106.465576171875,86.92355346679688,103.41183471679688,128.30218505859375,156.69744873046875,171.27651977539062,165.61187744140625,164.63458251953125,159.250244140625,123.2005615234375,115.26666259765625,131.91482543945312,161.35848999023438,164.5177001953125,153.83328247070312,171.8487548828125,153.43618774414062,154.4742431640625,146.138916015625,138.11141967773438,130.0435791015625,122.11184692382812,114.47293090820312,107.25424194335938,100.23617553710938,93.52008056640625,87.1697998046875,81.06478881835938,75.22488403320312,1.890167236328125,65.51620483398438,60.9478759765625,57.060150146484375,53.512451171875,50.59844970703125,47.988128662109375,46.079498291015625,44.76470947265625,44.05657958984375,44.009857177734375,44.605316162109375,45.926025390625,47.793121337890625,50.59576416015625,54.09954833984375,58.023956298828125,62.404815673828125,67.54843139648438,73.09967041015625,79.3028564453125,85.73101806640625,92.37997436523438,99.31365966796875,106.4508056640625,114.004638671875,121.97067260742188,64.62603759765625,108.25625610351562,146.80245971679688,155.2470703125,164.15298461914062,173.06365966796875,182.0565185546875,184.46734619140625,171.23330688476562,150.53335571289062,193.17529296875,213.67498779296875,165.56927490234375,173.41424560546875,149.09475708007812,159.72616577148438,211.38821411132812,204.88775634765625,178.35784912109375,195.33383178710938,204.30389404296875,183.11965942382812,217.0211181640625,184.6048583984375,205.03192138671875,226.31539916992188,235.82876586914062,226.46011352539062,238.0826416015625,230.37115478515625
"S234",327.6121826171875,312.2557067871094,329.2441101074219,313.0278778076172,320.9037780761719,321.06617736816406,313.0138244628906,352.0435028076172,321.27488708496094,322.57855224609375,363.3434295654297,344.81199645996094,359.3900451660156,381.29437255859375,342.1477813720703,347.3646240234375,378.0614242553711,351.1522216796875,359.1122131347656,377.30248260498047,362.6712341308594,365.0094909667969,388.2739562988281,356.3866729736328,338.62786865234375,379.2065124511719,366.32940673828125,378.7446594238281,385.1440887451172,366.6534881591797,371.5031433105469,378.4867935180664,359.0633544921875,355.4720153808594,372.1698532104492,357.9325714111328,365.53504943847656,367.86769104003906,343.26698303222656,367.2993621826172,339.66900634765625,290.94898986816406,286.7120819091797,285.8495330810547,267.40467834472656,227.0494384765625,207.4581298828125,125.816650390625,72.6314697265625,157.71969604492188,99.1148681640625,63.038482666015625,59.621551513671875,18.981292724609375,-13.37701416015625,59.31787109375,27.10870361328125,57.527069091796875,-14.5472412109375,7.652862548828125,-136.44415283203125,-20.22320556640625,-68.37750244140625,-28.0184326171875,13.03948974609375,-17.3228759765625,2.01507568359375,30.9913330078125,-9.6746826171875,12.461822509765625,-50.96209716796875,-43.287353515625,-132.94952392578125,19.179901123046875,-29.88482666015625,-8.2230224609375,-11.84161376953125,-16.57318115234375,-28.68505859375,4.551361083984375,-37.408203125,-44.12237548828125,14.403594970703125,-57.4495849609375,-56.90875244140625,-9.254669189453125,-131.9483642578125,-78.725830078125,-54.95050048828125,-76.10809326171875,-33.44927978515625,-22.6571044921875,-59.2760009765625,-76.24981689453125,-83.051513671875,-74.4134521484375,-130.62298583984375,-32.56988525390625,-42.966064453125,-2.46014404296875,-54.75836181640625,-30.2413330078125,-39.3409423828125,-75.67730712890625,-86.2774658203125,-70.3018798828125,-70.73583984375,-71.24969482421875,-111.653564453125,-45.177001953125,-27.13604736328125,-89.66748046875,-12.5965576171875,40.975128173828125,47.90130615234375,73.08978271484375,111.78900146484375,85.58401489257812,75.46694946289062,123.015380859375,80.64205932617188,51.15386962890625,173.76873779296875,142.44265747070312,128.63543701171875,77.53488159179688,153.8699951171875,95.64389038085938,150.7685546875,178.35784912109375,142.77413940429688,177.849365234375,183.11965942382812,217.0211181640625,184.6048583984375,205.03192138671875,226.31539916992188,235.82876586914062,226.46011352539062,238.0826416015625,230.37115478515625
"S235",327.6121826171875,312.2557067871094,329.2441101074219,313.0278778076172,320.9037780761719,321.06617736816406,313.0138244628906,352.0435028076172,321.27488708496094,322.57855224609375,363.3434295654297,344.81199645996094,359.3900451660156,381.29437255859375,342.1477813720703,347.3646240234375,378.0614242553711,351.1522216796875,359.1122131347656,377.30248260498047,362.6712341308594,365.0094909667969,388.2739562988281,356.3866729736328,338.62786865234375,379.2065124511719,366.32940673828125,378.7446594238281,385.1440887451172,366.6534881591797,371.5031433105469,378.4867935180664,359.0633544921875,355.4720153808594,372.1698532104492,357.9325714111328,365.53504943847656,367.86769104003906,343.26698303222656,367.2993621826172,339.66900634765625,290.94898986816406,286.7120819091797,273.2624816894531,267.40467834472656,193.90512084960938,207.4581298828125,125.816650390625,72.6314697265625,157.71969604492188,99.1148681640625,63.038482666015625,59.621551513671875,18.981292724609375,-13.37701416015625,59.31787109375,27.10870361328125,57.527069091796875,-14.5472412109375,7.652862548828125,-136.44415283203125,-20.22320556640625,-68.37750244140625,-28.0184326171875,13.03948974609375,-17.3228759765625,2.01507568359375,30.9913330078125,-9.6746826171875,12.461822509765625,-50.96209716796875,-43.287353515625,-139.82489013671875,19.179901123046875,-29.88482666015625,-8.2230224609375,-11.84161376953125,-16.57318115234375,-28.68505859375,4.551361083984375,-37.408203125,-44.12237548828125,14.403594970703125,-57.4495849609375,-56.90875244140625,-9.254669189453125,-131.9483642578125,-78.725830078125,-54.95050048828125,-76.10809326171875,-33.44927978515625,-22.6571044921875,-59.2760009765625,-76.24981689453125,-83.051513671875,-74.4134521484375,-130.62298583984375,-32.56988525390625,-42.966064453125,-2.46014404296875,-141.47857666015625,-30.2413330078125,-39.3409423828125,-75.67730712890625,-86.2774658203125,-70.3018798828125,-70.73583984375,-142.76385498046875,-148.3829345703125,-45.177001953125,-27.13604736328125,-89.66748046875,-12.5965576171875,40.975128173828125,47.90130615234375,69.78564453125,111.78900146484375,85.58401489257812,75.46694946289062,123.015380859375,80.64205932617188,51.15386962890625,173.76873779296875,142.44265747070312,128.63543701171875,77.53488159179688,153.8699951171875,95.64389038085938,150.7685546875,178.35784912109375,142.77413940429688,177.849365234375,183.11965942382812,217.0211181640625,184.6048583984375,205.03192138671875,226.31539916992188,235.82876586914062,226.46011352539062,238.0826416015625,230.37115478515625
"S236",313.267578125,304.9147033691406,320.6589050292969,297.0719909667969,297.66810607910156,239.50643920898438,298.883544921875,262.45533752441406,263.9809875488281,291.65342712402344,317.0415344238281,342.15814208984375,343.3868408203125,344.41029357910156,329.61285400390625,345.5422668457031,340.82298278808594,344.01470947265625,346.15423583984375,345.55238342285156,333.2170104980469,343.8459167480469,345.2868957519531,330.92706298828125,326.68385314941406,329.943603515625,342.4732971191406,341.39056396484375,340.0673370361328,338.5381317138672,336.6896667480469,334.6359405517578,332.3009796142578,329.6669006347656,326.6855163574219,323.3831024169922,319.72471618652344,315.75579833984375,311.4601593017578,306.87420654296875,301.85528564453125,289.3730163574219,286.7120819091797,251.1770782470703,267.40467834472656,181.3460693359375,147.35848999023438,101.05810546875,59.681732177734375,76.08526611328125,-59.27569580078125,-36.033935546875,-158.65093994140625,-142.14263916015625,-213.68475341796875,-226.8494873046875,-261.97503662109375,-268.76422119140625,-349.2265625,-411.41546630859375,-411.0540771484375,-382.23321533203125,-515.3126831054688,-644.318115234375,-555.6868896484375,-685.62158203125,-541.6846923828125,-431.447509765625,-463.7236328125,-515.7205200195312,-569.487548828125,-570.1478271484375,-590.762451171875,-574.0802001953125,-606.9931640625,-634.4022216796875,-566.487548828125,-689.51025390625,-637.087646484375,-546.38623046875,-684.1292724609375,-612.9144287109375,-517.1435546875,-605.44580078125,-605.7159423828125,-623.81396484375,-488.810302734375,-439.1605224609375,-605.443115234375,-606.67431640625,-473.91949462890625,-589.9620361328125,-720.509033203125,-536.1807861328125,-662.6207275390625,-457.181640625,-451.92156982421875,-392.222412109375,-408.00750732421875,-355.54058837890625,-493.79742431640625,-466.18548583984375,-338.4637451171875,-406.279296875,-557.6083984375,-629.5316162109375,-379.45147705078125,-261.64263916015625,-264.2076416015625,-201.26544189453125,-183.49322509765625,-177.431396484375,-362.58795166015625,-117.448486328125,-74.71221923828125,-14.9976806640625,-6.59527587890625,-28.99822998046875,-31.845947265625,-31.59246826171875,-88.3265380859375,45.491241455078125,90.31845092773438,100.63992309570312,68.941162109375,55.33221435546875,50.675018310546875,57.693328857421875,150.7685546875,138.55194091796875,138.73760986328125,135.45050048828125,138.85433959960938,162.90975952148438,119.62164306640625,179.39752197265625,171.42507934570312,200.11553955078125,155.65585327148438,25.58984375,191.51998901367188
"S237",276.7853698730469,299.4216003417969,303.3867645263672,307.1317443847656,310.5357666015625,313.81752014160156,314.18153381347656,313.149658203125,321.57496643066406,284.1260223388672,317.0415344238281,297.97996520996094,322.5998840332031,304.2906036376953,318.9508056640625,330.5262145996094,330.90977478027344,331.08216857910156,331.1325378417969,331.0166778564453,330.87208557128906,330.5406951904297,330.15159606933594,329.5887145996094,328.94520568847656,328.0419464111328,327.00341796875,325.8113098144531,324.3498840332031,322.6627960205078,320.63734436035156,318.3488311767578,315.7832489013672,312.9169464111328,309.64149475097656,306.0127258300781,301.9841613769531,297.60687255859375,292.8690643310547,287.84446716308594,282.3528137207031,276.5546417236328,270.52532958984375,264.13429260253906,257.37095642089844,250.41624450683594,238.71572875976562,193.79641723632812,174.1351318359375,-22.599365234375,123.79620361328125,81.97372436523438,-60.83685302734375,-84.2247314453125,-166.435302734375,-151.48040771484375,-358.89666748046875,-338.1746826171875,-305.9547119140625,-262.890625,-460.024658203125,-423.7469482421875,-397.60504150390625,-433.9183349609375,-573.7269287109375,-734.1353759765625,-804.207763671875,-496.72674560546875,-445.7789306640625,-520.1488647460938,-698.157470703125,-540.361328125,-581.899658203125,-573.0069580078125,-591.81591796875,-693.078369140625,-597.182373046875,-505.49603271484375,-575.585205078125,-649.2496337890625,-525.3555908203125,-545.5185546875,-477.75628662109375,-558.6187744140625,-458.360107421875,-505.10003662109375,-560.786376953125,-739.4324951171875,-562.5328369140625,-661.756591796875,-477.4295654296875,-451.57989501953125,-438.3712158203125,-570.3070068359375,-579.8153076171875,-821.157958984375,-641.048095703125,-590.371826171875,-409.52056884765625,-491.97149658203125,-516.355712890625,-917.6627197265625,-444.38250732421875,-415.79693603515625,-350.1246337890625,-482.87469482421875,-404.70489501953125,-357.8072509765625,-389.2547607421875,-304.90362548828125,-209.14520263671875,-199.63543701171875,-216.83819580078125,-151.76153564453125,-119.749267578125,-182.96685791015625,-56.982177734375,-111.349609375,-9.991363525390625,-50.76556396484375,-149.6650390625,-28.698486328125,27.421966552734375,13.049407958984375,78.85186767578125,58.111053466796875,-10.47900390625,29.67279052734375,96.77484130859375,89.24969482421875,105.5162353515625,117.50131225585938,113.52700805664062,119.48171997070312,106.80303955078125,103.67514038085938,73.19540405273438,105.64501953125,146.87884521484375,161.20050048828125,85.86788940429688
"S238",358.94239807128906,309.3008728027344,337.7794494628906,365.8190002441406,341.02235412597656,354.65480041503906,358.7684631347656,340.10589599609375,361.41770935058594,339.2893524169922,349.4770202636719,337.98582458496094,358.8509979248047,352.69677734375,356.5168151855469,382.5507125854492,366.0063171386719,373.20848083496094,383.92027282714844,370.8699951171875,381.48572540283203,376.78993225097656,378.6884002685547,376.91514587402344,392.1967239379883,385.6448974609375,373.8684768676758,383.41444396972656,389.0514373779297,386.0779342651367,391.64501190185547,390.7868194580078,379.91819763183594,386.76629638671875,387.70438385009766,371.57691955566406,375.023193359375,369.9300231933594,355.4075012207031,375.63165283203125,351.9102325439453,328.7471618652344,324.3836669921875,308.9466094970703,279.4458465576172,254.28358459472656,238.71572875976562,193.79641723632812,174.1351318359375,-98.30914306640625,123.79620361328125,81.97372436523438,-60.83685302734375,-84.2247314453125,-166.435302734375,-151.48040771484375,-358.89666748046875,-335.245361328125,-305.9547119140625,-262.890625,-460.024658203125,-423.7469482421875,-397.60504150390625,-433.9183349609375,-573.7269287109375,-616.9366455078125,-789.2591552734375,-496.72674560546875,-445.7789306640625,-520.1488647460938,-698.157470703125,-540.361328125,-581.899658203125,-573.0069580078125,-591.81591796875,-648.4239501953125,-597.182373046875,-505.49603271484375,-575.585205078125,-649.2496337890625,-525.3555908203125,-545.5185546875,-477.75628662109375,-558.6187744140625,-458.360107421875,-505.10003662109375,-560.786376953125,-739.4324951171875,-562.5328369140625,-661.756591796875,-477.4295654296875,-451.57989501953125,-438.3712158203125,-570.3070068359375,-579.8153076171875,-821.157958984375,-641.048095703125,-590.371826171875,-409.52056884765625,-491.97149658203125,-516.355712890625,-732.3905029296875,-444.38250732421875,-415.79693603515625,-350.1246337890625,-482.87469482421875,-404.70489501953125,-357.8072509765625,-389.2547607421875,-304.90362548828125,-209.14520263671875,-199.63543701171875,-216.83819580078125,-151.76153564453125,-119.749267578125,-148.703125,-56.982177734375,-111.349609375,13.462615966796875,-50.76556396484375,-149.6650390625,-28.698486328125,27.421966552734375,13.049407958984375,130.06390380859375,58.111053466796875,-19.2841796875,76.41497802734375,96.77484130859375,89.24969482421875,105.5162353515625,117.50131225585938,113.52700805664062,119.48171997070312,127.91622924804688,145.10995483398438,131.7841796875,137.75405883789062,174.30206298828125,161.20050048828125,157.2587890625
"S239",358.94239807128906,309.3008728027344,337.7794494628906,365.8190002441406,341.02235412597656,354.65480041503906,358.7684631347656,340.10589599609375,361.41770935058594,339.2893524169922,349.4770202636719,341.25538635253906,358.8509979248047,358.1466064453125,356.5168151855469,382.5507125854492,366.0063171386719,373.20848083496094,383.92027282714844,370.8699951171875,381.48572540283203,376.78993225097656,378.6884002685547,376.91514587402344,392.1967239379883,385.6448974609375,373.8684768676758,383.41444396972656,389.0514373779297,386.0779342651367,387.8905258178711,386.28395080566406,379.91819763183594,382.56800079345703,380.33812713623047,371.57691955566406,375.023193359375,369.9300231933594,355.4075012207031,365.78648376464844,351.9102325439453,328.7471618652344,324.3836669921875,308.9466094970703,279.4458465576172,254.28358459472656,238.71572875976562,193.79641723632812,174.1351318359375,-98.30914306640625,123.79620361328125,81.97372436523438,-60.83685302734375,-84.2247314453125,-166.435302734375,-151.48040771484375,-358.89666748046875,-335.245361328125,-305.9547119140625,-262.890625,-460.024658203125,-423.7469482421875,-397.60504150390625,-433.9183349609375,-573.7269287109375,-616.9366455078125,-789.2591552734375,-496.72674560546875,-445.7789306640625,-520.1488647460938,-698.157470703125,-540.361328125,-581.899658203125,-573.0069580078125,-591.81591796875,-648.4239501953125,-597.182373046875,-505.49603271484375,-575.585205078125,-649.2496337890625,-525.3555908203125,-545.5185546875,-477.75628662109375,-558.6187744140625,-458.360107421875,-505.10003662109375,-560.786376953125,-739.4324951171875,-562.5328369140625,-661.756591796875,-477.4295654296875,-451.57989501953125,-438.3712158203125,-570.3070068359375,-579.8153076171875,-821.157958984375,-641.048095703125,-590.371826171875,-409.52056884765625,-491.97149658203125,-516.355712890625,-732.3905029296875,-444.38250732421875,-415.79693603515625,-350.1246337890625,-482.87469482421875,-404.70489501953125,-357.8072509765625,-389.2547607421875,-304.90362548828125,-209.14520263671875,-199.63543701171875,-216.83819580078125,-151.76153564453125,-119.749267578125,-148.703125,-56.982177734375,-111.349609375,13.462615966796875,-50.76556396484375,-149.6650390625,-28.698486328125,27.421966552734375,13.049407958984375,130.06390380859375,58.111053466796875,-19.2841796875,76.41497802734375,96.77484130859375,89.24969482421875,105.5162353515625,117.50131225585938,113.52700805664062,119.48171997070312,127.91622924804688,145.10995483398438,131.7841796875,137.75405883789062,174.30206298828125,161.20050048828125,157.2587890625
"S240",358.94239807128906,375.8436737060547,350.45811462402344,365.8190002441406,382.44871520996094,384.37249755859375,386.01464080810547,387.5632095336914,370.1382598876953,389.92240142822266,390.9115753173828,391.74584197998047,392.4910125732422,393.08983612060547,393.39608001708984,393.63307189941406,393.788330078125,393.8198699951172,393.77771759033203,393.6324157714844,393.46959686279297,393.1887512207031,392.86883544921875,392.4324951171875,391.9368896484375,391.26647186279297,390.50337982177734,389.6297378540039,388.571044921875,387.3599166870117,385.92295837402344,384.30831146240234,382.50882720947266,380.5083770751953,378.2394104003906,375.7469024658203,372.99564361572266,370.0239715576172,366.82550048828125,363.4517059326172,359.7895202636719,355.94725036621094,351.97142028808594,347.7775115966797,328.0463104248047,280.5418701171875,276.547119140625,204.81036376953125,210.91256713867188,122.82229614257812,22.97601318359375,8.99615478515625,-110.04876708984375,-233.17791748046875,-230.61102294921875,-292.43157958984375,-327.2977294921875,-318.489501953125,-439.35772705078125,-485.0985107421875,-415.0439453125,-482.7313232421875,-463.36334228515625,-521.245849609375,-658.437744140625,-616.9366455078125,-773.0546875,-682.100830078125,-548.11962890625,-639.07275390625,-820.257080078125,-757.5927734375,-690.4189453125,-811.0035400390625,-783.7669677734375,-648.4239501953125,-696.3719482421875,-794.8289794921875,-716.021484375,-720.9876708984375,-922.3865966796875,-899.22265625,-950.4136962890625,-821.5872802734375,-850.1766357421875,-835.00341796875,-881.6824951171875,-843.1343994140625,-860.556396484375,-787.9749755859375,-878.609375,-917.037109375,-809.1953125,-1005.1617431640625,-747.2486572265625,-739.2843017578125,-738.0634765625,-791.201171875,-651.5128173828125,-713.199462890625,-719.246337890625,-629.6046142578125,-633.0599365234375,-753.7802734375,-751.8226318359375,-535.781494140625,-506.16107177734375,-437.65948486328125,-513.3494262695312,-415.74664306640625,-320.12884521484375,-409.61444091796875,-234.23126220703125,-195.8236083984375,-238.9246826171875,-148.703125,-432.5999755859375,-254.5654296875,-289.5946044921875,-164.62420654296875,-170.59197998046875,-47.60125732421875,-120.46893310546875,7.994110107421875,53.547821044921875,-24.39813232421875,6.797149658203125,76.41497802734375,81.39736938476562,84.15310668945312,114.35052490234375,76.68722534179688,163.22201538085938,178.10369873046875,209.1697998046875,203.4764404296875,235.32351684570312,202.25601196289062,220.59072875976562,274.0979309082031,285.352294921875
"S241",352.33477783203125,375.8436737060547,350.45811462402344,307.8957824707031,382.44871520996094,384.37249755859375,386.01464080810547,387.5632095336914,370.1382598876953,389.92240142822266,390.9115753173828,391.74584197998047,392.4910125732422,393.08983612060547,393.39608001708984,393.63307189941406,393.788330078125,393.8198699951172,393.77771759033203,393.6324157714844,393.46959686279297,393.1887512207031,392.86883544921875,392.4324951171875,391.9368896484375,391.26647186279297,390.50337982177734,389.6297378540039,388.571044921875,387.3599166870117,385.92295837402344,384.30831146240234,382.50882720947266,380.5083770751953,378.2394104003906,375.7469024658203,372.99564361572266,370.0239715576172,366.82550048828125,363.4517059326172,359.7895202636719,355.94725036621094,351.97142028808594,347.7775115966797,328.0463104248047,280.5418701171875,276.547119140625,204.81036376953125,210.91256713867188,122.82229614257812,20.374542236328125,8.99615478515625,-171.1685791015625,-233.17791748046875,-265.60205078125,-292.43157958984375,-327.2977294921875,-318.489501953125,-439.35772705078125,-496.73779296875,-415.0439453125,-482.7313232421875,-463.36334228515625,-521.245849609375,-658.437744140625,-864.921630859375,-773.0546875,-754.353515625,-701.32177734375,-709.6353759765625,-869.5130615234375,-864.720947265625,-850.6776123046875,-811.0035400390625,-842.74267578125,-938.252685546875,-811.3096923828125,-896.336181640625,-1088.580810546875,-1049.404541015625,-983.47705078125,-975.121337890625,-1148.1669921875,-956.398681640625,-979.0487060546875,-1040.650634765625,-883.0462646484375,-888.5399169921875,-889.8118896484375,-787.9749755859375,-878.609375,-1022.7220458984375,-809.1953125,-1005.60009765625,-747.2486572265625,-739.2843017578125,-738.0634765625,-824.229736328125,-678.625,-713.199462890625,-753.6619873046875,-629.6046142578125,-792.531494140625,-753.7802734375,-751.8226318359375,-670.629638671875,-764.6748046875,-606.485107421875,-774.3492431640625,-532.2596435546875,-465.5343017578125,-579.2413330078125,-592.4459228515625,-407.85919189453125,-411.208740234375,-352.49029541015625,-432.5999755859375,-259.75836181640625,-289.5946044921875,-214.2767333984375,-211.75787353515625,-195.14776611328125,-120.46893310546875,7.994110107421875,-6.17608642578125,-24.39813232421875,6.797149658203125,60.497406005859375,79.53274536132812,60.409423828125,114.35052490234375,44.44976806640625,163.22201538085938,178.10369873046875,209.1697998046875,203.4764404296875,235.32351684570312,202.25601196289062,220.59072875976562,274.0979309082031,285.352294921875
"S242",352.33477783203125,389.3196334838867,350.45811462402344,322.59564208984375,395.8767623901367,396.2546844482422,416.668212890625,401.09986114501953,370.1382598876953,416.4519348144531,407.44178009033203,420.86193084716797,421.418212890625,421.8626480102539,422.07362365722656,422.25093841552734,422.36441802978516,422.389404296875,422.35433197021484,422.2654113769531,413.8244094848633,421.9323196411133,421.6971893310547,418.8314514160156,421.0246353149414,420.5341262817383,419.96805572509766,419.33216094970703,418.5584716796875,417.67478942871094,416.6279983520508,415.4421691894531,414.13016510009766,412.67701721191406,411.02010345458984,409.20215606689453,407.19065856933594,382.0673370361328,381.2074966430664,395.65738677978516,397.5475540161133,382.82408905029297,374.4881591796875,382.17928314208984,328.0463104248047,280.5418701171875,276.547119140625,204.81036376953125,210.91256713867188,122.82229614257812,20.374542236328125,8.99615478515625,-171.1685791015625,-233.17791748046875,-265.60205078125,-292.43157958984375,-327.2977294921875,-318.489501953125,-439.35772705078125,-496.73779296875,-415.0439453125,-482.7313232421875,-463.36334228515625,-521.245849609375,-658.437744140625,-864.921630859375,-773.0546875,-754.353515625,-701.32177734375,-709.6353759765625,-869.5130615234375,-864.720947265625,-850.6776123046875,-811.0035400390625,-842.74267578125,-938.252685546875,-811.3096923828125,-896.336181640625,-1088.580810546875,-1049.404541015625,-983.47705078125,-975.121337890625,-1148.1669921875,-956.398681640625,-979.0487060546875,-1040.650634765625,-883.0462646484375,-888.5399169921875,-889.8118896484375,-787.9749755859375,-878.609375,-1022.7220458984375,-809.1953125,-1005.60009765625,-747.2486572265625,-739.2843017578125,-738.0634765625,-824.229736328125,-678.625,-713.199462890625,-753.6619873046875,-629.6046142578125,-792.531494140625,-753.7802734375,-751.8226318359375,-670.629638671875,-764.6748046875,-606.485107421875,-774.3492431640625,-532.2596435546875,-465.5343017578125,-579.2413330078125,-592.4459228515625,-407.85919189453125,-411.208740234375,-352.49029541015625,-363.503662109375,-259.75836181640625,-289.5946044921875,-214.2767333984375,-211.75787353515625,-29.3905029296875,-67.7470703125,7.994110107421875,-6.17608642578125,8.466339111328125,73.777099609375,98.50177001953125,79.53274536132812,60.409423828125,115.93304443359375,96.86370849609375,163.22201538085938,178.10369873046875,209.1697998046875,205.02572631835938,235.32351684570312,202.25601196289062,220.59072875976562,274.0979309082031,285.352294921875
"S243",293.7376403808594,325.6116180419922,328.4172821044922,322.59564208984375,348.64256286621094,355.2946472167969,336.87030029296875,320.35377502441406,324.19944763183594,371.67652893066406,357.22865295410156,377.96240234375,363.8232727050781,343.23419189453125,350.01625061035156,346.0525817871094,356.47003173828125,395.96378326416016,383.4990768432617,367.0376434326172,388.83231353759766,386.21578216552734,368.89085388183594,374.00853729248047,380.96824645996094,361.6970977783203,387.4878234863281,378.7124328613281,366.49273681640625,381.28123474121094,381.4694061279297,355.2457580566406,389.8141555786133,381.40171813964844,364.2047119140625,375.1019058227539,391.4249801635742,345.50437927246094,345.9184112548828,355.04859924316406,315.6492004394531,339.0845184326172,332.2779235839844,296.7234649658203,298.35260009765625,275.3087463378906,179.009033203125,150.20864868164062,58.96539306640625,-51.06915283203125,-74.17401123046875,-145.78106689453125,-203.7957763671875,-423.20318603515625,-458.71038818359375,-545.2440185546875,-630.8363037109375,-730.49169921875,-728.7996826171875,-793.4337158203125,-1008.33740234375,-970.6414794921875,-988.6259765625,-1064.0289306640625,-964.9144287109375,-1017.75244140625,-1048.1937255859375,-1219.5372314453125,-1052.424560546875,-1277.5860595703125,-1224.8643798828125,-1081.6326904296875,-1190.0216064453125,-1017.876708984375,-1130.5948486328125,-1140.6580810546875,-933.90380859375,-1219.199951171875,-1122.843017578125,-1089.2825927734375,-1111.810546875,-1014.8389892578125,-1097.46142578125,-1008.3634033203125,-1212.5643310546875,-1283.1536865234375,-993.4764404296875,-1030.75537109375,-968.7423095703125,-948.2115478515625,-982.4974365234375,-1038.3963623046875,-1070.2528076171875,-994.32080078125,-857.43017578125,-816.0306396484375,-988.7816162109375,-805.609130859375,-765.092529296875,-911.2813720703125,-801.928466796875,-723.73876953125,-766.2666015625,-739.260009765625,-833.18701171875,-734.6917724609375,-683.55224609375,-876.6488037109375,-786.4925537109375,-660.6053466796875,-693.5452880859375,-645.140625,-608.0008544921875,-537.5128173828125,-444.9854736328125,-671.2376708984375,-363.503662109375,-343.12841796875,-387.21343994140625,-210.75103759765625,-180.24005126953125,-29.3905029296875,-67.7470703125,-59.85943603515625,-48.7220458984375,29.689697265625,73.777099609375,98.50177001953125,-15.92584228515625,14.720367431640625,115.93304443359375,96.86370849609375,103.2967529296875,158.09103393554688,121.6549072265625,205.02572631835938,180.80862426757812,191.78253173828125,193.59396362304688,193.56155395507812,195.9505615234375
"S244",293.7376403808594,320.6288757324219,328.4172821044922,322.59564208984375,348.64256286621094,340.2196044921875,336.87030029296875,346.3078918457031,369.35679626464844,351.03334045410156,355.09620666503906,353.84625244140625,347.3225555419922,369.34742736816406,365.15211486816406,363.4308776855469,368.00616455078125,363.49542236328125,368.71360778808594,367.5225067138672,368.60882568359375,361.5548858642578,374.77526092529297,374.00853729248047,363.6648254394531,376.6543884277344,381.93275451660156,353.31011962890625,370.08677673339844,371.9167785644531,359.31085205078125,374.53025817871094,390.7169494628906,367.4225769042969,384.27696990966797,393.70863342285156,374.27603912353516,380.00970458984375,362.51397705078125,353.1199493408203,353.87237548828125,350.71923828125,335.8303680419922,319.7419738769531,295.8276824951172,233.20947265625,261.08148193359375,205.8118896484375,101.09439086914062,61.1424560546875,-58.27264404296875,-78.66534423828125,-172.54290771484375,-72.716796875,-197.22637939453125,-349.42498779296875,-315.51690673828125,-452.55572509765625,-423.63818359375,-578.7490234375,-470.6956787109375,-470.28936767578125,-640.733642578125,-574.469482421875,-636.2864990234375,-590.968017578125,-581.0521240234375,-796.5257568359375,-693.597900390625,-516.7742919921875,-591.8223876953125,-610.52734375,-871.4241943359375,-650.1708984375,-620.9412841796875,-654.904052734375,-531.0145263671875,-607.3214111328125,-649.844970703125,-596.852294921875,-603.8765869140625,-641.052978515625,-748.602783203125,-810.737060546875,-639.5076904296875,-645.577392578125,-558.9774169921875,-632.770263671875,-623.3199462890625,-593.689697265625,-657.0040283203125,-596.185302734375,-586.73486328125,-546.050048828125,-608.2684326171875,-670.203369140625,-661.4334716796875,-648.8641357421875,-603.4072265625,-582.7572021484375,-620.51953125,-514.8268432617188,-493.92205810546875,-487.6712646484375,-452.392578125,-416.82037353515625,-383.637451171875,-352.80841064453125,-392.4481201171875,-327.904296875,-296.3408203125,-244.77911376953125,-274.111083984375,-312.3646240234375,-285.22930908203125,-229.523193359375,-160.7509765625,-131.85565185546875,-163.6253662109375,-60.02239990234375,-73.90484619140625,40.745849609375,44.76715087890625,83.01663208007812,43.125762939453125,29.689697265625,117.29763793945312,134.2921142578125,102.98379516601562,132.6112060546875,117.04388427734375,99.78289794921875,103.2967529296875,158.09103393554688,131.29730224609375,205.02572631835938,180.80862426757812,191.78253173828125,193.59396362304688,179.56109619140625,174.472412109375
"S245",413.5339584350586,415.3258590698242,417.0642318725586,418.7171936035156,420.2282028198242,421.7012176513672,422.98563385009766,424.2123718261719,425.251220703125,426.17163848876953,427.01758575439453,427.7549819946289,428.42527770996094,428.98919677734375,429.3435363769531,429.6428756713867,429.87774658203125,430.0224151611328,430.110107421875,430.1260986328125,430.1243133544922,430.0467987060547,429.9466247558594,429.7777328491211,429.5777587890625,429.2750778198242,428.9271926879883,428.5202102661133,428.00789642333984,427.413330078125,426.6843719482422,425.8555450439453,424.9231643676758,423.87117767333984,422.65674591064453,421.3066177368164,419.790283203125,418.13321685791016,416.32994842529297,414.40438079833984,412.2848205566406,410.0367202758789,407.68460845947266,405.1753463745117,402.51182556152344,398.56822204589844,396.91243743896484,369.48577880859375,357.90464782714844,332.9634094238281,335.4351501464844,298.0648498535156,295.12879943847656,250.13479614257812,268.92919921875,284.22035217285156,215.37606811523438,224.33193969726562,217.6031494140625,198.82675170898438,185.26303100585938,205.89541625976562,211.33450317382812,150.15969848632812,153.81283569335938,163.74014282226562,178.95852661132812,135.34463500976562,153.26641845703125,166.47409057617188,123.81436157226562,116.7481689453125,99.69662475585938,166.20663452148438,185.96517944335938,126.35372924804688,204.91351318359375,172.72845458984375,130.71884155273438,134.88821411132812,190.1392822265625,141.07742309570312,184.17538452148438,157.4993896484375,101.33453369140625,108.68942260742188,190.27450561523438,179.63287353515625,137.03829956054688,113.11227416992188,106.55191040039062,148.79193115234375,138.19351196289062,166.3450927734375,165.57672119140625,139.66049194335938,127.4212646484375,134.50579833984375,192.65835571289062,154.18746948242188,205.83163452148438,185.59359741210938,165.44088745117188,203.9317626953125,217.31192016601562,213.49313354492188,224.994140625,216.9056396484375,207.97137451171875,238.11355590820312,243.0633544921875,242.324462890625,228.54168701171875,254.83335876464844,249.21031188964844,269.55140686035156,272.28680419921875,267.18646240234375,260.27146911621094,292.7300262451172,298.79713439941406,304.96697998046875,311.1822204589844,317.2720642089844,320.5303497314453,329.2794494628906,335.2626953125,340.9700622558594,346.53330993652344,347.47142028808594,357.11383056640625,362.1317443847656,366.9355010986328,341.74932861328125,366.45306396484375,379.90753173828125,383.85374450683594,387.5130386352539,389.6304244995117,385.1702575683594,397.1915817260742
"S246",355.0277862548828,357.9650573730469,360.77333068847656,363.4299621582031,365.8551940917969,368.1864776611328,370.20118713378906,372.11338806152344,373.7057189941406,375.10767364501953,376.37242126464844,377.46646881103516,378.4397888183594,379.24471282958984,379.7236328125,380.10107421875,380.3817138671875,380.5137634277344,380.5629425048828,380.47391510009766,380.38523864746094,380.159912109375,379.8947067260742,379.49961853027344,379.0496368408203,378.41734313964844,377.7011489868164,376.86363983154297,375.8352584838867,374.6489028930664,373.21912384033203,371.6121520996094,369.8035125732422,367.7743377685547,365.4615173339844,362.9022979736328,360.05955505371094,356.9726257324219,353.6319122314453,350.08050537109375,346.1974182128906,342.10435485839844,337.83575439453125,333.3358154296875,328.5570068359375,323.6262664794922,318.5899353027344,313.3417663574219,308.1794128417969,302.7406463623047,297.0998992919922,291.3790283203125,285.4217987060547,279.21588134765625,272.9996032714844,266.6242980957031,259.7952880859375,252.58328247070312,244.9989471435547,237.53463745117188,230.28790283203125,222.3782958984375,214.09457397460938,205.45401000976562,196.6890869140625,187.55825805664062,178.164306640625,168.55963134765625,158.65750122070312,148.87677001953125,138.8194580078125,128.71450805664062,118.77499389648438,109.21206665039062,99.91366577148438,90.57135009765625,81.36264038085938,72.44168090820312,63.97845458984375,55.745513916015625,47.858642578125,40.329620361328125,33.052215576171875,26.127349853515625,20.0552978515625,14.36749267578125,8.8128662109375,3.92681884765625,-0.593963623046875,-4.4410400390625,-7.967376708984375,-10.7293701171875,-12.8564453125,-14.34808349609375,-15.13665771484375,-15.21649169921875,-14.43023681640625,-13.07061767578125,-10.628509521484375,-7.37799072265625,-3.5889892578125,0.758514404296875,5.985626220703125,11.776580810546875,18.33087158203125,25.188873291015625,32.3101806640625,39.808074951171875,47.55706787109375,55.82513427734375,64.56512451171875,73.45040893554688,82.5760498046875,91.96630859375,101.27984619140625,111.17233276367188,121.08132934570312,131.10394287109375,141.24847412109375,151.59060668945312,162.10848999023438,172.70367431640625,183.37673950195312,193.78665161132812,203.85238647460938,214.18527221679688,224.28073120117188,233.84921264648438,243.15087890625,252.25816345214844,260.70799255371094,269.01373291015625,276.9283142089844,284.40203857421875,291.4743194580078,298.24375915527344,304.7073059082031,310.71128845214844,316.29559326171875,321.53578186035156,326.6085662841797
"S247",390.66876220703125,392.9028625488281,395.00867462158203,397.0096664428711,398.8636932373047,400.62384033203125,402.14324951171875,403.59193420410156,404.80987548828125,405.8872833251953,406.8334426879883,407.6783752441406,408.4023666381836,409.0068893432617,409.4040069580078,409.6908645629883,409.9133071899414,410.02278900146484,410.0799026489258,409.98804473876953,409.9445571899414,409.7867965698242,409.6002731323242,409.30047607421875,408.9654235839844,408.4974899291992,407.9878616333008,407.3613739013672,406.59310150146484,405.70652770996094,404.63002014160156,403.43907928466797,402.08118438720703,400.54283142089844,398.8044662475586,396.88272857666016,394.75072479248047,392.4391174316406,389.9376525878906,387.26146697998047,384.33172607421875,381.2547149658203,378.0194625854492,374.6649398803711,371.0576629638672,367.30174255371094,363.51341247558594,359.57110595703125,355.70274353027344,351.5892028808594,347.34716796875,343.0404968261719,338.5149230957031,333.8805847167969,329.178955078125,324.4072570800781,319.2710723876953,313.83428955078125,308.1602020263672,302.5330352783203,297.05201721191406,291.0976104736328,284.88230895996094,278.3580627441406,271.84625244140625,264.9596710205078,257.91136169433594,250.67652893066406,243.29385375976562,235.9151611328125,228.45144653320312,220.85397338867188,213.40048217773438,206.28744506835938,199.25479125976562,192.28952026367188,185.41473388671875,178.69894409179688,172.3677978515625,166.23394775390625,160.40725708007812,154.73504638671875,149.20095825195312,144.1158447265625,139.58978271484375,135.36407470703125,131.3101806640625,127.58352661132812,124.17022705078125,121.24392700195312,118.61935424804688,116.629638671875,115.10208129882812,114.01702880859375,113.3924560546875,113.30807495117188,114.04000854492188,115.0460205078125,116.889404296875,119.29254150390625,122.16552734375,125.46853637695312,129.34393310546875,133.79983520507812,138.72357177734375,143.9027099609375,149.208984375,154.85409545898438,160.70196533203125,166.95687866210938,173.49740600585938,180.18490600585938,186.98880004882812,194.1162109375,201.04107666015625,208.49160766601562,215.931396484375,223.44009399414062,231.06793212890625,238.82290649414062,246.7233123779297,254.62106323242188,262.6446228027344,270.4617462158203,278.06361389160156,285.7783966064453,293.35882568359375,300.5090026855469,307.4940643310547,314.3726806640625,320.6420135498047,326.8887023925781,332.8271484375,338.429443359375,343.7398376464844,348.833740234375,353.6669616699219,358.1960144042969,362.38258361816406,366.3313446044922,370.11814880371094
"S248",368.7359619140625,371.30628967285156,373.7701187133789,376.0800323486328,378.1510696411133,380.1451644897461,381.84761810302734,383.45140838623047,384.7576599121094,385.8875274658203,386.9153060913086,387.7751159667969,388.55076599121094,389.17256927490234,389.4804458618164,389.72589111328125,389.88423919677734,389.9147491455078,389.86595916748047,389.7225799560547,389.54766845703125,389.2535705566406,388.91864013671875,388.46730041503906,387.95276641845703,387.2557144165039,386.45680236816406,385.5502395629883,384.4511489868164,383.19396209716797,381.7043762207031,380.02528381347656,378.1588821411133,376.08802795410156,373.7349395751953,371.1497344970703,368.29510498046875,365.2108154296875,361.89111328125,358.39410400390625,354.5992126464844,350.61476135253906,346.49920654296875,342.14195251464844,337.5749969482422,332.9092559814453,328.1272430419922,323.1584777832031,318.2753448486328,313.16041564941406,307.8357238769531,302.4338073730469,296.8296661376953,290.9278869628906,285.0494689941406,278.9654083251953,272.4526672363281,265.57452392578125,258.30418395996094,251.1781005859375,244.27676391601562,236.73583984375,228.83807373046875,220.6602783203125,212.32260131835938,203.7335205078125,194.9163818359375,185.9609375,176.72445678710938,167.71307373046875,158.4010009765625,149.1497802734375,140.09133911132812,131.38394165039062,123.04013061523438,114.61892700195312,106.34280395507812,98.3922119140625,90.8648681640625,83.53781127929688,76.50894165039062,69.90274047851562,63.569366455078125,57.446563720703125,52.2012939453125,47.310150146484375,42.51251220703125,38.4862060546875,34.80023193359375,31.78082275390625,29.05657958984375,27.04278564453125,25.652557373046875,24.90704345703125,24.87384033203125,25.506866455078125,26.837158203125,28.791168212890625,31.712005615234375,35.37939453125,39.461639404296875,44.0155029296875,49.394012451171875,55.143463134765625,61.608184814453125,68.297607421875,75.2421875,82.46328735351562,89.89144897460938,97.74777221679688,106.05703735351562,114.46359252929688,123.12005615234375,131.91714477539062,140.73974609375,150.01156616210938,159.29632568359375,168.67184448242188,178.11630249023438,187.713623046875,197.41943359375,207.19464111328125,216.94338989257812,226.41641235351562,235.5150146484375,244.85401916503906,253.90390014648438,262.46478271484375,270.72727966308594,278.76002502441406,286.2604675292969,293.5571594238281,300.5048828125,307.05841064453125,313.2426452636719,319.1561279296875,324.82652282714844,330.07249450683594,334.97215270996094,339.5677185058594,344.05177307128906
"S249",375.17578125,377.76114654541016,380.26271057128906,382.641357421875,384.8196258544922,386.93782806396484,388.7876663208008,390.55242919921875,392.0445861816406,393.37005615234375,394.5857238769531,395.6442337036133,396.6045455932617,397.41297149658203,397.92179107666016,398.34879302978516,398.6830749511719,398.8854751586914,399.00745391845703,399.02384185791016,399.0186309814453,398.9023895263672,398.7529983520508,398.5036392211914,398.2103805541992,397.7698287963867,397.2622604370117,396.66957092285156,395.92642974853516,395.06266021728516,394.0057601928711,392.80528259277344,391.4529266357422,389.92845153808594,388.1707305908203,386.21361541748047,384.0193328857422,381.6212692260742,379.01136016845703,376.22435760498047,373.1563262939453,369.9007263183594,366.4937744140625,362.8632354736328,359.00245666503906,355.00543212890625,350.88873291015625,346.5830078125,342.3279113769531,327.6546173095703,333.2044372558594,305.79563903808594,322.8401794433594,297.3035430908203,298.9861755371094,308.1892395019531,250.55868530273438,291.900634765625,290.5986633300781,282.8198547363281,268.2813415527344,272.2497863769531,265.51097106933594,258.48191833496094,251.296142578125,243.81973266601562,236.083740234375,228.1495361328125,219.91229248046875,211.75662231445312,203.29653930664062,194.78262329101562,186.35467529296875,178.18017578125,170.2349853515625,162.19284057617188,154.2452392578125,146.53652954101562,139.16799926757812,131.97900390625,125.05661010742188,118.47244262695312,112.10379028320312,105.96026611328125,100.54873657226562,95.44009399414062,90.41555786132812,85.98886108398438,81.83181762695312,78.21652221679688,74.820068359375,72.01138305664062,69.7095947265625,67.92343139648438,66.72344970703125,66.09442138671875,66.11578369140625,66.66998291015625,68.13833618164062,70.3165283203125,72.94903564453125,76.07342529296875,79.99853515625,84.39138793945312,89.50912475585938,94.90997314453125,100.6024169921875,106.61773681640625,112.8609619140625,119.57406616210938,126.73379516601562,134.0103759765625,141.52960205078125,149.23715209960938,156.93594360351562,165.1048583984375,173.31149291992188,181.63311767578125,190.0689697265625,198.70724487304688,207.51455688476562,216.45687866210938,225.47689819335938,234.3145751953125,242.8802490234375,251.7438201904297,260.4337615966797,268.7220916748047,276.80406188964844,284.7392272949219,292.17015075683594,299.46339416503906,306.44142150878906,313.05186462402344,319.3113250732422,325.2955780029297,331.0284881591797,336.34368896484375,341.29339599609375,342.3399353027344,350.4048767089844
"S250",116.44046020507812,155.05764770507812,144.5836181640625,190.45098876953125,164.64080810546875,182.32537841796875,201.66641235351562,219.41094970703125,244.56776428222656,198.37765502929688,229.273681640625,223.48876953125,252.39344787597656,230.88623046875,239.50741577148438,268.80873107910156,243.64471435546875,244.75486755371094,264.5699462890625,245.04437255859375,243.19857788085938,256.9058837890625,271.17332458496094,266.79627990722656,279.4130859375,280.90557861328125,273.2281799316406,282.59437561035156,304.5426025390625,295.0010223388672,287.9205017089844,299.1695098876953,285.34242248535156,287.47491455078125,294.67604064941406,279.00950622558594,268.03704833984375,257.00286865234375,257.71116638183594,230.9547119140625,225.722900390625,218.76947021484375,181.462646484375,146.0296630859375,135.439453125,129.26480102539062,84.71762084960938,32.4290771484375,9.208343505859375,-41.78662109375,-40.7515869140625,-70.42578125,-103.75592041015625,-167.2183837890625,-95.68701171875,-124.5357666015625,-112.3402099609375,-123.08209228515625,-124.66986083984375,-131.56341552734375,-114.09796142578125,-149.14752197265625,-81.789306640625,-111.6566162109375,-101.444091796875,-74.62872314453125,-172.77130126953125,-105.07415771484375,-119.40679931640625,-180.9219970703125,-123.16729736328125,-102.47833251953125,-117.15130615234375,-61.77606201171875,-129.34771728515625,-120.4061279296875,-97.57879638671875,-141.06280517578125,-160.68267822265625,-106.3934326171875,-107.0421142578125,-167.27264404296875,-183.8948974609375,-240.80035400390625,-95.4300537109375,-173.10693359375,-87.5123291015625,-70.2933349609375,-46.0899658203125,-109.93505859375,-135.272216796875,-156.183349609375,-141.0128173828125,-155.63726806640625,-108.11676025390625,-92.53167724609375,-86.19927978515625,-64.89166259765625,-104.2889404296875,-111.701171875,-153.98291015625,-127.851318359375,-126.12835693359375,-66.15899658203125,-72.1827392578125,-57.453125,-123.9105224609375,-82.27044677734375,-114.61370849609375,-79.46453857421875,-79.36859130859375,-57.69610595703125,-119.514892578125,-62.244140625,-110.92041015625,-102.7939453125,-65.8084716796875,-105.47589111328125,-103.18475341796875,-75.22320556640625,-57.5394287109375,-84.9381103515625,-48.53076171875,-31.02325439453125,-67.172119140625,2.14739990234375,-79.67626953125,-96.69024658203125,-82.70281982421875,-85.87939453125,-33.14044189453125,-43.09625244140625,-10.2811279296875,-12.32525634765625,34.61669921875,16.5162353515625,41.6798095703125,12.876007080078125,-42.76666259765625,73.67868041992188,69.13742065429688
"S251",116.44046020507812,155.05764770507812,144.5836181640625,190.45098876953125,134.37054443359375,169.23287963867188,201.66641235351562,219.41094970703125,244.56776428222656,198.37765502929688,229.273681640625,223.48876953125,252.39344787597656,230.88623046875,239.50741577148438,268.80873107910156,239.57562255859375,244.75486755371094,264.5699462890625,238.44015502929688,243.19857788085938,256.9058837890625,262.20050048828125,256.5232849121094,258.9486389160156,246.57333374023438,267.8625183105469,277.5726776123047,277.71282958984375,277.0700225830078,276.54296875,273.7488708496094,282.1166076660156,276.4137420654297,271.17457580566406,248.9152069091797,258.25531005859375,243.37307739257812,255.6217803955078,230.9547119140625,214.64260864257812,205.552490234375,181.462646484375,132.82308959960938,135.439453125,129.26480102539062,84.71762084960938,32.4290771484375,9.208343505859375,-41.78662109375,-95.21453857421875,-129.7388916015625,-103.75592041015625,-182.97784423828125,-95.68701171875,-124.5357666015625,-112.3402099609375,-123.08209228515625,-124.66986083984375,-147.742431640625,-114.09796142578125,-149.14752197265625,-81.789306640625,-167.1097412109375,-138.0662841796875,-74.62872314453125,-172.77130126953125,-154.4552001953125,-135.8636474609375,-180.9219970703125,-136.8887939453125,-123.30889892578125,-117.15130615234375,-118.01409912109375,-129.34771728515625,-120.4061279296875,-138.62420654296875,-141.06280517578125,-160.68267822265625,-106.3934326171875,-107.0421142578125,-167.27264404296875,-183.8948974609375,-240.80035400390625,-127.63323974609375,-173.10693359375,-143.5985107421875,-150.64984130859375,-157.25738525390625,-163.01617431640625,-168.409423828125,-178.8487548828125,-176.52984619140625,-179.4046630859375,-184.57470703125,-182.45391845703125,-182.4295654296875,-181.62841796875,-179.3953857421875,-176.0584716796875,-171.9688720703125,-167.095703125,-160.99273681640625,-154.09881591796875,-146.10125732421875,-137.64398193359375,-128.7733154296875,-119.354248046875,-114.61370849609375,-99.04473876953125,-87.84014892578125,-76.42303466796875,-126.571044921875,-62.244140625,-110.92041015625,-102.7939453125,-75.5489501953125,-105.47589111328125,-127.40771484375,-75.22320556640625,-88.30914306640625,-112.23675537109375,-74.3406982421875,-31.02325439453125,-67.172119140625,2.14739990234375,-79.67626953125,-96.69024658203125,-82.70281982421875,-85.87939453125,-33.14044189453125,-43.09625244140625,-10.2811279296875,-12.32525634765625,34.61669921875,16.5162353515625,41.6798095703125,12.876007080078125,-42.76666259765625,73.67868041992188,69.13742065429688
"S252",248.33847045898438,275.17823791503906,286.30596923828125,297.6201934814453,326.5011749267578,296.18885803222656,310.74134826660156,325.16844177246094,340.03428649902344,328.07640075683594,344.8739471435547,344.90760803222656,343.3482666015625,339.5047149658203,348.42320251464844,361.0819091796875,363.436767578125,352.8006134033203,362.69970703125,360.11041259765625,364.55845642089844,356.6244201660156,374.3435592651367,362.6723937988281,374.6529006958008,383.2287063598633,366.63734436035156,382.6080856323242,363.95794677734375,362.3745422363281,373.9778747558594,374.498291015625,351.66136169433594,356.71112060546875,344.0765380859375,326.8690490722656,358.63514709472656,340.14451599121094,341.00160217285156,349.1980285644531,341.7359619140625,324.73829650878906,324.04185485839844,274.1877746582031,248.49981689453125,267.2071228027344,249.1485595703125,193.36691284179688,211.68240356445312,228.6158447265625,181.11788940429688,188.90911865234375,230.31118774414062,179.86456298828125,165.47512817382812,132.23739624023438,183.50924682617188,165.89556884765625,143.3055419921875,137.52993774414062,112.31903076171875,116.78524780273438,162.95675659179688,81.85079956054688,119.29690551757812,68.20565795898438,116.27407836914062,126.37042236328125,112.02313232421875,117.40408325195312,126.05642700195312,54.399871826171875,11.45001220703125,91.22830200195312,37.4176025390625,31.01214599609375,105.49111938476562,92.36904907226562,60.44403076171875,128.7349853515625,51.286407470703125,73.40155029296875,44.404632568359375,88.47195434570312,100.26138305664062,92.57354736328125,90.52975463867188,51.632598876953125,35.021392822265625,95.10009765625,56.46246337890625,28.154022216796875,81.36209106445312,28.93048095703125,74.27310180664062,30.95098876953125,-70.59527587890625,37.60455322265625,29.70587158203125,43.976043701171875,40.26849365234375,7.122344970703125,27.794647216796875,4.493988037109375,-28.20318603515625,-38.73333740234375,11.720794677734375,-14.2801513671875,27.936676025390625,-19.4488525390625,32.40838623046875,-5.21417236328125,24.8409423828125,27.309051513671875,0.53955078125,83.60400390625,70.88787841796875,94.818115234375,68.82586669921875,131.8428955078125,154.23086547851562,146.68417358398438,131.638427734375,171.888916015625,135.9920654296875,134.91229248046875,209.53933715820312,182.29989624023438,207.89132690429688,171.01870727539062,123.86541748046875,189.27017211914062,182.11529541015625,180.88458251953125,176.00286865234375,192.82882690429688,180.93759155273438,206.68621826171875,242.35101318359375,181.15420532226562,178.49908447265625
"S253",248.33847045898438,275.17823791503906,286.30596923828125,297.6201934814453,326.5011749267578,296.18885803222656,310.74134826660156,325.16844177246094,340.03428649902344,328.07640075683594,344.8739471435547,344.90760803222656,343.3482666015625,339.5047149658203,348.42320251464844,361.0819091796875,363.436767578125,352.8006134033203,362.69970703125,360.11041259765625,364.55845642089844,356.6244201660156,374.3435592651367,362.6723937988281,374.6529006958008,383.2287063598633,366.63734436035156,382.6080856323242,363.95794677734375,362.3745422363281,373.9778747558594,374.498291015625,351.66136169433594,356.71112060546875,344.0765380859375,326.8690490722656,358.63514709472656,340.14451599121094,341.00160217285156,349.1980285644531,341.7359619140625,324.73829650878906,324.04185485839844,274.1877746582031,248.49981689453125,267.2071228027344,249.1485595703125,193.36691284179688,211.68240356445312,228.6158447265625,181.11788940429688,188.90911865234375,230.31118774414062,179.86456298828125,165.47512817382812,132.23739624023438,183.50924682617188,165.89556884765625,143.3055419921875,137.52993774414062,112.31903076171875,116.78524780273438,162.95675659179688,81.85079956054688,119.29690551757812,68.20565795898438,116.27407836914062,126.37042236328125,112.02313232421875,117.40408325195312,126.05642700195312,54.399871826171875,11.45001220703125,91.22830200195312,37.4176025390625,31.01214599609375,105.49111938476562,92.36904907226562,60.44403076171875,128.7349853515625,51.286407470703125,73.40155029296875,44.404632568359375,88.47195434570312,100.26138305664062,92.57354736328125,90.52975463867188,51.632598876953125,35.021392822265625,95.10009765625,56.46246337890625,28.154022216796875,81.36209106445312,28.93048095703125,74.27310180664062,30.95098876953125,-70.59527587890625,37.60455322265625,29.70587158203125,43.976043701171875,40.26849365234375,7.122344970703125,27.794647216796875,4.493988037109375,-28.20318603515625,-38.73333740234375,11.720794677734375,-14.2801513671875,27.936676025390625,-19.4488525390625,32.40838623046875,-5.21417236328125,24.8409423828125,27.309051513671875,0.53955078125,83.60400390625,70.88787841796875,94.818115234375,68.82586669921875,131.8428955078125,154.23086547851562,146.68417358398438,131.638427734375,171.888916015625,135.9920654296875,134.91229248046875,209.53933715820312,182.29989624023438,207.89132690429688,171.01870727539062,123.86541748046875,189.27017211914062,182.11529541015625,180.88458251953125,176.00286865234375,192.82882690429688,180.93759155273438,206.68621826171875,242.35101318359375,181.15420532226562,178.49908447265625
"S254",308.36619567871094,312.2557067871094,230.56976318359375,313.0278778076172,320.9037780761719,321.06617736816406,313.0138244628906,352.0435028076172,321.27488708496094,322.57855224609375,363.3434295654297,338.205078125,359.3900451660156,381.29437255859375,342.1477813720703,338.39637756347656,378.0614242553711,351.1522216796875,350.5408020019531,377.30248260498047,362.6712341308594,365.0094909667969,388.2739562988281,356.3866729736328,338.62786865234375,379.2065124511719,364.58251953125,378.7446594238281,385.1440887451172,366.6534881591797,371.5031433105469,378.4867935180664,350.7547302246094,355.30470275878906,372.1698532104492,347.79676818847656,345.5614776611328,367.86769104003906,339.4158477783203,331.8079833984375,339.66900634765625,298.5036926269531,285.6622772216797,273.2624816894531,196.22921752929688,193.90512084960938,207.4581298828125,162.94415283203125,112.49102783203125,157.71969604492188,99.1148681640625,63.038482666015625,59.621551513671875,54.691253662109375,0.171600341796875,59.31787109375,27.10870361328125,57.527069091796875,20.870269775390625,16.907257080078125,-34.81842041015625,-20.22320556640625,-57.96929931640625,-22.80010986328125,43.2998046875,-11.453857421875,2.01507568359375,30.9913330078125,-9.6746826171875,23.4927978515625,-50.96209716796875,2.219329833984375,-26.8653564453125,19.179901123046875,-29.88482666015625,14.5714111328125,-11.84161376953125,45.087127685546875,-28.68505859375,4.551361083984375,-37.408203125,-44.12237548828125,14.403594970703125,-15.32037353515625,-56.90875244140625,-9.254669189453125,-3.365692138671875,-78.725830078125,-10.4449462890625,-76.10809326171875,-33.44927978515625,-22.6571044921875,-59.2760009765625,-76.24981689453125,-83.051513671875,-17.26434326171875,-108.826904296875,-14.43560791015625,-42.966064453125,-2.46014404296875,-82.06744384765625,-30.2413330078125,-39.3409423828125,-46.79376220703125,-45.65191650390625,-66.0057373046875,-70.73583984375,-25.54205322265625,52.853851318359375,69.97744750976562,-19.1611328125,-9.650299072265625,-1.0340576171875,58.37054443359375,129.08383178710938,88.50469970703125,111.78900146484375,85.58401489257812,75.46694946289062,123.015380859375,121.34463500976562,185.92202758789062,173.76873779296875,142.44265747070312,128.63543701171875,79.80926513671875,153.8699951171875,146.90017700195312,134.36904907226562,178.35784912109375,142.77413940429688,177.849365234375,183.11965942382812,217.0211181640625,184.6048583984375,205.03192138671875,226.31539916992188,235.82876586914062,226.46011352539062,238.0826416015625,230.37115478515625
"S255",308.36619567871094,312.2557067871094,265.69590759277344,313.0278778076172,323.7106475830078,321.06617736816406,313.0138244628906,352.0435028076172,321.27488708496094,322.57855224609375,363.3434295654297,338.205078125,359.3900451660156,381.29437255859375,342.1477813720703,352.8000030517578,378.0614242553711,351.1522216796875,350.5408020019531,377.30248260498047,362.6712341308594,365.0094909667969,388.2739562988281,356.3866729736328,361.7715148925781,379.2065124511719,364.58251953125,378.7446594238281,385.1440887451172,366.6534881591797,371.5031433105469,378.4867935180664,359.342529296875,369.8362579345703,372.1698532104492,356.71527099609375,347.2824249267578,367.86769104003906,339.4158477783203,339.7429504394531,339.66900634765625,308.0661315917969,301.7649841308594,291.8091583251953,251.9555206298828,201.765869140625,207.4581298828125,125.816650390625,72.6314697265625,157.71969604492188,99.1148681640625,63.038482666015625,59.621551513671875,39.93359375,-13.37701416015625,59.31787109375,27.10870361328125,57.527069091796875,20.870269775390625,16.907257080078125,-80.462158203125,-20.22320556640625,-62.88262939453125,-22.80010986328125,43.2998046875,-17.3228759765625,2.01507568359375,30.9913330078125,-9.6746826171875,23.4927978515625,-50.96209716796875,2.219329833984375,-26.8653564453125,19.179901123046875,-29.88482666015625,14.5714111328125,-11.84161376953125,45.087127685546875,-28.68505859375,4.551361083984375,-37.408203125,-44.12237548828125,14.403594970703125,-15.32037353515625,-56.90875244140625,-9.254669189453125,-3.365692138671875,-78.725830078125,-10.4449462890625,-76.10809326171875,-33.44927978515625,-22.6571044921875,-59.2760009765625,-76.24981689453125,-83.051513671875,-17.26434326171875,-108.826904296875,-14.43560791015625,-42.966064453125,-2.46014404296875,-82.06744384765625,-30.2413330078125,-39.3409423828125,-75.67730712890625,-79.170166015625,-66.0057373046875,-70.73583984375,-25.54205322265625,52.853851318359375,69.97744750976562,-19.1611328125,-9.650299072265625,-1.0340576171875,58.37054443359375,129.08383178710938,88.50469970703125,111.78900146484375,85.58401489257812,75.46694946289062,123.015380859375,121.34463500976562,185.92202758789062,173.76873779296875,142.44265747070312,128.63543701171875,79.80926513671875,153.8699951171875,146.90017700195312,134.36904907226562,178.35784912109375,142.77413940429688,177.849365234375,183.11965942382812,217.0211181640625,184.6048583984375,205.03192138671875,226.31539916992188,235.82876586914062,226.46011352539062,238.0826416015625,230.37115478515625
"S256",376.73223876953125,368.34124755859375,381.46204376220703,383.6225891113281,385.5978469848633,387.4671936035156,389.0628662109375,390.5731430053711,376.7366256713867,362.50621032714844,393.8529586791992,394.68212890625,395.3920364379883,395.96856689453125,392.0845184326172,396.53275299072266,396.69222259521484,396.7292785644531,396.70660400390625,396.53436279296875,396.39918518066406,396.1359634399414,395.8358383178711,395.40552520751953,394.9247283935547,394.27940368652344,393.5658721923828,392.71765899658203,391.69273376464844,390.5190658569336,389.1192932128906,387.56778717041016,385.81866455078125,383.85888671875,381.65374755859375,379.23121643066406,376.56261444091797,373.6840362548828,370.5858917236328,367.2993621826172,363.72764587402344,359.99139404296875,356.09593200683594,352.0511016845703,321.3107147216797,269.8134460449219,282.71412658691406,211.11627197265625,195.17755126953125,226.1529541015625,99.1148681640625,146.60360717773438,142.80862426757812,98.97994995117188,61.927459716796875,72.41787719726562,33.95123291015625,57.527069091796875,138.68057250976562,121.9989013671875,106.20928955078125,40.373565673828125,1.257965087890625,35.554290771484375,94.019775390625,55.2216796875,101.53695678710938,79.75961303710938,-9.6746826171875,72.20477294921875,69.62289428710938,53.343597412109375,39.069000244140625,50.38037109375,14.49273681640625,15.4134521484375,58.650146484375,90.57211303710938,69.80438232421875,65.58575439453125,50.112030029296875,-21.03076171875,14.403594970703125,-15.32037353515625,17.528411865234375,25.905670166015625,64.0902099609375,20.16943359375,17.711700439453125,10.395904541015625,5.594940185546875,51.819427490234375,54.346710205078125,51.05328369140625,26.995330810546875,-17.26434326171875,-20.69403076171875,6.09466552734375,43.91778564453125,-2.46014404296875,-82.06744384765625,-25.89111328125,-39.3409423828125,-46.4390869140625,-64.56512451171875,-66.0057373046875,-70.73583984375,-25.54205322265625,52.853851318359375,69.97744750976562,-19.1611328125,-9.650299072265625,-1.0340576171875,58.37054443359375,129.08383178710938,120.03558349609375,111.78900146484375,85.58401489257812,174.83184814453125,174.66802978515625,135.13943481445312,185.92202758789062,183.58285522460938,233.31021118164062,252.1485595703125,248.6053009033203,256.3156280517578,277.33607482910156,285.0921173095703,292.68324279785156,299.623046875,280.6468048095703,313.00225830078125,319.1387023925781,324.9458923339844,330.51649475097656,335.8128356933594,340.76304626464844,341.1105041503906,349.6864013671875,344.82171630859375
"S257",313.267578125,317.06983947753906,320.6589050292969,324.0642547607422,327.21112060546875,330.2013244628906,332.78831481933594,335.24766540527344,337.30445861816406,339.12721252441406,340.7372589111328,342.15814208984375,343.3868408203125,344.41029357910156,345.06312561035156,345.5422668457031,345.9072265625,346.0766296386719,346.15423583984375,345.99896240234375,345.90638732910156,345.6219940185547,345.2868957519531,344.76548767089844,344.1822204589844,343.3710479736328,342.4732971191406,341.39056396484375,340.0673370361328,338.5381317138672,336.6896667480469,334.6359405517578,332.3009796142578,329.6669006347656,326.6855163574219,323.3831024169922,319.72471618652344,315.75579833984375,311.4601593017578,306.87420654296875,301.85528564453125,296.57484436035156,291.03648376464844,285.26934814453125,279.0804748535156,269.8134460449219,266.1533508300781,215.47177124023438,197.45550537109375,226.1529541015625,89.87640380859375,146.60360717773438,142.80862426757812,98.97994995117188,61.927459716796875,72.41787719726562,33.95123291015625,46.631134033203125,138.68057250976562,121.9989013671875,106.20928955078125,40.373565673828125,1.257965087890625,35.554290771484375,94.019775390625,55.2216796875,84.52914428710938,72.08544921875,-75.61395263671875,46.6431884765625,33.738983154296875,20.667633056640625,7.826690673828125,-4.458038330078125,-16.55792236328125,-28.5977783203125,-40.47265625,-52.048583984375,-62.982177734375,-73.5882568359375,-83.6932373046875,-93.49322509765625,-103.01776123046875,-111.85479736328125,-119.71710205078125,-127.04998779296875,-134.131103515625,-140.5731201171875,-146.4923095703125,-151.55987548828125,-156.1417236328125,-159.6744384765625,-162.3990478515625,-164.35333251953125,-165.47564697265625,-165.6739501953125,-164.543212890625,-162.8597412109375,-159.76080322265625,-155.66876220703125,-150.79132080078125,-145.17431640625,-138.5218505859375,-130.95745849609375,-122.529052734375,-184.49383544921875,-107.90692138671875,-94.9066162109375,-195.66015625,-188.878173828125,-84.678955078125,-153.4833984375,-120.1162109375,-35.521240234375,-57.7266845703125,-2.856414794921875,9.929290771484375,22.84906005859375,35.957305908203125,49.302215576171875,62.904693603515625,76.51193237304688,90.31845092773438,103.77383422851562,116.8326416015625,130.14590454101562,143.20626831054688,155.54354858398438,167.58139038085938,179.41287231445312,190.2523193359375,201.01834106445312,211.25399780273438,220.90823364257812,230.06692504882812,238.85504150390625,247.196044921875,254.9879913330078,262.20716857910156,269.00733947753906,275.54380798339844
"S258",336.3682403564453,339.6662292480469,342.84852600097656,345.8509216308594,348.56585693359375,351.1970672607422,353.4717254638672,355.625244140625,357.40830993652344,358.97283935546875,360.4084014892578,361.626220703125,362.7355194091797,363.64744567871094,364.1554412841797,364.58038330078125,364.88818359375,365.029296875,365.0671844482422,364.990966796875,364.86964416503906,364.6050109863281,364.2942352294922,363.85105895996094,363.340087890625,362.61878967285156,361.78330993652344,360.83424377441406,359.66741943359375,358.3219299316406,356.7074432373047,354.87493896484375,352.8290710449219,350.5475158691406,347.93238830566406,345.0378112792969,341.8193054199219,338.32106018066406,334.5349426269531,330.5260009765625,326.1460723876953,321.51922607421875,316.7184753417969,311.60450744628906,306.2169952392578,300.6895751953125,294.9987487792969,289.0641174316406,283.21751403808594,277.09344482421875,256.50001525878906,264.2592010498047,257.57037353515625,250.52822875976562,194.01400756835938,186.523193359375,137.88613891601562,178.91397094726562,141.19473266601562,125.609619140625,151.69525146484375,142.46307373046875,16.168731689453125,35.554290771484375,153.6375732421875,55.2216796875,101.53695678710938,79.75961303710938,65.16455078125,72.20477294921875,91.7677001953125,53.343597412109375,39.069000244140625,58.22259521484375,47.756805419921875,23.6689453125,26.69921875,16.629302978515625,7.038848876953125,-2.313995361328125,-11.319671630859375,-19.81103515625,-27.97259521484375,-35.90863037109375,-42.800048828125,-49.27093505859375,-55.6575927734375,-61.1226806640625,-66.21197509765625,-70.522216796875,-74.5263671875,-77.7216796875,-80.1859130859375,-81.898193359375,-82.7529296875,-82.81341552734375,-82.05047607421875,-80.4932861328125,-77.73291015625,-74.01519775390625,-78.5433349609375,-64.86541748046875,-58.9029541015625,-52.44952392578125,-45.0350341796875,-37.3026123046875,-29.204833984375,-20.73590087890625,-11.995391845703125,-2.684112548828125,-27.2122802734375,17.2607421875,27.62994384765625,38.179046630859375,48.778289794921875,59.9462890625,71.15505981445312,82.50686645507812,93.97103881835938,105.67767333984375,117.56884765625,129.60693359375,141.66799926757812,153.43963623046875,164.78268432617188,176.50784301757812,187.92291259765625,198.77496337890625,209.29180908203125,219.55224609375,229.17755126953125,238.55880737304688,247.51220703125,255.97265625,263.9687805175781,271.6111755371094,278.9383850097656,285.7081604003906,292.0284423828125,297.9403076171875,303.6971893310547
"S259",350.6058044433594,353.5395812988281,350.3735046386719,358.9534149169922,361.32080078125,363.5850067138672,365.5191650390625,367.34303283691406,368.83253479003906,370.12611389160156,371.2875671386719,372.27154541015625,373.14339447021484,373.8452911376953,374.21190643310547,374.48828125,374.6702194213867,374.70487213134766,374.6559295654297,374.4746856689453,374.2854766845703,373.95352935791016,373.57544708251953,373.0563201904297,372.46922302246094,371.67750549316406,370.7796630859375,369.74627685546875,368.4961700439453,367.0650329589844,365.3667755126953,363.46331787109375,361.3369445800781,358.97096252441406,356.2919616699219,353.34722900390625,350.1000213623047,346.59327697753906,342.81874084472656,338.83367919921875,334.50697326660156,329.96868896484375,325.2665557861328,320.32122802734375,315.1085662841797,309.7650451660156,304.3158721923828,298.65394592285156,293.09608459472656,287.2522735595703,256.50001525878906,275.02098083496094,268.6049041748047,256.6453857421875,194.01400756835938,186.523193359375,137.88613891601562,178.91397094726562,141.19473266601562,125.609619140625,151.69525146484375,142.46307373046875,16.168731689453125,32.79681396484375,153.6375732421875,27.0274658203125,-84.951171875,-9.74298095703125,65.16455078125,48.999298095703125,108.86126708984375,51.67236328125,-40.16845703125,63.4437255859375,70.45822143554688,23.6689453125,51.4503173828125,42.365081787109375,10.457794189453125,25.448028564453125,17.47509765625,6.670501708984375,2.63812255859375,-4.29071044921875,-10.276641845703125,-23.64306640625,-29.41558837890625,-101.40203857421875,-68.010009765625,-33.63720703125,-72.7413330078125,-39.03143310546875,-40.60455322265625,-41.46533203125,-41.54864501953125,-40.8685302734375,-39.2996826171875,-37.1041259765625,-33.798583984375,-29.6650390625,-78.5433349609375,-19.82684326171875,-13.74005126953125,-7.1488037109375,0.203521728515625,7.82794189453125,15.69952392578125,23.9228515625,32.389190673828125,41.35321044921875,-27.2122802734375,60.37786865234375,70.20709228515625,80.2711181640625,90.28302001953125,99.49557495117188,111.43484497070312,122.10934448242188,132.87600708007812,143.80862426757812,154.87799072265625,165.98541259765625,177.10525512695312,187.90597534179688,198.30078125,199.68804931640625,219.2529296875,229.00009155273438,238.42672729492188,247.61090087890625,256.12646484375,264.45851135253906,272.3820495605469,279.8511657714844,286.90919494628906,293.6675109863281,300.1263732910156,306.1210021972656,311.7075500488281,256.13018798828125,322.06201171875
"S260",373.35911560058594,375.8436737060547,350.3735046386719,380.4443817138672,382.44871520996094,384.37249755859375,386.01464080810547,387.5632095336914,388.8273391723633,389.92240142822266,390.9115753173828,391.74584197998047,392.4910125732422,393.08983612060547,393.39608001708984,393.63307189941406,393.788330078125,393.8198699951172,393.77771759033203,393.6324157714844,393.46959686279297,393.1887512207031,392.86883544921875,392.4324951171875,391.9368896484375,391.26647186279297,390.50337982177734,389.6297378540039,388.571044921875,387.3599166870117,385.92295837402344,384.30831146240234,382.50882720947266,380.5083770751953,378.2394104003906,375.7469024658203,372.99564361572266,370.0239715576172,366.82550048828125,363.4517059326172,359.7895202636719,355.94725036621094,351.97142028808594,347.7775115966797,343.3692626953125,338.8564453125,334.24436950683594,329.4533386230469,324.74757385253906,319.80799865722656,256.50001525878906,296.73699951171875,273.802001953125,256.6453857421875,194.01400756835938,186.523193359375,137.88613891601562,178.91397094726562,141.19473266601562,125.609619140625,151.69525146484375,142.46307373046875,16.168731689453125,32.79681396484375,153.6375732421875,27.0274658203125,-84.951171875,-9.74298095703125,65.16455078125,48.999298095703125,108.86126708984375,51.67236328125,-40.16845703125,63.4437255859375,87.83609008789062,23.6689453125,93.24911499023438,87.81097412109375,10.457794189453125,84.31588745117188,91.671875,6.670501708984375,28.524658203125,32.485992431640625,-2.71337890625,-23.64306640625,-29.41558837890625,-101.40203857421875,-68.010009765625,48.556060791015625,-72.7413330078125,6.36810302734375,18.027069091796875,-33.513916015625,41.930877685546875,19.14666748046875,2.75128173828125,38.0189208984375,30.733154296875,-9.632110595703125,-78.5433349609375,60.407073974609375,65.57821655273438,71.14804077148438,77.38003540039062,83.83602905273438,90.51898193359375,97.48379516601562,80.136474609375,112.23760986328125,-27.2122802734375,128.3504638671875,136.68316650390625,145.18466186523438,141.74154663085938,99.49557495117188,156.57916259765625,154.5595703125,167.81292724609375,170.66326904296875,208.32269287109375,217.73245239257812,227.13473510742188,236.26889038085938,245.0530548095703,199.68804931640625,262.77349853515625,271.0196533203125,278.9872741699219,286.7434387207031,293.9564514160156,300.9954376220703,307.6939239501953,314.0107879638672,319.97450256347656,325.68028259277344,331.14306640625,336.20704650878906,325.71844482421875,256.13018798828125,349.6835021972656
"S261",358.94239807128906,375.8436737060547,337.7794494628906,365.8190002441406,382.44871520996094,384.37249755859375,386.01464080810547,387.5632095336914,361.41770935058594,389.92240142822266,390.9115753173828,391.74584197998047,392.4910125732422,393.08983612060547,393.39608001708984,393.63307189941406,393.788330078125,393.8198699951172,393.77771759033203,393.6324157714844,393.46959686279297,393.1887512207031,392.86883544921875,392.4324951171875,391.9368896484375,391.26647186279297,390.50337982177734,389.6297378540039,388.571044921875,387.3599166870117,385.92295837402344,384.30831146240234,382.50882720947266,380.5083770751953,378.2394104003906,375.7469024658203,372.99564361572266,370.0239715576172,366.82550048828125,363.4517059326172,359.7895202636719,355.94725036621094,351.97142028808594,347.7775115966797,328.0463104248047,280.5418701171875,276.547119140625,204.81036376953125,210.91256713867188,122.82229614257812,20.374542236328125,8.99615478515625,-218.0611572265625,-233.17791748046875,-265.60205078125,-390.5018310546875,-375.44158935546875,-337.88494873046875,-439.35772705078125,-496.73779296875,-543.93408203125,-611.709716796875,-698.1329345703125,-521.245849609375,-683.6585693359375,-737.689208984375,-690.141845703125,-754.353515625,-798.9736328125,-791.5191650390625,-796.511474609375,-709.2139892578125,-808.8056640625,-844.5006103515625,-779.2696533203125,-813.81591796875,-811.3096923828125,-896.336181640625,-978.4810791015625,-1016.85546875,-955.285400390625,-975.121337890625,-1123.0321044921875,-991.9691162109375,-979.0487060546875,-1040.650634765625,-885.676025390625,-984.9283447265625,-889.8118896484375,-867.633056640625,-878.2391357421875,-923.438232421875,-783.3709716796875,-870.4837646484375,-781.8162841796875,-815.5079345703125,-881.47216796875,-764.60107421875,-904.1448974609375,-750.58251953125,-799.498291015625,-729.942138671875,-750.403076171875,-789.3643798828125,-662.172119140625,-714.4500732421875,-860.3541259765625,-546.133056640625,-697.322998046875,-654.3079833984375,-579.611572265625,-579.2413330078125,-525.6451416015625,-548.0623779296875,-468.83447265625,-418.88238525390625,-489.02618408203125,-234.35760498046875,-334.76617431640625,-373.310546875,-220.98699951171875,-185.45068359375,-120.46893310546875,-190.3245849609375,-168.492431640625,-110.234375,6.797149658203125,-49.83026123046875,2.859649658203125,43.509765625,114.35052490234375,92.1920166015625,70.32070922851562,61.002349853515625,209.1697998046875,203.4764404296875,226.84228515625,184.71426391601562,220.59072875976562,274.0979309082031,273.30126953125
"S262",352.33477783203125,375.8436737060547,327.86622619628906,278.75352478027344,382.44871520996094,384.37249755859375,386.01464080810547,387.5632095336914,328.49757385253906,389.92240142822266,390.9115753173828,391.74584197998047,392.4910125732422,393.08983612060547,393.39608001708984,393.63307189941406,393.788330078125,393.8198699951172,393.77771759033203,393.6324157714844,393.46959686279297,393.1887512207031,392.86883544921875,392.4324951171875,391.9368896484375,391.26647186279297,390.50337982177734,389.6297378540039,388.571044921875,387.3599166870117,385.92295837402344,384.30831146240234,382.50882720947266,380.5083770751953,378.2394104003906,375.7469024658203,372.99564361572266,370.0239715576172,366.82550048828125,363.4517059326172,359.7895202636719,355.94725036621094,351.97142028808594,347.7775115966797,328.0463104248047,280.5418701171875,276.547119140625,204.81036376953125,210.91256713867188,122.82229614257812,20.374542236328125,8.99615478515625,-218.0611572265625,-233.17791748046875,-265.60205078125,-390.5018310546875,-375.44158935546875,-337.88494873046875,-439.35772705078125,-496.73779296875,-543.93408203125,-658.54150390625,-698.1329345703125,-521.245849609375,-745.9600830078125,-753.1068115234375,-757.04052734375,-754.353515625,-913.0142822265625,-822.303955078125,-924.00537109375,-757.4622802734375,-850.6776123046875,-844.5006103515625,-842.74267578125,-972.7972412109375,-811.3096923828125,-896.336181640625,-1108.43115234375,-1124.9820556640625,-983.47705078125,-975.121337890625,-1139.9459228515625,-991.9691162109375,-979.0487060546875,-1040.650634765625,-885.676025390625,-1001.5635986328125,-889.8118896484375,-1029.0264892578125,-910.4041748046875,-1024.719482421875,-859.80810546875,-958.14306640625,-781.8162841796875,-977.782470703125,-922.7010498046875,-893.214599609375,-910.22998046875,-750.58251953125,-799.498291015625,-772.1976318359375,-750.403076171875,-808.384033203125,-662.172119140625,-714.4500732421875,-860.3541259765625,-546.133056640625,-697.322998046875,-654.3079833984375,-579.611572265625,-579.2413330078125,-525.6451416015625,-548.0623779296875,-468.83447265625,-418.88238525390625,-489.02618408203125,-234.35760498046875,-334.76617431640625,-398.95587158203125,-220.98699951171875,-185.45068359375,-120.46893310546875,-190.3245849609375,-199.3455810546875,-110.234375,6.797149658203125,-49.83026123046875,-27.37713623046875,41.417022705078125,114.35052490234375,92.1920166015625,37.95556640625,61.002349853515625,209.1697998046875,203.4764404296875,226.84228515625,184.71426391601562,220.59072875976562,274.0979309082031,273.30126953125
"S263",352.33477783203125,385.0788116455078,327.86622619628906,322.59564208984375,391.19541931152344,392.9752731323242,394.49414825439453,395.9307327270508,328.49757385253906,398.13926696777344,399.04754638671875,399.83292388916016,400.51293182373047,401.0636444091797,401.3734130859375,401.59290313720703,401.7433090209961,401.77801513671875,401.75274658203125,401.59740447998047,401.46363830566406,401.21154022216797,400.9241485595703,400.5171127319336,400.06019592285156,399.4452896118164,398.76049041748047,397.95410919189453,396.9785919189453,395.8620071411133,394.5317687988281,393.05201721191406,391.3889694213867,389.52913665771484,387.43187713623047,385.12840270996094,382.58905029296875,379.8489990234375,376.8999557495117,373.77611541748047,370.3822784423828,366.82969665527344,363.1329040527344,359.27833557128906,328.0463104248047,280.5418701171875,276.547119140625,204.81036376953125,210.91256713867188,133.37319946289062,88.97341918945312,22.998870849609375,-51.48443603515625,-88.154052734375,-215.650146484375,-179.9627685546875,-247.91357421875,-288.08001708984375,-338.111328125,-444.4501953125,-566.1531982421875,-506.80010986328125,-374.5074462890625,-403.27349853515625,-426.98504638671875,-504.4188232421875,-468.886474609375,-490.03839111328125,-640.820556640625,-596.7479248046875,-521.9310913085938,-573.3427734375,-590.2498779296875,-560.3858642578125,-547.576171875,-633.5849609375,-798.4393310546875,-690.2203369140625,-647.6273193359375,-604.435302734375,-587.6365966796875,-642.31884765625,-654.6806640625,-573.5009765625,-653.3597412109375,-824.924560546875,-584.9241943359375,-658.666259765625,-700.27734375,-612.20849609375,-532.082275390625,-753.008056640625,-658.8956298828125,-525.778564453125,-574.600830078125,-557.88427734375,-597.2757568359375,-612.302978515625,-584.04736328125,-610.2666015625,-602.701904296875,-627.3524169921875,-624.8399658203125,-623.0948486328125,-581.72412109375,-537.3480224609375,-595.310302734375,-510.82000732421875,-653.718994140625,-548.03759765625,-468.69622802734375,-579.2413330078125,-525.6451416015625,-487.88116455078125,-468.83447265625,-418.88238525390625,-372.114501953125,-234.35760498046875,-262.3076171875,-160.0181884765625,-104.4073486328125,-96.5633544921875,-84.0146484375,9.9437255859375,2.822662353515625,-23.00067138671875,34.96826171875,2.2274169921875,39.577392578125,118.92156982421875,114.35052490234375,96.4273681640625,109.90472412109375,100.52587890625,209.1697998046875,203.4764404296875,226.84228515625,184.71426391601562,220.59072875976562,274.0979309082031,273.30126953125
"S264",318.0446014404297,325.6116180419922,319.71922302246094,332.9893341064453,327.4401092529297,355.2946472167969,343.5390930175781,320.35377502441406,324.19944763183594,371.67652893066406,357.22865295410156,377.96240234375,363.8232727050781,343.23419189453125,350.01625061035156,358.92942810058594,357.7749786376953,395.96378326416016,396.68711853027344,367.0376434326172,388.83231353759766,386.21578216552734,372.10572052001953,376.47206115722656,397.89818572998047,380.68946075439453,389.38372802734375,390.3113555908203,382.05641174316406,387.2003936767578,388.97216796875,369.0276641845703,389.8141555786133,389.52913665771484,373.468017578125,375.1019058227539,382.58905029296875,346.1842956542969,354.84059143066406,371.1021423339844,345.9010772705078,348.5655975341797,342.59999084472656,316.7887878417969,298.35260009765625,275.3087463378906,248.4870147705078,154.13827514648438,169.10409545898438,133.37319946289062,88.97341918945312,22.998870849609375,-51.48443603515625,-31.88653564453125,-163.04400634765625,-65.5911865234375,-247.91357421875,-142.44744873046875,-169.55548095703125,-339.07525634765625,-285.16815185546875,-389.10784912109375,-237.73773193359375,-265.02166748046875,-305.75189208984375,-353.55133056640625,-241.739990234375,-439.47344970703125,-361.28009033203125,-353.38555908203125,-365.21954345703125,-420.987060546875,-537.7559814453125,-358.8795166015625,-399.8663330078125,-392.48797607421875,-680.9320068359375,-565.730224609375,-454.76141357421875,-399.12255859375,-535.999755859375,-520.288330078125,-370.01806640625,-444.49072265625,-552.0682373046875,-574.1650390625,-488.1453857421875,-470.56304931640625,-418.0489501953125,-508.121337890625,-441.78314208984375,-526.0133056640625,-378.7337646484375,-386.32427978515625,-424.563232421875,-355.8182373046875,-409.16839599609375,-369.4566650390625,-298.0977783203125,-390.6783447265625,-382.05609130859375,-463.60235595703125,-402.89666748046875,-461.51324462890625,-404.4854736328125,-327.21221923828125,-460.4632568359375,-345.986328125,-326.74298095703125,-251.1251220703125,-177.47259521484375,-160.5284423828125,-177.6732177734375,-358.13232421875,-364.26495361328125,-232.6737060546875,-23.05078125,-223.96295166015625,-246.73419189453125,-45.69036865234375,-100.6961669921875,-68.88427734375,-52.0263671875,88.9185791015625,35.148681640625,108.6024169921875,133.68511962890625,140.16397094726562,170.04562377929688,195.24530029296875,75.8836669921875,122.5008544921875,182.31463623046875,203.82659912109375,241.91629028320312,221.07833862304688,261.2068634033203,267.1139373779297,264.5769500732422,299.19158935546875,195.9505615234375
"S265",428.47972869873047,429.4641571044922,437.2278366088867,433.8772430419922,433.01049041748047,437.71953201293945,432.3394546508789,434.5813751220703,437.57147216796875,432.3348922729492,443.26824951171875,441.1800003051758,437.77768325805664,444.5765609741211,443.1179733276367,445.55191802978516,445.6352348327637,445.65706634521484,445.6376838684082,445.5741844177246,445.49034118652344,445.34948348999023,445.18890380859375,444.97174072265625,444.0945167541504,444.3815040588379,443.9920234680176,443.54943084716797,443.00996017456055,442.39432525634766,441.66297912597656,440.8370933532715,439.92136001586914,438.90413665771484,437.74585723876953,436.47660064697266,435.0710754394531,433.55261993408203,431.91857147216797,430.19759368896484,428.3303985595703,426.3714828491211,403.84971618652344,408.3238830566406,392.8690948486328,345.538818359375,396.4560852050781,365.84300231933594,339.55340576171875,336.81610107421875,304.35943603515625,296.17018127441406,260.36500549316406,262.259765625,221.61993408203125,241.76345825195312,180.26119995117188,165.8343505859375,151.61221313476562,114.55816650390625,143.38604736328125,131.82192993164062,183.37252807617188,150.393798828125,130.68167114257812,135.63507080078125,173.12777709960938,87.7857666015625,117.48110961914062,100.09197998046875,134.08843994140625,168.22616577148438,46.822418212890625,143.31753540039062,142.35345458984375,153.49191284179688,54.359588623046875,84.28414916992188,81.3511962890625,86.48098754882812,65.94430541992188,89.84600830078125,133.62103271484375,115.66934204101562,48.2451171875,95.7371826171875,54.002349853515625,81.72390747070312,118.82888793945312,72.92514038085938,130.51211547851562,119.58792114257812,165.76165771484375,138.6236572265625,123.71481323242188,118.9698486328125,111.53094482421875,145.361328125,173.96954345703125,125.67184448242188,120.23004150390625,77.70770263671875,141.98541259765625,127.12796020507812,138.236572265625,167.04461669921875,142.0311279296875,137.45144653320312,128.12979125976562,181.314453125,196.46456909179688,248.49391174316406,222.9998779296875,146.02203369140625,183.30966186523438,233.48196411132812,259.6533203125,227.66366577148438,221.78302001953125,250.6773223876953,241.3880615234375,269.4193572998047,291.23675537109375,304.4773406982422,321.75775146484375,355.4980926513672,356.10606384277344,352.6678161621094,365.748779296875,378.32740020751953,367.2772521972656,366.78382873535156,371.4831848144531,382.00757598876953,379.01883697509766,361.378173828125,395.98089599609375,401.63690185546875,394.1160430908203,397.2183074951172,388.9881591796875
"S266",413.5339584350586,415.3258590698242,417.0642318725586,418.7171936035156,420.2282028198242,421.7012176513672,422.98563385009766,424.2123718261719,425.251220703125,426.17163848876953,427.01758575439453,427.7549819946289,428.42527770996094,428.98919677734375,429.3435363769531,429.6428756713867,429.87774658203125,430.0224151611328,430.110107421875,430.1260986328125,430.1243133544922,430.0467987060547,429.9466247558594,429.7777328491211,429.5777587890625,429.2750778198242,428.9271926879883,428.5202102661133,428.00789642333984,427.413330078125,426.6843719482422,425.8555450439453,424.9231643676758,423.87117767333984,422.65674591064453,421.3066177368164,419.790283203125,418.13321685791016,416.32994842529297,414.40438079833984,412.2848205566406,410.0367202758789,407.68460845947266,405.1753463745117,402.51182556152344,399.75426483154297,396.91243743896484,393.9423599243164,391.00598907470703,387.9195022583008,384.7129821777344,381.46363830566406,367.70286560058594,282.14979553222656,338.1811828613281,328.7559509277344,323.5819549560547,344.33349609375,297.9197540283203,316.0585479736328,340.9254608154297,342.70228576660156,319.69708251953125,272.4496154785156,328.2657928466797,295.7958984375,303.3686981201172,302.15216064453125,295.85768127441406,294.2403106689453,290.07374572753906,289.33729553222656,283.5316162109375,277.8993377685547,272.4330596923828,266.8992614746094,261.4293518066406,256.1268005371094,251.05728149414062,246.11080932617188,241.34811401367188,236.82852172851562,232.45413208007812,228.22726440429688,224.51773071289062,221.00961303710938,217.56048583984375,214.5325927734375,211.688232421875,209.21627807617188,206.89462280273438,204.98129272460938,203.41567993164062,202.20962524414062,201.40728759765625,200.9989013671875,201.0316162109375,201.43475341796875,202.47235107421875,203.99810791015625,205.83163452148438,208.00210571289062,210.7244873046875,213.76821899414062,217.31192016601562,221.04904174804688,224.994140625,229.15460205078125,233.47250366210938,238.11355590820312,243.0633544921875,248.0884552001953,253.2841033935547,258.5993347167969,263.9156799316406,269.55140686035156,275.21453857421875,280.95457458496094,286.77366638183594,292.7300262451172,298.79713439941406,304.96697998046875,311.1822204589844,317.2720642089844,323.17518615722656,329.2794494628906,335.2626953125,340.9700622558594,346.53330993652344,351.99562072753906,357.11383056640625,362.1317443847656,366.9355010986328,371.4882049560547,375.7942810058594,379.90753173828125,383.85374450683594,387.5130386352539,390.91996002197266,394.10498046875,397.1915817260742
"S267",288.3930358886719,292.6610107421875,296.76219177246094,300.63377380371094,304.14715576171875,307.53895568847656,310.47447204589844,313.25257873535156,315.5525207519531,317.57652282714844,319.42315673828125,320.99493408203125,322.41650390625,323.58717346191406,324.2498016357422,324.7926788330078,325.18682861328125,325.3628692626953,325.4106750488281,325.29603576660156,325.1416015625,324.79644775390625,324.391357421875,323.80982971191406,323.1436767578125,322.2080535888672,321.1280822753906,319.89466857910156,318.3824462890625,316.63673400878906,314.5426330566406,312.1725616455078,309.5191955566406,306.5579528808594,303.1708679199219,299.4180145263672,295.2511901855469,290.72291564941406,285.8216552734375,280.6272430419922,274.9507751464844,268.95509338378906,262.7259216308594,256.1112365722656,249.12059020996094,241.93927001953125,234.56216430664062,226.86575317382812,219.28854370117188,211.33810424804688,203.07064819335938,194.68856811523438,185.99468994140625,176.86477661132812,167.77001953125,158.40438842773438,148.38970947265625,137.82077026367188,126.67327880859375,115.73980712890625,105.14395141601562,93.54483032226562,81.38534545898438,68.73110961914062,55.800811767578125,42.425262451171875,28.630462646484375,14.5516357421875,-0.036285400390625,-14.36968994140625,-29.21734619140625,-44.0400390625,-58.64215087890625,-72.74310302734375,-86.35870361328125,-100.1312255859375,-113.69635009765625,-126.7906494140625,-139.24884033203125,-151.390625,-163.069091796875,-174.131591796875,-184.7728271484375,-195.05584716796875,-204.03167724609375,-212.44342041015625,-220.728515625,-227.88372802734375,-234.53594970703125,-240.18017578125,-245.40966796875,-249.57965087890625,-252.80133056640625,-255.0650634765625,-256.23345947265625,-256.36962890625,-255.37799072265625,-253.404052734375,-249.87115478515625,-245.1063232421875,-239.60345458984375,-233.2874755859375,-225.59765625,-217.2261962890625,-207.63671875,-197.623779296875,-187.16986083984375,-176.20465087890625,-164.8839111328125,-152.81640625,-139.9937744140625,-126.98541259765625,-113.56854248046875,-99.86407470703125,-86.1478271484375,-71.65972900390625,-57.127685546875,-42.4097900390625,-27.53924560546875,-12.3553466796875,3.083099365234375,18.676513671875,34.33404541015625,49.6129150390625,64.34579467773438,79.55899047851562,94.38424682617188,108.46755981445312,122.12908935546875,135.46783447265625,147.94436645507812,160.137939453125,171.76614379882812,182.7486572265625,193.14053344726562,203.08267211914062,212.5950927734375,221.3931884765625,229.60159301757812,237.28692626953125,244.7571563720703
"S268",380.5979690551758,383.0135192871094,385.33465576171875,387.52843475341797,389.5220031738281,391.44725036621094,393.1094436645508,394.68701171875,395.99957275390625,397.15169525146484,398.19893646240234,399.0994186401367,399.9085006713867,400.575927734375,400.9636917114258,401.2775421142578,401.5094451904297,401.62023162841797,401.6591033935547,401.5964050292969,401.51951599121094,401.33406829833984,401.1157760620117,400.7946472167969,400.4261932373047,399.90576934814453,399.3123321533203,398.62491607666016,397.7786865234375,396.80347442626953,395.62874603271484,394.30296325683594,392.81636810302734,391.15130615234375,389.2482452392578,387.1442337036133,384.8038864135742,382.2617416381836,379.5106506347656,376.5903549194336,373.39839935302734,370.0321960449219,366.5284881591797,362.8184509277344,358.8944549560547,354.8538360595703,350.71339416503906,346.3997344970703,342.15318298339844,337.6899871826172,333.0548858642578,328.3556671142578,323.47412109375,301.9337615966797,313.27252197265625,308.0284423828125,302.42091369628906,296.5040283203125,290.2669372558594,284.1402587890625,278.19488525390625,271.7036895751953,264.8960876464844,257.8106994628906,250.59585571289062,243.10366821289062,235.3875732421875,227.50503540039062,219.36233520507812,211.34237670898438,203.06295776367188,194.76492309570312,186.6002197265625,178.7298583984375,171.11337280273438,163.43603515625,155.86947631835938,148.55563354492188,141.60665893554688,134.84033203125,128.34674072265625,122.18499755859375,116.23825073242188,110.52914428710938,105.55364990234375,100.883056640625,96.30560302734375,92.32888793945312,88.64031982421875,85.50860595703125,82.62530517578125,80.35848999023438,78.6151123046875,77.4061279296875,76.79049682617188,76.755615234375,77.38531494140625,78.52645874023438,80.55563354492188,83.25888061523438,86.38348388671875,89.96212768554688,94.28494262695312,99.03179931640625,104.431396484375,110.0723876953125,115.95352172851562,122.12313842773438,128.49639892578125,135.29122924804688,142.49099731445312,149.79559326171875,157.31680297851562,165.01513671875,172.69235229492188,180.81869506835938,188.96563720703125,197.20755004882812,205.54330444335938,214.04428100585938,222.68075561523438,231.40493774414062,240.1689453125,248.71910095214844,256.9772644042969,265.47174072265625,273.75917053222656,281.6232452392578,289.2577819824219,296.7234802246094,303.6801452636719,310.49269104003906,316.99049377441406,323.1297149658203,328.9322204589844,334.4801483154297,339.7903137207031,344.714111328125,349.2991180419922,353.5959014892578,357.7659149169922
"S269",378.0883331298828,380.4769287109375,382.7656784057617,384.91204833984375,386.83760833740234,388.6910705566406,390.2728805541992,391.7638244628906,392.9793167114258,394.03050994873047,394.98545837402344,395.78627014160156,396.50720977783203,397.0854721069336,397.3741912841797,397.60313415527344,397.75170135498047,397.78172302246094,397.73846435546875,397.60484313964844,397.44432067871094,397.1727066040039,396.8633346557617,396.44496154785156,395.96815490722656,395.3219528198242,394.5828552246094,393.7421188354492,392.72245025634766,391.5563201904297,390.17382049560547,388.61643981933594,386.8845443725586,384.9618148803711,382.777587890625,380.37857818603516,377.72911834716797,374.8667449951172,371.7859191894531,368.53953552246094,365.0164337158203,361.31829833984375,357.49693298339844,353.4540710449219,349.2150115966797,344.8820037841797,340.44378662109375,335.8330993652344,331.30223083496094,326.55418395996094,321.61293029785156,316.5998992919922,311.39697265625,301.9337615966797,298.9861755371094,294.8228302001953,285.5973205566406,282.3977813720703,275.65345764160156,269.04046630859375,262.6344909667969,255.63783264160156,248.31040954589844,240.7218017578125,232.991455078125,225.02099609375,216.84161376953125,208.531982421875,199.96719360351562,191.60601806640625,182.97329711914062,174.38980102539062,165.98696899414062,157.91336059570312,150.17135620117188,142.36392211914062,134.69009399414062,127.31521606445312,120.3353271484375,113.542724609375,107.02978515625,100.904052734375,95.02716064453125,89.35574340820312,84.49649047851562,79.96456909179688,75.52432250976562,71.7906494140625,68.3746337890625,65.57553100585938,63.054107666015625,61.196533203125,59.91607666015625,59.232513427734375,59.205352783203125,59.79693603515625,61.044403076171875,62.86114501953125,65.57757568359375,68.98324584960938,72.7767333984375,77.0079345703125,81.99871826171875,87.34332275390625,93.34487915039062,99.55630493164062,106.0015869140625,112.70523071289062,119.60208129882812,126.8970947265625,134.60812377929688,142.41055297851562,150.44168090820312,158.6087646484375,166.7919921875,175.39669799804688,184.01223754882812,192.71047973632812,201.47442626953125,210.37838745117188,219.382568359375,228.44952392578125,237.49435424804688,246.28285217285156,254.7270050048828,263.38771057128906,271.7825927734375,279.7219696044922,287.38629150390625,294.8400421142578,301.7934112548828,308.56195068359375,315.00653076171875,321.0856170654297,326.8216094970703,332.3063507080078,337.56500244140625,342.4327087402344,346.9772186279297,351.2407684326172,355.39903259277344
"S270",375.17578125,377.76114654541016,380.26271057128906,382.641357421875,384.8196258544922,386.93782806396484,388.7876663208008,390.55242919921875,392.0445861816406,393.37005615234375,394.5857238769531,395.6442337036133,396.6045455932617,397.41297149658203,397.92179107666016,398.34879302978516,398.6830749511719,398.8854751586914,399.00745391845703,399.02384185791016,399.0186309814453,398.9023895263672,398.7529983520508,398.5036392211914,398.2103805541992,397.7698287963867,397.2622604370117,396.66957092285156,395.92642974853516,395.06266021728516,394.0057601928711,392.80528259277344,391.4529266357422,389.92845153808594,388.1707305908203,386.21361541748047,384.0193328857422,381.6212692260742,379.01136016845703,376.22435760498047,373.1563262939453,369.9007263183594,366.4937744140625,362.8184509277344,358.8944549560547,354.8538360595703,350.71339416503906,346.3997344970703,342.15318298339844,327.6546173095703,333.0548858642578,305.79563903808594,322.8401794433594,297.3035430908203,298.9861755371094,308.0284423828125,250.55868530273438,291.900634765625,290.2669372558594,282.8198547363281,268.2813415527344,271.7036895751953,264.8960876464844,257.8106994628906,250.59585571289062,243.10366821289062,235.3875732421875,227.50503540039062,219.36233520507812,211.34237670898438,203.06295776367188,194.76492309570312,186.35467529296875,178.18017578125,170.2349853515625,162.19284057617188,154.2452392578125,146.53652954101562,139.16799926757812,131.97900390625,125.05661010742188,118.47244262695312,112.10379028320312,105.96026611328125,100.54873657226562,95.44009399414062,90.41555786132812,85.98886108398438,81.83181762695312,78.21652221679688,74.820068359375,72.01138305664062,69.7095947265625,67.92343139648438,66.72344970703125,66.09442138671875,66.11578369140625,66.66998291015625,68.13833618164062,70.3165283203125,72.94903564453125,76.07342529296875,79.99853515625,84.39138793945312,89.50912475585938,94.90997314453125,100.6024169921875,106.61773681640625,112.8609619140625,119.57406616210938,126.73379516601562,134.0103759765625,141.52960205078125,149.23715209960938,156.93594360351562,165.1048583984375,173.31149291992188,181.63311767578125,190.0689697265625,198.70724487304688,207.51455688476562,216.45687866210938,225.47689819335938,234.3145751953125,242.8802490234375,251.7438201904297,260.4337615966797,268.7220916748047,276.80406188964844,284.7392272949219,292.17015075683594,299.46339416503906,306.44142150878906,313.05186462402344,319.3113250732422,325.2955780029297,331.0284881591797,336.34368896484375,341.29339599609375,342.3399353027344,350.4048767089844
"S271",163.20822143554688,215.74777221679688,205.92401123046875,245.00762939453125,243.0587158203125,279.40504455566406,242.87997436523438,219.41094970703125,244.56776428222656,282.8744354248047,296.8290557861328,283.58160400390625,282.85089111328125,300.89210510253906,272.64019775390625,287.1947479248047,291.2261962890625,290.0948181152344,296.7088317871094,313.9971923828125,293.6516418457031,304.52227783203125,334.0175018310547,307.6261749267578,324.7356872558594,322.25958251953125,302.89930725097656,330.70477294921875,325.92315673828125,317.76622009277344,326.8815002441406,329.6028594970703,313.9827880859375,321.84974670410156,321.4253234863281,322.6598205566406,312.3284454345703,293.40553283691406,285.59288024902344,272.20216369628906,251.21864318847656,266.7960510253906,259.4595489501953,218.052001953125,128.40084838867188,199.8154296875,84.71762084960938,91.57162475585938,91.77658081054688,66.96343994140625,-40.7515869140625,-18.74859619140625,-3.760650634765625,-27.47894287109375,-58.5294189453125,19.5107421875,-21.3037109375,-34.17352294921875,-113.80596923828125,-97.76837158203125,-17.232421875,-47.51617431640625,-13.57000732421875,-22.5926513671875,4.579376220703125,-7.368682861328125,-99.2716064453125,20.949554443359375,-6.197113037109375,-23.71112060546875,-69.9244384765625,5.590179443359375,-7.6383056640625,-18.35772705078125,-10.25537109375,-46.0054931640625,-24.90814208984375,-19.0963134765625,-46.24200439453125,-12.27288818359375,-20.59454345703125,-19.49151611328125,-19.78076171875,-69.0042724609375,-47.74371337890625,-83.33624267578125,-45.4781494140625,-42.688232421875,-21.1937255859375,1.833770751953125,-6.759124755859375,20.667633056640625,-17.0889892578125,11.1661376953125,24.52813720703125,17.910980224609375,-28.40411376953125,-3.46636962890625,-10.44573974609375,0.7589111328125,12.022064208984375,45.4395751953125,27.8885498046875,38.969024658203125,26.250244140625,38.639801025390625,40.528045654296875,29.878662109375,9.002960205078125,13.904937744140625,24.23663330078125,-69.87493896484375,-7.806365966796875,-6.054107666015625,-100.86322021484375,-72.33544921875,2.7491455078125,-35.669921875,-45.923095703125,-6.9439697265625,50.4129638671875,35.246246337890625,-28.1514892578125,19.682647705078125,25.32122802734375,-7.887847900390625,60.9306640625,-29.6746826171875,-36.22186279296875,26.686431884765625,-15.00921630859375,46.28424072265625,87.8470458984375,49.670745849609375,53.421234130859375,23.62420654296875,90.61337280273438,24.48553466796875,103.46206665039062,6.2236328125,56.1976318359375
"S272",163.20822143554688,215.74777221679688,205.92401123046875,245.00762939453125,243.0587158203125,279.40504455566406,242.87997436523438,219.41094970703125,244.56776428222656,282.8744354248047,296.8290557861328,283.58160400390625,282.85089111328125,300.89210510253906,272.64019775390625,287.1947479248047,291.2261962890625,290.0948181152344,296.7088317871094,313.9971923828125,293.6516418457031,304.52227783203125,334.0175018310547,307.6261749267578,324.7356872558594,322.25958251953125,302.89930725097656,330.70477294921875,325.92315673828125,317.76622009277344,326.8815002441406,329.6028594970703,313.9827880859375,321.84974670410156,321.4253234863281,322.6598205566406,312.3284454345703,293.40553283691406,285.59288024902344,272.20216369628906,251.21864318847656,266.7960510253906,259.4595489501953,218.052001953125,128.40084838867188,199.8154296875,84.71762084960938,91.57162475585938,91.77658081054688,66.96343994140625,-59.25592041015625,-18.74859619140625,-3.760650634765625,-27.47894287109375,-58.5294189453125,19.5107421875,-21.3037109375,-34.17352294921875,-113.80596923828125,-97.76837158203125,-17.232421875,-47.51617431640625,-13.57000732421875,-22.5926513671875,4.579376220703125,-7.368682861328125,-99.2716064453125,20.949554443359375,-6.197113037109375,-23.71112060546875,-69.9244384765625,5.590179443359375,-7.6383056640625,-18.35772705078125,-10.25537109375,-46.0054931640625,-34.73779296875,-46.7197265625,-58.1468505859375,-69.27972412109375,-79.97271728515625,-90.2391357421875,-100.19085693359375,-109.66314697265625,-118.0894775390625,-126.01666259765625,-133.7752685546875,-140.73828125,-147.25390625,-152.93829345703125,-158.24688720703125,-162.6201171875,-166.21142578125,-169.03759765625,-170.99432373046875,-172.0635986328125,-172.00555419921875,-171.223876953125,-169.02630615234375,-165.75390625,-161.72210693359375,-156.91552734375,-150.92095947265625,-144.1058349609375,-136.231689453125,-127.897216796875,-119.175537109375,-109.897705078125,-100.2593994140625,-89.88079833984375,-78.85455322265625,-69.87493896484375,-56.034423828125,-44.061767578125,-100.86322021484375,-72.33544921875,-6.878570556640625,-35.669921875,-45.923095703125,-6.9439697265625,46.053924560546875,35.246246337890625,-28.1514892578125,19.682647705078125,25.32122802734375,-7.887847900390625,60.9306640625,-29.6746826171875,-36.22186279296875,26.686431884765625,-15.00921630859375,46.28424072265625,87.8470458984375,49.670745849609375,53.421234130859375,23.62420654296875,90.61337280273438,24.48553466796875,103.46206665039062,6.2236328125,56.1976318359375
"S273",248.33847045898438,275.17823791503906,286.30596923828125,297.6201934814453,326.5011749267578,296.18885803222656,310.74134826660156,325.16844177246094,340.03428649902344,328.07640075683594,344.8739471435547,344.90760803222656,343.3482666015625,339.5047149658203,348.42320251464844,361.0819091796875,363.436767578125,352.8006134033203,362.69970703125,360.11041259765625,364.55845642089844,356.6244201660156,374.3435592651367,362.6723937988281,374.6529006958008,379.24198150634766,366.63734436035156,377.93399810791016,363.95794677734375,362.3745422363281,373.9778747558594,373.35987091064453,351.66136169433594,356.71112060546875,344.0765380859375,329.6780548095703,358.63514709472656,340.14451599121094,341.00160217285156,349.1980285644531,341.7359619140625,324.73829650878906,324.04185485839844,274.1877746582031,248.49981689453125,267.2071228027344,249.1485595703125,193.36691284179688,211.68240356445312,228.6158447265625,181.11788940429688,188.90911865234375,230.31118774414062,179.86456298828125,165.47512817382812,132.23739624023438,183.50924682617188,165.89556884765625,143.3055419921875,137.52993774414062,112.31903076171875,89.376953125,162.95675659179688,81.85079956054688,119.04696655273438,62.42706298828125,90.03366088867188,75.8653564453125,98.12045288085938,117.40408325195312,81.48861694335938,51.02301025390625,9.891693115234375,91.22830200195312,9.6925048828125,31.01214599609375,91.11492919921875,81.9896240234375,60.44403076171875,41.18408203125,4.446197509765625,48.737823486328125,41.20159912109375,33.9132080078125,27.493408203125,21.434783935546875,15.465850830078125,10.220916748046875,5.291412353515625,1.005859375,-3.0281982421875,-6.376708984375,-9.122589111328125,-11.256622314453125,-12.688232421875,-13.445556640625,-53.3408203125,-12.80633544921875,-11.086761474609375,-8.520660400390625,-5.422027587890625,-1.741485595703125,2.898040771484375,4.493988037109375,-28.20318603515625,-38.73333740234375,6.6705322265625,-14.2801513671875,27.936676025390625,-19.4488525390625,32.40838623046875,-5.21417236328125,24.8409423828125,27.309051513671875,0.53955078125,83.60400390625,70.88787841796875,94.818115234375,68.82586669921875,131.8428955078125,153.63046264648438,146.68417358398438,131.638427734375,171.888916015625,125.42874145507812,134.91229248046875,209.53933715820312,182.29989624023438,207.89132690429688,171.01870727539062,123.86541748046875,189.27017211914062,182.11529541015625,180.88458251953125,176.00286865234375,192.82882690429688,180.93759155273438,206.68621826171875,242.35101318359375,217.28207397460938,178.49908447265625
"S274",248.33847045898438,275.17823791503906,286.30596923828125,297.6201934814453,326.5011749267578,296.18885803222656,310.74134826660156,325.16844177246094,340.03428649902344,328.07640075683594,344.8739471435547,344.90760803222656,343.3482666015625,339.5047149658203,348.42320251464844,361.0819091796875,363.436767578125,352.8006134033203,362.69970703125,360.11041259765625,364.55845642089844,356.6244201660156,374.3435592651367,362.6723937988281,374.6529006958008,379.24198150634766,366.63734436035156,377.93399810791016,363.95794677734375,362.3745422363281,373.9778747558594,373.35987091064453,351.66136169433594,356.71112060546875,344.0765380859375,329.6780548095703,358.63514709472656,340.14451599121094,341.00160217285156,349.1980285644531,341.7359619140625,324.73829650878906,324.04185485839844,274.1877746582031,248.49981689453125,267.2071228027344,249.1485595703125,193.36691284179688,211.68240356445312,228.6158447265625,181.11788940429688,188.90911865234375,230.31118774414062,179.86456298828125,165.47512817382812,132.23739624023438,183.50924682617188,165.89556884765625,143.3055419921875,137.52993774414062,112.31903076171875,89.376953125,162.95675659179688,81.85079956054688,119.04696655273438,62.42706298828125,90.03366088867188,75.8653564453125,98.12045288085938,117.40408325195312,81.48861694335938,51.02301025390625,9.891693115234375,91.22830200195312,9.6925048828125,31.01214599609375,91.11492919921875,81.9896240234375,60.44403076171875,41.18408203125,4.446197509765625,48.737823486328125,41.20159912109375,33.9132080078125,27.493408203125,21.434783935546875,15.465850830078125,10.220916748046875,5.291412353515625,1.005859375,-3.0281982421875,-6.376708984375,-9.122589111328125,-11.256622314453125,-12.688232421875,-13.445556640625,-53.3408203125,-12.80633544921875,-11.086761474609375,-8.520660400390625,-5.422027587890625,-1.741485595703125,2.898040771484375,4.493988037109375,-28.20318603515625,-38.73333740234375,6.6705322265625,-14.2801513671875,27.936676025390625,-19.4488525390625,32.40838623046875,-5.21417236328125,24.8409423828125,27.309051513671875,0.53955078125,83.60400390625,70.88787841796875,94.818115234375,68.82586669921875,131.8428955078125,153.63046264648438,146.68417358398438,131.638427734375,171.888916015625,125.42874145507812,134.91229248046875,209.53933715820312,182.29989624023438,207.89132690429688,171.01870727539062,123.86541748046875,189.27017211914062,182.11529541015625,180.88458251953125,176.00286865234375,192.82882690429688,180.93759155273438,206.68621826171875,242.35101318359375,217.28207397460938,178.49908447265625
"S275",214.0738525390625,242.412109375,230.56976318359375,267.6035461425781,292.4202117919922,296.6894836425781,271.74049377441406,290.1494903564453,289.9588928222656,295.3271484375,327.8949279785156,290.99085998535156,290.5872039794922,303.48248291015625,297.2274169921875,320.86158752441406,326.748779296875,321.6605529785156,333.5747985839844,331.39576721191406,332.0664520263672,337.947509765625,333.94639587402344,306.9895782470703,334.31446838378906,328.47625732421875,343.3217010498047,324.21095275878906,353.060791015625,341.46087646484375,339.4453125,354.154541015625,330.9096221923828,338.7679748535156,346.7900390625,347.79676818847656,337.34547424316406,330.49761962890625,313.4128112792969,329.4307403564453,312.3685607910156,298.5036926269531,285.6622772216797,273.2624816894531,193.22625732421875,193.90512084960938,207.4581298828125,162.94415283203125,112.49102783203125,157.71969604492188,99.1148681640625,63.038482666015625,59.621551513671875,54.691253662109375,0.171600341796875,59.31787109375,27.10870361328125,57.527069091796875,20.870269775390625,16.907257080078125,-34.81842041015625,-20.22320556640625,-57.96929931640625,-22.80010986328125,43.2998046875,-11.453857421875,2.01507568359375,30.9913330078125,-9.6746826171875,23.4927978515625,-50.96209716796875,2.219329833984375,-26.8653564453125,19.179901123046875,-29.88482666015625,14.5714111328125,-11.84161376953125,45.087127685546875,-28.68505859375,4.551361083984375,-37.408203125,-44.12237548828125,14.403594970703125,-15.32037353515625,-56.90875244140625,-9.254669189453125,-3.365692138671875,-78.725830078125,-10.4449462890625,-76.10809326171875,-33.44927978515625,-22.6571044921875,-20.40264892578125,-51.09765625,-83.051513671875,-17.26434326171875,-53.3408203125,-14.43560791015625,-42.966064453125,-2.46014404296875,-82.06744384765625,-30.2413330078125,-38.22503662109375,-36.4898681640625,-45.65191650390625,-47.265869140625,-6.3167724609375,-25.54205322265625,52.853851318359375,69.97744750976562,-19.1611328125,-9.650299072265625,3.869476318359375,58.37054443359375,129.08383178710938,88.50469970703125,111.78900146484375,85.58401489257812,75.46694946289062,123.015380859375,121.34463500976562,185.92202758789062,173.76873779296875,141.97396850585938,113.16119384765625,119.592041015625,153.8699951171875,146.90017700195312,138.210205078125,142.80477905273438,102.69271850585938,177.849365234375,148.70346069335938,165.64822387695312,152.92105102539062,132.299072265625,144.0489501953125,176.28768920898438,173.64166259765625,217.28207397460938,197.68170166015625
"S276",343.38934326171875,343.2313690185547,366.44573974609375,336.8962707519531,339.40431213378906,348.39622497558594,360.1171875,366.17823791503906,315.9264678955078,326.8054504394531,351.9835662841797,356.90997314453125,361.6170654296875,371.3312225341797,355.08140563964844,378.72181701660156,370.9504852294922,371.8084259033203,376.0366668701172,371.1462097167969,369.88645935058594,367.087890625,373.25635528564453,368.0220642089844,371.0640869140625,370.5753936767578,391.4170150756836,392.71765899658203,391.69273376464844,390.5190658569336,389.1192932128906,387.56778717041016,385.81866455078125,383.85888671875,381.65374755859375,379.23121643066406,376.56261444091797,373.6840362548828,370.5858917236328,367.2993621826172,363.72764587402344,359.99139404296875,356.09593200683594,352.0511016845703,301.4723205566406,255.98678588867188,269.6294250488281,199.78424072265625,186.87890625,207.55862426757812,99.1148681640625,131.58297729492188,133.23492431640625,88.60818481445312,59.467529296875,72.59796142578125,27.10870361328125,57.527069091796875,104.36874389648438,90.80007934570312,99.748779296875,36.86834716796875,-4.962371826171875,55.315765380859375,98.14828491210938,53.737518310546875,96.509033203125,64.71920776367188,-9.6746826171875,66.07745361328125,58.228302001953125,55.100311279296875,54.780364990234375,70.30340576171875,35.44122314453125,35.36981201171875,73.14923095703125,106.05792236328125,30.439544677734375,23.616943359375,4.0460205078125,-2.08160400390625,14.403594970703125,-15.32037353515625,13.414642333984375,58.032257080078125,71.32266235351562,26.58917236328125,9.19512939453125,13.918487548828125,-14.5845947265625,2.5048828125,-11.7412109375,-0.89617919921875,-9.735015869140625,-17.26434326171875,-108.826904296875,-14.43560791015625,22.293731689453125,-2.46014404296875,-72.7779541015625,-30.2413330078125,-39.3409423828125,-46.84130859375,-48.7335205078125,-66.0057373046875,-70.73583984375,-25.54205322265625,52.853851318359375,69.97744750976562,-19.1611328125,-9.650299072265625,-1.0340576171875,58.37054443359375,129.08383178710938,99.83773803710938,111.78900146484375,107.81524658203125,148.739013671875,143.7772216796875,124.80926513671875,185.92202758789062,173.76873779296875,219.74581909179688,210.65084838867188,189.76129150390625,251.54434204101562,269.66969299316406,277.71392822265625,285.5426483154297,285.74171447753906,286.6141815185547,306.96641540527344,285.0494842529297,301.6780090332031,287.972900390625,298.14320373535156,319.7581024169922,316.0186309814453,288.4215850830078,327.1103210449219
"S277",376.73223876953125,379.1695861816406,381.46204376220703,383.6225891113281,385.5978469848633,387.4671936035156,389.0628662109375,390.5731430053711,391.8167419433594,376.02581787109375,393.8529586791992,394.68212890625,395.3920364379883,395.96856689453125,396.30303955078125,396.53275299072266,396.69222259521484,396.7292785644531,396.70660400390625,396.53436279296875,396.39918518066406,396.1359634399414,395.8358383178711,395.40552520751953,394.9247283935547,394.27940368652344,393.5658721923828,392.71765899658203,391.69273376464844,390.5190658569336,389.1192932128906,387.56778717041016,385.81866455078125,383.85888671875,381.65374755859375,379.23121643066406,376.56261444091797,373.6840362548828,370.5858917236328,367.2993621826172,363.72764587402344,359.99139404296875,356.09593200683594,352.0511016845703,339.55845642089844,291.8883056640625,307.8527069091797,243.85366821289062,241.21624755859375,255.4384307861328,112.23553466796875,179.64321899414062,177.99722290039062,159.35748291015625,108.87643432617188,122.42941284179688,73.74017333984375,105.96200561523438,208.95358276367188,191.14779663085938,178.66058349609375,111.87396240234375,53.79412841796875,103.12051391601562,167.3819580078125,126.79010009765625,161.99490356445312,129.15487670898438,-9.6746826171875,139.07467651367188,141.75729370117188,123.78237915039062,96.762451171875,111.59402465820312,78.13436889648438,79.86203002929688,130.81954956054688,123.328857421875,116.29177856445312,109.47616577148438,103.00372314453125,37.475433349609375,63.463165283203125,-1.057830810546875,80.22100830078125,75.68048095703125,71.32266235351562,67.44418334960938,63.9398193359375,61.036590576171875,58.49200439453125,56.6912841796875,55.45745849609375,54.7777099609375,54.676849365234375,22.3712158203125,30.402984619140625,58.416656494140625,61.141143798828125,27.453582763671875,-35.48553466796875,36.1326904296875,25.214202880859375,12.639495849609375,-10.253021240234375,-66.0057373046875,-47.6651611328125,-9.850616455078125,52.853851318359375,69.97744750976562,-19.1611328125,-9.650299072265625,-1.0340576171875,58.37054443359375,129.08383178710938,169.68258666992188,111.79229736328125,144.18618774414062,198.34011840820312,207.32376098632812,169.67529296875,195.70822143554688,219.75833129882812,243.55941772460938,252.1485595703125,260.8545684814453,269.3473358154297,277.33607482910156,285.0921173095703,292.68324279785156,299.623046875,306.48719787597656,313.00225830078125,319.1387023925781,324.9458923339844,330.51649475097656,335.8128356933594,340.76304626464844,345.35365295410156,349.6864013671875,353.86549377441406
"S278",376.73223876953125,379.1695861816406,381.46204376220703,383.6225891113281,385.5978469848633,387.4671936035156,389.0628662109375,390.5731430053711,391.8167419433594,376.40856170654297,393.8529586791992,394.68212890625,395.3920364379883,395.96856689453125,396.30303955078125,396.53275299072266,396.69222259521484,396.7292785644531,396.70660400390625,396.53436279296875,396.39918518066406,396.1359634399414,395.8358383178711,395.40552520751953,394.9247283935547,394.27940368652344,393.5658721923828,392.71765899658203,391.69273376464844,390.5190658569336,389.1192932128906,387.56778717041016,385.81866455078125,383.85888671875,381.65374755859375,379.23121643066406,376.56261444091797,373.6840362548828,370.5858917236328,367.2993621826172,363.72764587402344,359.99139404296875,356.09593200683594,352.0511016845703,347.7456970214844,321.5629425048828,327.9001922607422,283.90399169921875,275.9783172607422,278.6726531982422,165.0233154296875,204.0670166015625,196.60202026367188,165.33578491210938,134.24432373046875,133.71917724609375,81.33468627929688,116.79440307617188,208.95358276367188,191.14779663085938,178.66058349609375,112.03533935546875,61.982208251953125,103.12051391601562,167.3819580078125,126.79010009765625,161.99490356445312,129.15487670898438,-13.5657958984375,139.07467651367188,141.75729370117188,123.78237915039062,96.762451171875,111.59402465820312,78.13436889648438,79.86203002929688,130.81954956054688,123.328857421875,116.29177856445312,109.47616577148438,103.00372314453125,44.3802490234375,65.38894653320312,41.7188720703125,80.22100830078125,75.68048095703125,71.32266235351562,67.44418334960938,63.9398193359375,61.036590576171875,58.49200439453125,56.6912841796875,55.45745849609375,54.7777099609375,54.676849365234375,22.3712158203125,30.402984619140625,58.416656494140625,61.141143798828125,31.608978271484375,-35.48553466796875,36.1326904296875,43.3546142578125,39.766937255859375,21.9384765625,-137.8924560546875,-19.0372314453125,3.148223876953125,-78.47540283203125,-74.06182861328125,-8.17095947265625,-31.44940185546875,-6.716339111328125,87.07818603515625,55.53802490234375,169.68258666992188,120.7760009765625,144.18618774414062,198.34011840820312,207.32376098632812,179.38919067382812,207.04788208007812,234.06903076171875,243.55941772460938,252.1485595703125,260.8545684814453,269.3473358154297,277.33607482910156,285.0921173095703,292.68324279785156,299.623046875,306.48719787597656,313.00225830078125,319.1387023925781,324.9458923339844,330.51649475097656,335.8128356933594,340.76304626464844,345.35365295410156,349.6864013671875,353.86549377441406
"S279",350.6058044433594,353.5395812988281,356.33152770996094,358.9534149169922,361.32080078125,363.5850067138672,365.5191650390625,367.34303283691406,368.83253479003906,370.12611389160156,371.2875671386719,372.27154541015625,373.14339447021484,373.8452911376953,374.21190643310547,374.48828125,374.6702194213867,374.70487213134766,374.6559295654297,374.4746856689453,374.2854766845703,373.95352935791016,373.57544708251953,373.0563201904297,372.46922302246094,371.67750549316406,370.7796630859375,369.74627685546875,368.4961700439453,367.0650329589844,365.3667755126953,363.46331787109375,361.3369445800781,358.97096252441406,356.2919616699219,353.34722900390625,350.1000213623047,346.59327697753906,342.81874084472656,338.83367919921875,334.50697326660156,329.96868896484375,325.2665557861328,320.32122802734375,315.1085662841797,309.7650451660156,304.3158721923828,298.65394592285156,293.09608459472656,287.2522735595703,256.50001525878906,275.02098083496094,268.6049041748047,256.6453857421875,194.01400756835938,186.523193359375,137.88613891601562,178.91397094726562,208.95358276367188,191.14779663085938,178.66058349609375,142.46307373046875,61.982208251953125,103.12051391601562,167.3819580078125,126.79010009765625,152.38162231445312,129.15487670898438,65.16455078125,121.35220336914062,110.77911376953125,100.22650146484375,89.90142822265625,80.008544921875,70.45822143554688,60.873382568359375,51.4503173828125,42.365081787109375,33.785552978515625,25.448028564453125,17.47509765625,9.912445068359375,2.63812255859375,-4.29071044921875,-10.276641845703125,-15.84423828125,-21.2689208984375,-25.91619873046875,-30.15234375,-33.63720703125,-36.75323486328125,-39.03143310546875,-40.60455322265625,-41.46533203125,-41.54864501953125,-40.8685302734375,-39.2996826171875,-37.1041259765625,-33.798583984375,-29.6650390625,-35.48553466796875,-19.82684326171875,-13.74005126953125,-7.1488037109375,0.203521728515625,7.82794189453125,15.69952392578125,23.9228515625,32.389190673828125,41.35321044921875,-8.17095947265625,60.37786865234375,70.20709228515625,80.2711181640625,90.28302001953125,100.858154296875,111.43484497070312,122.10934448242188,132.87600708007812,143.80862426757812,154.87799072265625,165.98541259765625,177.10525512695312,187.90597534179688,198.30078125,208.92996215820312,219.2529296875,229.00009155273438,238.42672729492188,247.61090087890625,256.12646484375,264.45851135253906,272.3820495605469,279.8511657714844,286.90919494628906,293.6675109863281,300.1263732910156,306.1210021972656,311.7075500488281,316.9586486816406,322.06201171875
"S280",350.6058044433594,353.5395812988281,356.33152770996094,358.9534149169922,361.32080078125,363.5850067138672,365.5191650390625,367.34303283691406,368.83253479003906,370.12611389160156,371.2875671386719,372.27154541015625,373.14339447021484,373.8452911376953,374.21190643310547,374.48828125,374.6702194213867,374.70487213134766,374.6559295654297,374.4746856689453,374.2854766845703,373.95352935791016,373.57544708251953,373.0563201904297,372.46922302246094,371.67750549316406,370.7796630859375,369.74627685546875,368.4961700439453,367.0650329589844,365.3667755126953,363.46331787109375,361.3369445800781,358.97096252441406,356.2919616699219,353.34722900390625,350.1000213623047,346.59327697753906,342.81874084472656,338.83367919921875,334.50697326660156,329.96868896484375,325.2665557861328,320.32122802734375,315.1085662841797,309.7650451660156,304.3158721923828,298.65394592285156,293.09608459472656,287.2522735595703,256.50001525878906,275.02098083496094,268.6049041748047,256.6453857421875,194.01400756835938,186.523193359375,137.88613891601562,178.91397094726562,179.138427734375,148.43353271484375,152.77810668945312,142.46307373046875,61.982208251953125,80.51248168945312,153.6375732421875,38.195068359375,100.409423828125,93.23117065429688,65.16455078125,72.19284057617188,108.86126708984375,100.22650146484375,54.138214111328125,75.01284790039062,70.45822143554688,53.652923583984375,51.4503173828125,42.365081787109375,33.785552978515625,25.448028564453125,17.47509765625,9.912445068359375,2.63812255859375,-4.29071044921875,-10.276641845703125,-15.84423828125,-21.2689208984375,-25.91619873046875,-30.15234375,-33.63720703125,-36.75323486328125,-39.03143310546875,-40.60455322265625,-41.46533203125,-41.54864501953125,-40.8685302734375,-39.2996826171875,-37.1041259765625,-33.798583984375,-29.6650390625,-78.5433349609375,-19.82684326171875,-13.74005126953125,-7.1488037109375,0.203521728515625,7.82794189453125,15.69952392578125,23.9228515625,32.389190673828125,41.35321044921875,-8.17095947265625,60.37786865234375,70.20709228515625,80.2711181640625,90.28302001953125,100.858154296875,111.43484497070312,122.10934448242188,132.87600708007812,143.80862426757812,154.87799072265625,165.98541259765625,177.10525512695312,187.90597534179688,198.30078125,208.92996215820312,219.2529296875,229.00009155273438,238.42672729492188,247.61090087890625,256.12646484375,264.45851135253906,272.3820495605469,279.8511657714844,286.90919494628906,293.6675109863281,300.1263732910156,306.1210021972656,311.7075500488281,316.9586486816406,322.06201171875
"S281",345.54624938964844,348.5751037597656,350.3735046386719,354.17626953125,356.61822509765625,358.95899963378906,360.9588317871094,362.8432159423828,364.37953186035156,365.71240234375,366.91517639160156,367.9281311035156,368.83213806152344,369.55860900878906,369.9293975830078,370.21482849121094,370.4006042480469,370.4343719482422,370.37928771972656,370.1979522705078,369.99696350097656,369.65110778808594,369.2572479248047,368.72119140625,368.1133575439453,367.29286193847656,366.35765075683594,365.2882537841797,363.9941864013672,362.5128631591797,360.75682067871094,358.78404235839844,356.5844268798828,354.14039611816406,351.3694305419922,348.3232879638672,344.96343994140625,341.334228515625,337.42779541015625,333.3075256347656,328.8349304199219,324.1410369873047,319.28399658203125,314.16212463378906,308.77442932128906,303.2596435546875,297.62420654296875,291.7676239013672,286.01629638671875,279.9783172607422,256.50001525878906,267.3299102783203,260.70556640625,253.75511169433594,194.01400756835938,186.523193359375,137.88613891601562,178.91397094726562,141.19473266601562,125.609619140625,151.69525146484375,142.46307373046875,16.168731689453125,32.79681396484375,153.6375732421875,27.0274658203125,-84.951171875,-9.74298095703125,65.16455078125,48.999298095703125,97.4451904296875,51.67236328125,-40.16845703125,63.4437255859375,55.733245849609375,23.6689453125,36.050750732421875,26.657562255859375,10.457794189453125,9.1422119140625,0.872711181640625,-6.944580078125,-14.4517822265625,-21.64581298828125,-27.8443603515625,-33.61346435546875,-39.25164794921875,-66.265380859375,-68.010009765625,-52.01446533203125,-72.7413330078125,-57.61700439453125,-59.25921630859375,-60.15625,-60.23309326171875,-59.52227783203125,-57.93133544921875,-55.6552734375,-52.236572265625,-47.95037841796875,-78.5433349609375,-37.78662109375,-31.47772216796875,-24.6834716796875,-17.0775146484375,-9.196563720703125,-1.043182373046875,7.46063232421875,16.212615966796875,25.475341796875,-27.2122802734375,45.157958984375,55.337493896484375,65.7305908203125,76.103515625,87.03787231445312,97.979248046875,109.02542114257812,120.16058349609375,131.47219848632812,142.92178344726562,154.4251708984375,165.92556762695312,177.09786987304688,187.84048461914062,198.84527587890625,209.523193359375,219.61343383789062,229.36392211914062,238.85467529296875,247.68031311035156,256.2962951660156,264.4932098388672,272.22137451171875,279.52183532714844,286.50958251953125,293.1950378417969,299.3909606933594,305.1710205078125,285.03086853027344,315.8832244873047
"S282",340.390625,348.5751037597656,327.86622619628906,260.75201416015625,356.61822509765625,358.95899963378906,360.9588317871094,362.8432159423828,328.49757385253906,365.71240234375,366.91517639160156,367.9281311035156,368.83213806152344,369.55860900878906,369.9293975830078,370.21482849121094,370.4006042480469,370.4343719482422,370.37928771972656,370.1979522705078,369.99696350097656,369.65110778808594,369.2572479248047,368.72119140625,368.1133575439453,367.29286193847656,366.35765075683594,365.2882537841797,363.9941864013672,362.5128631591797,360.75682067871094,358.78404235839844,356.5844268798828,354.14039611816406,351.3694305419922,348.3232879638672,344.96343994140625,341.334228515625,337.42779541015625,333.3075256347656,328.8349304199219,324.1410369873047,319.28399658203125,314.16212463378906,308.77442932128906,230.67984008789062,259.57989501953125,204.81036376953125,105.19863891601562,32.277374267578125,-85.57037353515625,-117.7530517578125,-38.883056640625,-301.41632080078125,-279.5548095703125,-198.90521240234375,-211.5303955078125,-411.61749267578125,-264.70233154296875,-346.3231201171875,-407.02825927734375,-391.73480224609375,-448.4241943359375,-413.5775146484375,-537.120849609375,-553.983154296875,-690.141845703125,-720.9788818359375,-585.9940185546875,-662.47705078125,-712.4073486328125,-639.917724609375,-758.5347900390625,-757.1123046875,-639.354248046875,-680.19091796875,-741.0938720703125,-657.4058837890625,-777.87255859375,-795.3756103515625,-728.571533203125,-815.5301513671875,-705.779052734375,-657.7078857421875,-948.549072265625,-828.532958984375,-746.0777587890625,-755.8648681640625,-810.9183349609375,-648.562255859375,-858.6490478515625,-814.9376220703125,-684.0517578125,-658.5572509765625,-636.7645263671875,-747.8487548828125,-655.911376953125,-668.4383544921875,-581.41650390625,-561.770263671875,-705.5184326171875,-729.942138671875,-671.341552734375,-771.3770751953125,-642.402587890625,-610.4775390625,-683.0413818359375,-434.4583740234375,-609.4849853515625,-401.56927490234375,-393.2261962890625,-289.48834228515625,-349.0648193359375,-232.9732666015625,-403.482177734375,-373.11651611328125,-310.54913330078125,-234.19512939453125,-268.96728515625,-111.108154296875,-61.58636474609375,-142.61053466796875,-167.140625,-96.1932373046875,-57.597412109375,-141.35882568359375,-7.375579833984375,-49.83026123046875,-88.33709716796875,-3.3056640625,15.662078857421875,92.1920166015625,-41.55218505859375,61.002349853515625,126.84194946289062,153.87640380859375,182.968505859375,184.71426391601562,220.59072875976562,211.23825073242188,244.84803771972656
"S283",340.390625,344.24095153808594,327.86622619628906,278.75352478027344,352.51512145996094,354.92979431152344,356.99256896972656,358.9242858886719,328.49757385253906,361.80479431152344,363.0675354003906,364.07208251953125,365.03599548339844,365.79734802246094,366.0990295410156,366.39500427246094,366.56805419921875,366.5892639160156,366.4925994873047,366.3742218017578,366.1165466308594,365.7388916015625,365.30946350097656,364.77085876464844,364.14256286621094,363.2831573486328,362.2575225830078,361.15342712402344,359.81068420410156,358.2762756347656,356.47320556640625,354.4004669189453,352.1335906982422,349.6484832763672,346.7918243408203,343.6520080566406,340.17669677734375,336.4143829345703,332.3643798828125,328.1335906982422,323.55035400390625,318.7160186767578,313.7782745361328,308.42958068847656,302.9223175048828,275.3087463378906,259.57989501953125,204.81036376953125,105.19863891601562,32.277374267578125,-85.57037353515625,-117.7530517578125,-38.883056640625,-301.41632080078125,-279.5548095703125,-198.90521240234375,-211.5303955078125,-411.61749267578125,-264.70233154296875,-346.3231201171875,-407.02825927734375,-391.73480224609375,-448.4241943359375,-413.5775146484375,-537.120849609375,-553.983154296875,-757.04052734375,-720.9788818359375,-746.6217041015625,-706.0716552734375,-712.4073486328125,-639.917724609375,-758.5347900390625,-775.0045166015625,-639.354248046875,-981.4169921875,-793.2156982421875,-657.4058837890625,-777.87255859375,-795.3756103515625,-728.571533203125,-815.5301513671875,-705.779052734375,-657.7078857421875,-948.549072265625,-828.532958984375,-746.0777587890625,-755.8648681640625,-810.9183349609375,-648.562255859375,-858.6490478515625,-814.9376220703125,-684.0517578125,-658.5572509765625,-636.7645263671875,-747.8487548828125,-655.911376953125,-668.4383544921875,-581.41650390625,-561.770263671875,-705.5184326171875,-768.8983154296875,-671.341552734375,-771.3770751953125,-642.402587890625,-610.4775390625,-683.0413818359375,-434.4583740234375,-609.4849853515625,-401.56927490234375,-393.2261962890625,-289.48834228515625,-349.0648193359375,-232.9732666015625,-403.482177734375,-373.11651611328125,-310.54913330078125,-234.19512939453125,-268.96728515625,-111.108154296875,-61.58636474609375,-142.61053466796875,-167.140625,-96.1932373046875,-57.597412109375,-141.35882568359375,-7.375579833984375,-49.83026123046875,-88.33709716796875,-3.3056640625,15.662078857421875,92.1920166015625,-29.485595703125,61.002349853515625,126.84194946289062,153.87640380859375,182.968505859375,184.71426391601562,220.59072875976562,211.23825073242188,244.84803771972656
"S284",340.390625,369.04193115234375,327.86622619628906,320.9159393310547,372.5440902709961,387.1858901977539,394.49414825439453,389.09532928466797,328.49757385253906,398.13926696777344,396.81998443603516,399.83292388916016,400.51293182373047,395.3714141845703,401.3734130859375,401.59290313720703,401.7433090209961,401.77801513671875,401.75274658203125,401.59740447998047,401.46363830566406,401.21154022216797,400.9241485595703,390.09169006347656,400.06019592285156,399.4452896118164,398.76049041748047,397.95410919189453,396.9785919189453,395.8620071411133,394.5317687988281,393.05201721191406,391.3889694213867,389.52913665771484,387.43187713623047,385.12840270996094,382.58905029296875,379.8489990234375,376.8999557495117,373.77611541748047,370.3822784423828,366.82969665527344,363.1329040527344,351.9339904785156,328.0463104248047,275.3087463378906,259.57989501953125,204.81036376953125,169.10409545898438,133.37319946289062,88.97341918945312,22.998870849609375,-51.48443603515625,-88.154052734375,-215.650146484375,-179.9627685546875,-247.91357421875,-288.08001708984375,-338.111328125,-444.4501953125,-571.099609375,-506.80010986328125,-374.5074462890625,-403.27349853515625,-426.98504638671875,-504.4188232421875,-468.886474609375,-490.03839111328125,-640.820556640625,-596.7479248046875,-521.9310913085938,-573.3427734375,-590.2498779296875,-560.3858642578125,-547.576171875,-633.5849609375,-798.4393310546875,-690.2203369140625,-647.6273193359375,-604.435302734375,-587.6365966796875,-642.31884765625,-654.6806640625,-573.5009765625,-653.3597412109375,-824.924560546875,-584.9241943359375,-658.666259765625,-700.27734375,-612.20849609375,-532.082275390625,-753.008056640625,-658.8956298828125,-525.778564453125,-574.600830078125,-557.88427734375,-597.2757568359375,-612.302978515625,-584.04736328125,-610.2666015625,-602.701904296875,-627.3524169921875,-624.8399658203125,-623.0948486328125,-581.72412109375,-537.3480224609375,-595.310302734375,-510.82000732421875,-627.279296875,-541.9146728515625,-465.2593994140625,-479.68463134765625,-525.6451416015625,-388.960205078125,-403.482177734375,-403.48516845703125,-353.5462646484375,-234.35760498046875,-245.43505859375,-160.0181884765625,-104.4073486328125,-96.5633544921875,-84.0146484375,9.9437255859375,2.822662353515625,-23.00067138671875,34.96826171875,2.2274169921875,39.577392578125,118.92156982421875,72.02877807617188,96.4273681640625,109.90472412109375,100.52587890625,184.6920166015625,153.87640380859375,182.968505859375,184.71426391601562,220.59072875976562,211.23825073242188,244.84803771972656
"S285",382.76512145996094,385.0788116455078,387.2645034790039,389.3222351074219,391.19541931152344,392.9752731323242,394.49414825439453,395.9307327270508,397.11144256591797,371.67652893066406,399.04754638671875,399.83292388916016,400.51293182373047,401.0636444091797,401.3734130859375,401.59290313720703,401.7433090209961,401.77801513671875,401.75274658203125,395.36356353759766,401.46363830566406,401.21154022216797,400.9241485595703,400.5171127319336,400.06019592285156,399.4452896118164,398.76049041748047,397.95410919189453,396.9785919189453,395.8620071411133,394.5317687988281,393.05201721191406,391.3889694213867,389.52913665771484,387.43187713623047,385.12840270996094,382.58905029296875,379.8489990234375,376.8999557495117,373.77611541748047,370.3822784423828,366.82969665527344,363.1329040527344,359.27833557128906,355.18971252441406,345.2807159423828,318.267822265625,299.13340759277344,289.5004577636719,214.81427001953125,167.40887451171875,110.634521484375,82.47885131835938,-1.982696533203125,-51.84112548828125,-65.5911865234375,-89.38800048828125,-120.5946044921875,-105.11444091796875,-202.66192626953125,-261.6732177734375,-352.819580078125,-237.73773193359375,-231.109375,-294.68792724609375,-336.0814208984375,-241.739990234375,-439.47344970703125,-306.0428466796875,-291.57275390625,-333.56500244140625,-386.8958740234375,-343.41522216796875,-358.8795166015625,-399.8663330078125,-392.48797607421875,-479.60614013671875,-359.156494140625,-411.54718017578125,-306.3946533203125,-358.10882568359375,-354.34283447265625,-370.01806640625,-268.86199951171875,-313.7545166015625,-351.80712890625,-310.29425048828125,-394.43603515625,-326.6285400390625,-333.12646484375,-337.85638427734375,-270.082763671875,-254.37615966796875,-322.5452880859375,-202.43133544921875,-315.5770263671875,-308.24163818359375,-369.4566650390625,-298.0977783203125,-390.6783447265625,-217.33013916015625,-463.60235595703125,-361.60064697265625,-382.3546142578125,-274.58831787109375,-241.15509033203125,-139.70965576171875,-113.9114990234375,-124.22900390625,-59.36346435546875,-31.92822265625,11.042449951171875,-39.00408935546875,-133.036865234375,-64.32012939453125,-61.50250244140625,64.24026489257812,105.12527465820312,7.94427490234375,57.42132568359375,66.22085571289062,115.4676513671875,119.49703979492188,99.07388305664062,76.39639282226562,127.698974609375,138.70266723632812,193.06729125976562,193.88995361328125,229.71487426757812,172.60159301757812,236.1473388671875,182.31463623046875,294.56524658203125,332.2190399169922,317.6288757324219,292.2091522216797,340.2438201904297,264.5769500732422,357.16859436035156,339.5425567626953
"S286",422.53741455078125,424.10330963134766,425.6172409057617,427.0469970703125,428.3396453857422,429.5951843261719,430.6771926879883,431.70489501953125,432.5604705810547,433.3080825805664,433.99312591552734,434.5797653198242,435.1120834350586,435.5501480102539,435.79942321777344,436.00708389282227,436.1601791381836,436.23622131347656,436.26279067993164,436.23088455200195,436.18030166625977,436.0621109008789,435.9228057861328,435.7194290161133,435.4837341308594,435.1481018066406,434.7637939453125,434.3216323852539,433.77484130859375,433.1458435058594,432.38751220703125,431.52825927734375,430.56861877441406,429.4945068359375,428.26322174072266,426.9042053222656,425.3890609741211,423.7429656982422,421.9618225097656,420.0733337402344,418.0098648071289,415.83362579345703,413.57250213623047,411.16768646240234,408.63587188720703,389.4933853149414,403.3578872680664,393.3184585571289,375.2526321411133,349.04896545410156,321.646484375,322.23553466796875,301.0375213623047,270.3211975097656,233.22344970703125,250.3679962158203,214.72024536132812,194.79055786132812,180.1776123046875,157.6060791015625,144.4378662109375,146.57427978515625,183.37252807617188,166.799560546875,171.20870971679688,148.2354736328125,185.97528076171875,97.24822998046875,164.739501953125,134.30322265625,174.49130249023438,168.22616577148438,163.34332275390625,183.17269897460938,144.3408203125,187.07464599609375,108.006103515625,153.30572509765625,150.10421752929688,145.21157836914062,136.37628173828125,139.52218627929688,136.8326416015625,155.83111572265625,130.38214111328125,151.03073120117188,132.73980712890625,110.0556640625,156.393310546875,121.77493286132812,130.51211547851562,135.75411987304688,166.85971069335938,146.3404541015625,150.44192504882812,132.52523803710938,151.15325927734375,145.361328125,173.96954345703125,125.67184448242188,146.8004150390625,77.70770263671875,141.98541259765625,127.12796020507812,151.10992431640625,171.15643310546875,199.375,192.92730712890625,175.77877807617188,219.00433349609375,210.02743530273438,267.49415588378906,253.888671875,147.44061279296875,230.7193603515625,253.80284118652344,273.10255432128906,275.0473937988281,260.63438415527344,263.39190673828125,287.9257049560547,313.28924560546875,332.82135009765625,322.13487243652344,330.54026794433594,349.13243103027344,354.4704284667969,359.5408630371094,364.4566650390625,369.2589111328125,373.75159454345703,378.13419342041016,376.9773864746094,386.2763900756836,390.0096893310547,382.97298431396484,395.98089599609375,400.16417694091797,394.1160430908203,405.88089752197266,403.72178649902344
"S287",422.2797317504883,423.8434371948242,425.36949920654297,426.80712127685547,428.0946502685547,429.3558120727539,430.4425811767578,431.4727096557617,432.3262176513672,433.06897735595703,433.7609634399414,434.34310150146484,434.88333892822266,435.3254623413086,435.5616149902344,435.7704849243164,435.92101287841797,435.9950408935547,436.01477432250977,435.9947967529297,435.93517303466797,435.8128356933594,435.6688995361328,435.46715545654297,435.23020935058594,434.8908157348633,434.49424743652344,434.0499801635742,433.4994125366211,432.8665466308594,432.10630798339844,431.2367401123047,430.2732391357422,429.20057678222656,427.96411895751953,426.5995178222656,425.07603454589844,423.4194564819336,421.62694549560547,419.7334213256836,417.666015625,415.4814758300781,413.22271728515625,410.79615020751953,408.26177978515625,405.6703338623047,402.98619842529297,400.1906051635742,397.43143463134766,394.55467224121094,391.5533752441406,387.9388885498047,367.70286560058594,282.14979553222656,338.1811828613281,328.7559509277344,323.5819549560547,344.33349609375,297.9197540283203,316.0585479736328,340.9254608154297,344.59228515625,319.69708251953125,272.4496154785156,338.24021911621094,295.7958984375,303.3686981201172,302.15216064453125,295.85768127441406,294.2403106689453,290.07374572753906,302.1108856201172,296.8258056640625,291.6982116699219,286.8114776611328,281.8303985595703,276.9241180419922,272.21649169921875,267.7207336425781,263.3289489746094,259.08839416503906,255.14010620117188,251.35276794433594,247.60797119140625,244.4024658203125,241.37600708007812,238.37295532226562,235.86734008789062,233.52349853515625,231.54855346679688,229.70089721679688,228.22479248046875,227.09259033203125,226.33151245117188,225.99008178710938,226.02081298828125,226.38131713867188,227.16165161132812,228.51068115234375,230.31951904296875,232.35739135742188,234.6800537109375,237.53170776367188,240.57192993164062,244.09169006347656,247.7503204345703,251.6132354736328,255.62149047851562,259.7544860839844,264.1499786376953,268.84580993652344,273.5809783935547,278.49583435058594,283.4424591064453,288.4641418457031,293.7206115722656,299.0049285888672,304.3558044433594,309.7532043457031,315.265380859375,320.84910583496094,326.53721618652344,332.2024230957031,337.73443603515625,343.05555725097656,348.57017517089844,353.9252166748047,359.02626037597656,363.95703125,368.7578582763672,373.2964324951172,377.6875762939453,381.8876724243164,385.86193084716797,389.60585021972656,382.97298431396484,396.6149215698242,399.7851333618164,402.7499465942383,405.51610565185547,408.22288513183594
"S288",422.2797317504883,423.8434371948242,425.36949920654297,426.80712127685547,428.0946502685547,429.3558120727539,430.4425811767578,431.4727096557617,432.3262176513672,433.06897735595703,433.7609634399414,434.34310150146484,434.88333892822266,435.3254623413086,435.5616149902344,435.7704849243164,435.92101287841797,435.9950408935547,436.01477432250977,435.9947967529297,435.93517303466797,435.8128356933594,435.6688995361328,435.46715545654297,435.23020935058594,434.8908157348633,434.49424743652344,434.0499801635742,433.4994125366211,432.8665466308594,432.10630798339844,431.2367401123047,430.2732391357422,429.20057678222656,427.96411895751953,426.5995178222656,425.07603454589844,423.4194564819336,421.62694549560547,419.7334213256836,417.666015625,415.4814758300781,413.22271728515625,410.79615020751953,408.26177978515625,405.6703338623047,402.98619842529297,400.1906051635742,397.43143463134766,394.55467224121094,391.5533752441406,387.9388885498047,367.70286560058594,282.14979553222656,338.1811828613281,328.7559509277344,323.5819549560547,344.33349609375,297.9197540283203,316.0585479736328,340.9254608154297,344.59228515625,319.69708251953125,272.4496154785156,338.24021911621094,295.7958984375,303.3686981201172,302.15216064453125,295.85768127441406,294.2403106689453,290.07374572753906,302.1108856201172,296.8258056640625,291.6982116699219,286.8114776611328,281.8303985595703,276.9241180419922,272.21649169921875,267.7207336425781,263.3289489746094,259.08839416503906,255.14010620117188,251.35276794433594,247.60797119140625,244.4024658203125,241.37600708007812,238.37295532226562,235.86734008789062,233.52349853515625,231.54855346679688,229.70089721679688,228.22479248046875,227.09259033203125,226.33151245117188,225.99008178710938,226.02081298828125,226.38131713867188,227.16165161132812,228.51068115234375,230.31951904296875,232.35739135742188,234.6800537109375,237.53170776367188,240.57192993164062,244.09169006347656,247.7503204345703,251.6132354736328,255.62149047851562,259.7544860839844,264.1499786376953,268.84580993652344,273.5809783935547,278.49583435058594,283.4424591064453,288.4641418457031,293.7206115722656,299.0049285888672,304.3558044433594,309.7532043457031,315.265380859375,320.84910583496094,326.53721618652344,332.2024230957031,337.73443603515625,343.05555725097656,348.57017517089844,353.9252166748047,359.02626037597656,363.95703125,368.7578582763672,373.2964324951172,377.6875762939453,381.8876724243164,385.86193084716797,389.60585021972656,382.97298431396484,396.6149215698242,399.7851333618164,402.7499465942383,405.51610565185547,408.22288513183594
"S289",380.5979690551758,383.0135192871094,385.33465576171875,387.52843475341797,389.5220031738281,391.44725036621094,393.1094436645508,394.68701171875,395.99957275390625,397.15169525146484,398.19893646240234,399.0994186401367,399.9085006713867,400.575927734375,400.9636917114258,401.2775421142578,401.5094451904297,401.62023162841797,401.6591033935547,401.5964050292969,401.51951599121094,401.33406829833984,401.1157760620117,400.7946472167969,400.4261932373047,399.90576934814453,399.3123321533203,398.62491607666016,397.7786865234375,396.80347442626953,395.62874603271484,394.30296325683594,392.81636810302734,391.15130615234375,389.2482452392578,387.1442337036133,384.8038864135742,382.2617416381836,379.5106506347656,376.5903549194336,373.39839935302734,370.0321960449219,366.5284881591797,362.8184509277344,358.8944549560547,354.8538360595703,350.71339416503906,346.3997344970703,342.15318298339844,337.6899871826172,333.0548858642578,328.3556671142578,323.47412109375,282.14979553222656,313.27252197265625,308.0284423828125,302.42091369628906,296.5040283203125,290.2669372558594,284.1402587890625,278.19488525390625,271.7036895751953,264.8960876464844,257.8106994628906,250.59585571289062,243.10366821289062,235.3875732421875,227.50503540039062,219.36233520507812,211.34237670898438,203.06295776367188,194.76492309570312,186.6002197265625,178.7298583984375,171.11337280273438,163.43603515625,155.86947631835938,148.55563354492188,141.60665893554688,134.84033203125,128.34674072265625,122.18499755859375,116.23825073242188,110.52914428710938,105.55364990234375,100.883056640625,96.30560302734375,92.32888793945312,88.64031982421875,85.50860595703125,82.62530517578125,80.35848999023438,78.6151123046875,77.4061279296875,76.79049682617188,76.755615234375,77.38531494140625,78.52645874023438,80.55563354492188,83.25888061523438,86.38348388671875,89.96212768554688,94.28494262695312,99.03179931640625,104.431396484375,110.0723876953125,115.95352172851562,122.12313842773438,128.49639892578125,135.29122924804688,142.49099731445312,149.79559326171875,157.31680297851562,165.01513671875,172.69235229492188,180.81869506835938,188.96563720703125,197.20755004882812,205.54330444335938,214.04428100585938,222.68075561523438,231.40493774414062,240.1689453125,248.71910095214844,256.9772644042969,265.47174072265625,273.75917053222656,281.6232452392578,289.2577819824219,296.7234802246094,303.6801452636719,310.49269104003906,316.99049377441406,323.1297149658203,328.9322204589844,334.4801483154297,339.7903137207031,344.714111328125,349.2991180419922,353.5959014892578,357.7659149169922
"S290",377.69068145751953,352.6039581298828,368.5579376220703,385.3383026123047,384.93688201904297,391.44725036621094,387.29490661621094,394.68701171875,395.99957275390625,395.88909912109375,398.19893646240234,399.0994186401367,399.9085006713867,400.575927734375,400.9636917114258,401.2775421142578,401.5094451904297,401.62023162841797,401.6591033935547,401.5964050292969,401.51951599121094,401.33406829833984,401.1157760620117,400.7946472167969,400.4261932373047,399.90576934814453,399.3123321533203,398.62491607666016,397.7786865234375,396.80347442626953,395.62874603271484,394.30296325683594,392.81636810302734,391.15130615234375,389.2482452392578,387.1442337036133,384.8038864135742,382.2617416381836,379.5106506347656,376.5903549194336,373.39839935302734,370.0321960449219,366.5284881591797,362.8184509277344,358.8944549560547,338.51951599121094,322.4111328125,293.80052185058594,255.97286987304688,252.1648712158203,242.70166015625,182.60342407226562,194.49081420898438,145.7950439453125,123.97171020507812,135.822021484375,95.49154663085938,147.08538818359375,110.573486328125,135.73464965820312,55.405975341796875,131.98556518554688,124.94345092773438,71.51828002929688,145.12542724609375,75.5111083984375,70.94601440429688,84.84042358398438,30.89874267578125,46.107879638671875,84.1923828125,83.238525390625,69.83035278320312,80.67129516601562,69.88748168945312,83.70022583007812,71.40469360351562,38.6893310546875,24.80029296875,67.85791015625,128.34674072265625,122.18499755859375,112.82449340820312,110.52914428710938,100.916259765625,100.883056640625,96.30560302734375,92.32888793945312,88.64031982421875,48.339752197265625,82.62530517578125,80.35848999023438,78.6151123046875,77.4061279296875,76.79049682617188,76.755615234375,77.38531494140625,78.52645874023438,80.55563354492188,83.25888061523438,86.38348388671875,89.96212768554688,94.28494262695312,99.03179931640625,104.431396484375,110.0723876953125,115.95352172851562,122.12313842773438,88.55169677734375,84.57540893554688,122.45297241210938,149.79559326171875,157.31680297851562,165.01513671875,157.13064575195312,180.81869506835938,188.96563720703125,173.56594848632812,28.65289306640625,187.21087646484375,170.43280029296875,192.40731811523438,206.77093505859375,231.77801513671875,252.69818115234375,265.47174072265625,255.0657958984375,233.2823486328125,270.0745544433594,290.67633056640625,261.1892852783203,291.70233154296875,288.2263946533203,248.56336975097656,274.0733642578125,230.49880981445312,275.95703125,294.0260772705078,282.3093719482422,304.33839416503906,316.49993896484375
"S291",194.88861083984375,228.451904296875,200.78851318359375,223.93145751953125,255.01194763183594,288.19081115722656,247.87095642089844,230.2982177734375,227.62075805664062,289.3768310546875,296.8290557861328,295.0934600830078,277.8418884277344,316.0800018310547,279.3068084716797,310.5233917236328,309.5153045654297,310.25860595703125,310.266845703125,320.2810974121094,300.7997741699219,313.845947265625,334.0175018310547,306.6074676513672,323.52081298828125,322.25958251953125,317.72999572753906,323.09649658203125,325.92315673828125,325.1465148925781,325.29869079589844,329.6028594970703,314.1801452636719,322.6431427001953,317.27130126953125,322.6598205566406,321.51112365722656,299.61376953125,305.0857391357422,278.11424255371094,251.5349884033203,280.982421875,275.32891845703125,250.9193572998047,121.3172607421875,202.41488647460938,19.40673828125,47.803070068359375,91.77658081054688,95.24908447265625,-36.53717041015625,45.247589111328125,-0.393341064453125,-27.47894287109375,-62.2177734375,19.5107421875,-21.3037109375,1.17181396484375,-34.86212158203125,-63.87396240234375,-8.595367431640625,-47.51617431640625,-13.57000732421875,-22.5396728515625,4.579376220703125,-7.368682861328125,-99.2716064453125,20.949554443359375,-6.197113037109375,-23.71112060546875,-69.9244384765625,-12.095458984375,-7.6383056640625,-18.35772705078125,-10.25537109375,-52.02667236328125,-24.90814208984375,-19.0963134765625,-46.24200439453125,-12.27288818359375,-20.59454345703125,-19.49151611328125,-19.78076171875,-69.0042724609375,-43.236328125,-23.722412109375,-37.15106201171875,1.281494140625,53.12744140625,48.01739501953125,41.410675048828125,65.97320556640625,36.429901123046875,67.92343139648438,66.72344970703125,66.09442138671875,44.80096435546875,26.00469970703125,30.63104248046875,33.166778564453125,43.9879150390625,60.169891357421875,54.934051513671875,45.94952392578125,26.250244140625,38.639801025390625,40.528045654296875,33.132171630859375,9.002960205078125,16.099029541015625,24.23663330078125,-9.115509033203125,29.237579345703125,-27.64874267578125,-20.720947265625,8.4547119140625,17.2991943359375,13.85235595703125,46.15478515625,20.407073974609375,81.28717041015625,73.300048828125,20.001495361328125,97.7293701171875,47.297454833984375,89.76705932617188,18.402679443359375,72.92529296875,42.925628662109375,52.913482666015625,93.7752685546875,46.28424072265625,123.35702514648438,87.30291748046875,78.94891357421875,92.13919067382812,145.04150390625,121.61770629882812,173.06365966796875,122.62283325195312,108.84136962890625
"S292",289.6135559082031,297.8336486816406,272.7186584472656,274.7557373046875,302.1347351074219,313.19224548339844,302.93202209472656,219.41094970703125,244.56776428222656,344.5439910888672,342.16310119628906,329.9021301269531,325.5776824951172,354.2488250732422,329.8603515625,336.9065246582031,366.24354553222656,352.6122283935547,337.3216552734375,360.40711975097656,335.0118408203125,346.6580810546875,366.15162658691406,356.52870178222656,355.8006896972656,368.3686981201172,348.0325622558594,357.73680114746094,383.77632904052734,368.2410430908203,364.66282653808594,373.1715545654297,351.72796630859375,345.6727294921875,360.1682586669922,339.9584503173828,358.45367431640625,326.56060791015625,318.51771545410156,303.85743713378906,251.5349884033203,307.4924011230469,295.4451904296875,253.79481506347656,121.3172607421875,210.17822265625,130.73001098632812,139.482177734375,115.69125366210938,115.17913818359375,-33.3502197265625,45.247589111328125,4.0697021484375,-27.47894287109375,-21.9024658203125,19.5107421875,25.6309814453125,4.11474609375,-34.86212158203125,-63.87396240234375,-8.595367431640625,-47.51617431640625,-13.57000732421875,-22.5396728515625,4.579376220703125,-7.368682861328125,-99.2716064453125,20.949554443359375,-6.197113037109375,-23.71112060546875,-69.9244384765625,5.590179443359375,-7.6383056640625,-18.35772705078125,-10.25537109375,-46.0054931640625,-24.90814208984375,-19.0963134765625,-46.24200439453125,-12.27288818359375,-20.59454345703125,-19.49151611328125,-19.78076171875,-69.0042724609375,-43.236328125,-23.722412109375,-37.15106201171875,1.281494140625,53.12744140625,48.01739501953125,41.410675048828125,65.97320556640625,36.429901123046875,67.92343139648438,66.72344970703125,66.09442138671875,44.80096435546875,27.9927978515625,30.63104248046875,33.166778564453125,43.9879150390625,76.07342529296875,70.96298217773438,58.12371826171875,26.250244140625,38.639801025390625,86.35183715820312,82.43728637695312,41.63775634765625,86.196533203125,83.20211791992188,69.56414794921875,54.358062744140625,80.8736572265625,64.90521240234375,66.513427734375,84.86181640625,91.13931274414062,72.57803344726562,106.6556396484375,161.1297607421875,112.11380004882812,72.19635009765625,147.740966796875,123.72732543945312,108.86251831054688,95.14312744140625,79.49685668945312,63.93560791015625,176.00259399414062,114.5030517578125,138.49569702148438,171.83071899414062,146.626708984375,184.62814331054688,147.0120849609375,213.42709350585938,184.36965942382812,253.7296142578125,195.91378784179688,190.76144409179688
"S293",289.6135559082031,297.8336486816406,272.7186584472656,274.7557373046875,302.1347351074219,313.19224548339844,302.93202209472656,219.41094970703125,244.56776428222656,344.5439910888672,342.16310119628906,329.9021301269531,325.5776824951172,354.2488250732422,329.8603515625,336.9065246582031,366.24354553222656,352.6122283935547,337.3216552734375,360.40711975097656,335.0118408203125,346.6580810546875,366.15162658691406,356.52870178222656,355.8006896972656,368.3686981201172,348.0325622558594,357.73680114746094,377.1554870605469,368.2410430908203,364.66282653808594,373.1715545654297,351.72796630859375,345.6727294921875,360.1682586669922,339.9584503173828,358.45367431640625,326.56060791015625,318.51771545410156,303.85743713378906,251.5349884033203,307.4924011230469,295.4451904296875,253.79481506347656,121.3172607421875,210.17822265625,130.73001098632812,139.482177734375,115.69125366210938,115.17913818359375,-33.3502197265625,45.247589111328125,4.0697021484375,-27.47894287109375,-21.9024658203125,19.5107421875,25.6309814453125,4.11474609375,-34.86212158203125,-63.87396240234375,-8.595367431640625,-47.51617431640625,-13.57000732421875,-22.5396728515625,4.579376220703125,-7.368682861328125,-99.2716064453125,20.949554443359375,-6.197113037109375,-23.71112060546875,-69.9244384765625,5.590179443359375,-7.6383056640625,-18.35772705078125,-10.25537109375,-46.0054931640625,-24.90814208984375,-19.0963134765625,-46.24200439453125,-12.27288818359375,-20.59454345703125,-19.49151611328125,-19.78076171875,-69.0042724609375,-43.236328125,-23.722412109375,-37.15106201171875,1.281494140625,5.8980712890625,1.675323486328125,-2.356353759765625,-5.759979248046875,-8.5494384765625,-10.690093994140625,-12.06353759765625,-12.7711181640625,-12.8978271484375,-12.21978759765625,-10.48748779296875,-7.86431884765625,-4.779571533203125,-1.126556396484375,3.571624755859375,8.644989013671875,14.693267822265625,21.04473876953125,27.8228759765625,34.916290283203125,41.63775634765625,50.14556884765625,58.633544921875,67.21453857421875,54.358062744140625,80.8736572265625,64.90521240234375,66.513427734375,84.86181640625,91.13931274414062,72.57803344726562,106.6556396484375,154.09860229492188,112.11380004882812,72.19635009765625,147.740966796875,123.72732543945312,108.86251831054688,95.14312744140625,79.49685668945312,63.93560791015625,176.00259399414062,114.5030517578125,138.49569702148438,171.83071899414062,146.626708984375,184.62814331054688,147.0120849609375,213.42709350585938,184.36965942382812,253.7296142578125,195.91378784179688,190.76144409179688
"S294",295.47047424316406,319.1495056152344,338.7692413330078,314.78187561035156,336.1638488769531,357.0787811279297,323.30218505859375,354.3771057128906,366.4483947753906,353.13751220703125,351.85340881347656,342.15191650390625,365.2134246826172,350.7173156738281,372.7830352783203,365.03143310546875,363.86280822753906,371.0356140136719,373.5643310546875,366.25450134277344,383.2616424560547,373.3126220703125,368.2007598876953,389.43373107910156,385.5486297607422,367.62232971191406,396.4532775878906,392.8107452392578,373.0289535522461,381.7805938720703,372.5637664794922,372.17185974121094,387.74485778808594,378.9963836669922,362.69923400878906,376.87229919433594,380.37184143066406,374.1452865600586,387.0246810913086,349.1980285644531,374.2444076538086,298.5036926269531,312.96942138671875,345.14112854003906,354.99952697753906,248.20358276367188,261.8974609375,241.90145874023438,209.67584228515625,252.32354736328125,264.6709747314453,222.65780639648438,241.5985107421875,280.71900939941406,204.81478881835938,202.68307495117188,224.33126831054688,207.84088134765625,195.41009521484375,164.54916381835938,237.09774780273438,212.50103759765625,217.13888549804688,208.53067016601562,223.30490112304688,231.62808227539062,225.65859985351562,210.57254028320312,211.87841796875,82.36676025390625,73.45675659179688,185.152099609375,228.3367919921875,221.50341796875,205.48318481445312,208.26708984375,183.30123901367188,186.38949584960938,189.36343383789062,50.41778564453125,177.85354614257812,172.5328369140625,167.40786743164062,162.43991088867188,158.13592529296875,154.08798217773438,150.10455322265625,146.6893310546875,143.51284790039062,140.82257080078125,138.332763671875,136.364990234375,129.53021240234375,133.81503295898438,133.3067626953125,133.30001831054688,133.82492065429688,134.83197021484375,136.605712890625,138.9737548828125,141.68765258789062,144.7908935546875,148.55972290039062,152.65811157226562,157.34707641601562,162.23757934570312,167.35763549804688,172.70938110351562,178.2344970703125,184.12026977539062,155.37945556640625,196.705322265625,201.11175537109375,186.7257080078125,216.5701904296875,223.60916137695312,187.95401000976562,96.36172485351562,224.78289794921875,214.97073364257812,209.68646240234375,267.4683380126953,261.1927185058594,262.25035095214844,265.6996765136719,279.2878723144531,300.32093811035156,232.39285278320312,242.39804077148438,200.64865112304688,267.69349670410156,294.7766418457031,290.6502227783203,272.5511016845703,300.75421142578125,268.45066833496094,300.07940673828125,302.4957733154297,286.37420654296875,247.6306915283203,250.81430053710938
"S295",305.7123260498047,319.1495056152344,338.7692413330078,314.78187561035156,336.1638488769531,357.0787811279297,323.30218505859375,354.3771057128906,366.4483947753906,353.13751220703125,356.05873107910156,342.15191650390625,365.2134246826172,351.66668701171875,372.7830352783203,365.03143310546875,364.24871826171875,371.0356140136719,373.5643310546875,373.2594757080078,383.2616424560547,373.3126220703125,378.6627960205078,389.43373107910156,385.5486297607422,370.45697021484375,396.4532775878906,392.8107452392578,386.5811538696289,384.7833251953125,382.8643112182617,386.8966369628906,387.74485778808594,388.37134552001953,384.123779296875,385.8991165161133,380.37184143066406,380.2139358520508,387.0246810913086,359.5955505371094,374.2444076538086,318.91737365722656,312.96942138671875,345.14112854003906,354.99952697753906,248.20358276367188,261.8974609375,241.90145874023438,209.67584228515625,252.32354736328125,264.6709747314453,222.65780639648438,241.5985107421875,280.71900939941406,204.81478881835938,202.68307495117188,224.33126831054688,207.84088134765625,195.41009521484375,164.54916381835938,237.09774780273438,212.50103759765625,217.13888549804688,208.53067016601562,223.30490112304688,231.62808227539062,225.65859985351562,210.57254028320312,211.87841796875,82.36676025390625,73.45675659179688,185.152099609375,228.3367919921875,221.50341796875,205.48318481445312,208.26708984375,183.30123901367188,186.38949584960938,189.36343383789062,50.41778564453125,177.85354614257812,172.5328369140625,167.40786743164062,162.43991088867188,158.13592529296875,154.08798217773438,150.10455322265625,146.6893310546875,143.51284790039062,140.82257080078125,138.332763671875,136.364990234375,129.53021240234375,133.81503295898438,133.3067626953125,133.30001831054688,133.82492065429688,134.83197021484375,136.605712890625,138.9737548828125,141.68765258789062,144.7908935546875,148.55972290039062,152.65811157226562,157.34707641601562,162.23757934570312,167.35763549804688,172.70938110351562,178.2344970703125,184.12026977539062,155.37945556640625,196.705322265625,201.11175537109375,186.7257080078125,216.5701904296875,223.60916137695312,187.95401000976562,111.80206298828125,224.78289794921875,214.97073364257812,209.68646240234375,267.4683380126953,261.1927185058594,262.25035095214844,265.6996765136719,279.2878723144531,300.32093811035156,232.39285278320312,243.26318359375,228.22769165039062,267.69349670410156,294.7766418457031,290.6502227783203,272.5511016845703,300.75421142578125,268.45066833496094,300.07940673828125,302.4957733154297,286.37420654296875,247.6306915283203,278.47727966308594
"S296",323.25718688964844,327.9183807373047,324.5237121582031,266.68975830078125,317.06422424316406,323.1073455810547,306.35072326660156,352.18983459472656,331.0727233886719,353.2903594970703,369.88291931152344,352.47149658203125,357.2125244140625,361.3415985107422,343.89857482910156,364.0537567138672,373.8800506591797,356.51820373535156,373.3109664916992,382.02962493896484,362.6416778564453,378.29235076904297,385.06441497802734,372.3916931152344,382.91011810302734,372.2269592285156,378.73780059814453,389.83624267578125,388.9156951904297,387.71568298339844,386.57757568359375,385.1347427368164,383.5182189941406,381.70924377441406,379.64068603515625,377.3529510498047,374.8086624145508,372.0446243286133,369.0533752441406,362.2775573730469,340.9917907714844,343.567138671875,308.23870849609375,327.3946838378906,292.4999694824219,248.20358276367188,261.8974609375,217.56826782226562,176.794921875,126.16616821289062,88.48809814453125,84.40176391601562,87.0906982421875,54.691253662109375,118.95602416992188,74.18115234375,62.491363525390625,60.617919921875,30.732513427734375,61.037445068359375,63.193939208984375,69.81964111328125,45.436920166015625,80.33892822265625,96.81134033203125,101.02218627929688,111.70819091796875,42.9400634765625,35.423248291015625,23.4927978515625,49.4029541015625,2.219329833984375,118.25506591796875,89.87960815429688,43.570556640625,76.7498779296875,9.19287109375,45.087127685546875,-31.087158203125,-37.6534423828125,-11.298492431640625,-4.572296142578125,23.6793212890625,14.894317626953125,-20.06951904296875,65.99288940429688,61.0001220703125,56.674957275390625,52.660064697265625,49.25286865234375,21.69915771484375,43.631103515625,-20.40264892578125,40.398712158203125,26.353118896484375,18.539276123046875,40.350860595703125,41.588043212890625,43.787445068359375,46.72479248046875,50.11541748046875,53.146575927734375,58.70098876953125,63.84906005859375,69.71697998046875,75.84521484375,82.2396240234375,88.94427490234375,95.86880493164062,69.97744750976562,99.11322021484375,46.665374755859375,86.7325439453125,135.56365966796875,143.91690063476562,115.05166625976562,90.74685668945312,111.80206298828125,78.76394653320312,114.2403564453125,198.27468872070312,185.92202758789062,188.95156860351562,191.366943359375,162.89730834960938,217.21014404296875,222.5946044921875,214.68377685546875,252.19741821289062,228.22769165039062,240.40219116210938,253.76576232910156,249.63436889648438,233.05230712890625,252.4739990234375,176.70822143554688,207.14825439453125,261.9734649658203,264.8749694824219,217.28207397460938,298.908447265625
"S297",340.11769104003906,343.2313690185547,346.24383544921875,336.8962707519531,339.40431213378906,348.39622497558594,356.08135986328125,358.03460693359375,315.9264678955078,353.2903594970703,362.27415466308594,356.90997314453125,361.6170654296875,364.9997863769531,355.08140563964844,365.7256164550781,365.92822265625,365.9703674316406,365.93736267089844,365.7059783935547,365.5291290283203,365.18394470214844,364.79052734375,364.2266540527344,363.5985870361328,362.7582550048828,361.8288269042969,360.7235412597656,359.39068603515625,357.8630676269531,356.04266357421875,354.02703857421875,351.75184631347656,349.2032165527344,346.3383026123047,343.18797302246094,339.72149658203125,335.9822540283203,331.95751953125,327.6870574951172,323.0455322265625,318.1891784667969,313.12371826171875,307.87091064453125,302.2701110839844,255.98678588867188,269.6294250488281,199.78424072265625,186.87890625,207.55862426757812,63.22283935546875,131.58297729492188,133.23492431640625,88.60818481445312,59.467529296875,103.9681396484375,45.22821044921875,29.392181396484375,104.36874389648438,90.80007934570312,99.748779296875,44.799713134765625,22.242645263671875,95.78451538085938,98.14828491210938,77.85137939453125,96.509033203125,64.71920776367188,34.191986083984375,66.07745361328125,83.29385375976562,55.100311279296875,59.389251708984375,50.419189453125,40.113037109375,29.896331787109375,19.842681884765625,10.0753173828125,0.902679443359375,-7.979339599609375,-16.41229248046875,-24.56414794921875,-32.46429443359375,-39.75384521484375,-46.15557861328125,-52.08258056640625,-57.76959228515625,-62.854736328125,-67.447509765625,-71.25726318359375,-74.59625244140625,-76.96832275390625,-78.60076904296875,-79.5196533203125,-79.687744140625,-79.0291748046875,-77.20489501953125,-74.9052734375,-71.3941650390625,-67.05181884765625,-62.072265625,-56.49237060546875,-50.06103515625,-42.8974609375,-35.0469970703125,-26.8695068359375,-18.52325439453125,-9.721435546875,-0.64300537109375,8.99017333984375,19.05377197265625,29.316650390625,39.7637939453125,50.62786865234375,61.25152587890625,72.5943603515625,83.90899658203125,95.31243896484375,106.846923828125,118.53726196289062,130.39874267578125,142.21401977539062,154.135009765625,165.70333862304688,176.88687133789062,188.22344970703125,199.28640747070312,209.6900634765625,219.79507446289062,229.68698120117188,238.72030639648438,247.66688537597656,256.1539764404297,264.1448974609375,271.7140350341797,278.98011779785156,285.8791809082031,292.3285675048828,298.30908203125,288.4215850830078,309.3982238769531
"S298",323.2698211669922,326.7527313232422,330.0375671386719,333.1285858154297,335.94403076171875,338.61439514160156,340.8974609375,343.0526885986328,344.81849670410156,346.35980224609375,347.72154235839844,348.8931884765625,349.9083709716797,350.7300567626953,351.18724060058594,351.5096893310547,351.72718811035156,351.7678680419922,351.71942138671875,351.4783630371094,351.26890563964844,350.8800354003906,350.4370574951172,349.8148193359375,349.11793518066406,348.1836395263672,347.1378936767578,345.9129333496094,344.43511962890625,342.7414855957031,340.72802734375,338.48716735839844,335.9683532714844,333.1558380126953,329.9852752685547,326.4977722167969,322.6585998535156,318.51515197753906,314.05519104003906,309.3332824707031,304.2033233642578,298.8291473388672,293.2397003173828,287.4093933105469,281.22047424316406,274.8498992919922,268.39337158203125,243.85366821289062,241.21624755859375,248.16256713867188,153.17388916015625,179.64321899414062,177.99722290039062,159.35748291015625,112.22320556640625,145.95877075195312,115.494140625,105.96200561523438,173.94757080078125,164.28659057617188,154.90988159179688,111.87396240234375,66.35043334960938,122.91046142578125,111.7344970703125,100.078857421875,88.16390991210938,76.02166748046875,37.228363037109375,51.351043701171875,38.878143310546875,26.358795166015625,14.1204833984375,2.441070556640625,-8.937744140625,-20.279052734375,-31.43377685546875,-42.236572265625,-52.406005859375,-62.26861572265625,-71.6627197265625,-80.6759033203125,-89.379638671875,-97.51947021484375,-104.6268310546875,-111.21575927734375,-117.58245849609375,-123.17681884765625,-128.24981689453125,-132.444580078125,-136.15496826171875,-138.83154296875,-140.680419921875,-141.71826171875,-141.88446044921875,-141.1402587890625,-139.20501708984375,-136.6497802734375,-132.7679443359375,-127.9376220703125,-122.4410400390625,-116.28607177734375,-109.13623046875,-101.26898193359375,-92.5787353515625,-83.54266357421875,-74.2779541015625,-64.54205322265625,-54.50836181640625,-43.8707275390625,-32.71600341796875,-21.36297607421875,-9.768218994140625,2.214569091796875,14.01654052734375,26.5611572265625,39.088226318359375,51.723114013671875,64.48696899414062,77.43576049804688,90.56607055664062,103.68069458007812,116.87295532226562,129.67990112304688,142.03570556640625,154.61196899414062,166.859619140625,178.3974609375,189.58413696289062,200.51181030273438,210.556396484375,220.4549560546875,229.85336303710938,238.70541381835938,247.08493041992188,255.1225128173828,262.77197265625,269.89964294433594,276.5242919921875,282.76756286621094,288.8054656982422
"S299",345.3414611816406,348.53416442871094,351.6370086669922,354.5827331542969,357.26739501953125,359.8878631591797,362.17811584472656,364.35902404785156,366.19618225097656,367.82679748535156,369.3349609375,370.63401794433594,371.82643127441406,372.82733154296875,373.4381637573242,373.96422576904297,374.3711395263672,374.6144256591797,374.6559295654297,374.4746856689453,374.2854766845703,373.95352935791016,373.57544708251953,373.0563201904297,372.46922302246094,371.67750549316406,370.7796630859375,369.74627685546875,368.4961700439453,367.0650329589844,365.3667755126953,363.46331787109375,361.3369445800781,358.97096252441406,356.2919616699219,353.34722900390625,350.1000213623047,346.59327697753906,342.81874084472656,338.83367919921875,334.50697326660156,329.96868896484375,325.2665557861328,320.32122802734375,315.1085662841797,309.7650451660156,304.3158721923828,283.90399169921875,275.9783172607422,278.6726531982422,169.66030883789062,204.0670166015625,196.60202026367188,165.33578491210938,134.24432373046875,145.95877075195312,115.494140625,116.79440307617188,208.95358276367188,191.14779663085938,178.66058349609375,112.03533935546875,83.3896484375,126.49334716796875,167.3819580078125,126.79010009765625,152.38162231445312,129.15487670898438,37.228363037109375,121.35220336914062,110.77911376953125,100.22650146484375,89.90142822265625,80.008544921875,70.45822143554688,60.873382568359375,51.4503173828125,42.365081787109375,33.785552978515625,25.448028564453125,17.47509765625,9.912445068359375,2.63812255859375,-4.29071044921875,-10.276641845703125,-15.84423828125,-21.2689208984375,-25.91619873046875,-30.15234375,-33.63720703125,-36.75323486328125,-39.03143310546875,-40.60455322265625,-41.46533203125,-41.54864501953125,-40.8685302734375,-39.4691162109375,-38.7841796875,-36.97796630859375,-34.2645263671875,-31.01776123046875,-27.16412353515625,-22.26898193359375,-16.87457275390625,-10.5242919921875,-3.83538818359375,3.249420166015625,10.70947265625,3.733673095703125,26.756622314453125,35.65863037109375,-5.889617919921875,-6.716339111328125,63.589263916015625,55.53802490234375,83.32632446289062,93.52261352539062,103.87179565429688,114.34805297851562,125.08837890625,136.03460693359375,147.17623901367188,158.38262939453125,169.36688232421875,179.98989868164062,191.03219604492188,201.83572387695312,212.158447265625,222.20675659179688,232.05126953125,241.329345703125,250.3932647705078,259.0716094970703,267.29478454589844,275.0790252685547,282.51695251464844,289.6559143066406,296.25331115722656,302.4112243652344,308.15956115722656,313.7447814941406
"S300",350.6058044433594,353.5395812988281,356.33152770996094,358.9534149169922,361.32080078125,363.5850067138672,365.5191650390625,367.34303283691406,368.83253479003906,370.12611389160156,371.2875671386719,372.27154541015625,373.14339447021484,373.8452911376953,374.21190643310547,374.48828125,374.6702194213867,374.70487213134766,374.6559295654297,374.4746856689453,374.2854766845703,373.95352935791016,373.57544708251953,373.0563201904297,372.46922302246094,371.67750549316406,370.7796630859375,369.74627685546875,368.4961700439453,367.0650329589844,365.3667755126953,363.46331787109375,361.3369445800781,358.97096252441406,356.2919616699219,353.34722900390625,350.1000213623047,346.59327697753906,342.81874084472656,338.83367919921875,334.50697326660156,329.96868896484375,325.2665557861328,320.32122802734375,315.1085662841797,309.7650451660156,304.3158721923828,298.65394592285156,293.09608459472656,287.2522735595703,256.50001525878906,275.02098083496094,268.6049041748047,256.6453857421875,194.01400756835938,186.523193359375,137.88613891601562,178.91397094726562,208.95358276367188,191.14779663085938,178.66058349609375,142.46307373046875,83.3896484375,126.49334716796875,167.3819580078125,126.79010009765625,152.38162231445312,129.15487670898438,65.16455078125,121.35220336914062,110.77911376953125,100.22650146484375,89.90142822265625,80.008544921875,70.45822143554688,60.873382568359375,51.4503173828125,42.365081787109375,33.785552978515625,25.448028564453125,17.47509765625,9.912445068359375,2.63812255859375,-4.29071044921875,-10.276641845703125,-15.84423828125,-21.2689208984375,-25.91619873046875,-30.15234375,-33.63720703125,-36.75323486328125,-39.03143310546875,-40.60455322265625,-41.46533203125,-41.54864501953125,-40.8685302734375,-39.2996826171875,-37.1041259765625,-33.798583984375,-29.6650390625,-25.0186767578125,-19.82684326171875,-13.74005126953125,-7.1488037109375,0.203521728515625,7.82794189453125,15.69952392578125,23.9228515625,32.389190673828125,41.35321044921875,50.797576904296875,60.37786865234375,70.20709228515625,80.2711181640625,90.28302001953125,100.858154296875,111.43484497070312,122.10934448242188,132.87600708007812,143.80862426757812,154.87799072265625,165.98541259765625,177.10525512695312,187.90597534179688,198.30078125,208.92996215820312,219.2529296875,229.00009155273438,238.42672729492188,247.61090087890625,256.12646484375,264.45851135253906,272.3820495605469,279.8511657714844,286.90919494628906,293.6675109863281,300.1263732910156,306.1210021972656,311.7075500488281,316.9586486816406,322.06201171875
"S301",350.6058044433594,353.5395812988281,356.33152770996094,358.9534149169922,361.32080078125,363.5850067138672,365.5191650390625,367.34303283691406,368.83253479003906,370.12611389160156,371.2875671386719,372.27154541015625,373.14339447021484,373.8452911376953,374.21190643310547,374.48828125,374.6702194213867,374.70487213134766,374.6559295654297,374.4746856689453,374.2854766845703,373.95352935791016,373.57544708251953,373.0563201904297,372.46922302246094,371.67750549316406,370.7796630859375,369.74627685546875,368.4961700439453,367.0650329589844,365.3667755126953,363.46331787109375,361.3369445800781,358.97096252441406,356.2919616699219,353.34722900390625,350.1000213623047,346.59327697753906,342.81874084472656,338.83367919921875,334.50697326660156,329.96868896484375,325.2665557861328,320.32122802734375,315.1085662841797,309.7650451660156,304.3158721923828,298.65394592285156,293.09608459472656,287.2522735595703,256.50001525878906,275.02098083496094,268.6049041748047,256.6453857421875,194.01400756835938,186.523193359375,137.88613891601562,178.91397094726562,179.138427734375,148.43353271484375,152.77810668945312,142.46307373046875,83.3896484375,109.03665161132812,153.6375732421875,66.81344604492188,100.409423828125,93.23117065429688,65.16455078125,72.19284057617188,108.86126708984375,100.22650146484375,89.90142822265625,75.01284790039062,70.45822143554688,53.652923583984375,51.4503173828125,42.365081787109375,33.785552978515625,25.448028564453125,17.47509765625,9.912445068359375,2.63812255859375,-4.29071044921875,-10.276641845703125,-15.84423828125,-21.2689208984375,-25.91619873046875,-30.15234375,-33.63720703125,-36.75323486328125,-39.03143310546875,-40.60455322265625,-41.46533203125,-41.54864501953125,-40.8685302734375,-39.2996826171875,-37.1041259765625,-33.798583984375,-29.6650390625,-25.0186767578125,-19.82684326171875,-13.74005126953125,-7.1488037109375,0.203521728515625,7.82794189453125,15.69952392578125,23.9228515625,32.389190673828125,41.35321044921875,41.22296142578125,60.37786865234375,70.20709228515625,80.2711181640625,90.28302001953125,100.858154296875,111.43484497070312,122.10934448242188,132.87600708007812,143.80862426757812,154.87799072265625,165.98541259765625,177.10525512695312,187.90597534179688,198.30078125,208.92996215820312,219.2529296875,229.00009155273438,238.42672729492188,247.61090087890625,256.12646484375,264.45851135253906,272.3820495605469,279.8511657714844,286.90919494628906,293.6675109863281,300.1263732910156,306.1210021972656,311.7075500488281,316.9586486816406,322.06201171875
"S302",345.54624938964844,348.5751037597656,350.3735046386719,354.17626953125,356.61822509765625,358.95899963378906,360.9588317871094,362.8432159423828,364.37953186035156,365.71240234375,366.91517639160156,367.9281311035156,368.83213806152344,369.55860900878906,369.9293975830078,370.21482849121094,370.4006042480469,370.4343719482422,370.37928771972656,370.1979522705078,369.99696350097656,369.65110778808594,369.2572479248047,368.72119140625,368.1133575439453,367.29286193847656,366.35765075683594,365.2882537841797,363.9941864013672,362.5128631591797,360.75682067871094,358.78404235839844,356.5844268798828,354.14039611816406,351.3694305419922,348.3232879638672,344.96343994140625,341.334228515625,337.42779541015625,333.3075256347656,328.8349304199219,324.1410369873047,319.28399658203125,314.16212463378906,308.77442932128906,303.2596435546875,297.62420654296875,291.7676239013672,286.01629638671875,279.9783172607422,256.50001525878906,267.3299102783203,260.70556640625,253.75511169433594,194.01400756835938,186.523193359375,137.88613891601562,178.91397094726562,141.19473266601562,125.609619140625,151.69525146484375,142.46307373046875,72.48431396484375,46.87811279296875,153.6375732421875,66.81344604492188,55.49981689453125,21.5079345703125,65.16455078125,48.999298095703125,97.4451904296875,53.23187255859375,75.84906005859375,63.4437255859375,55.733245849609375,23.6689453125,36.050750732421875,26.657562255859375,10.457794189453125,9.1422119140625,0.872711181640625,-6.944580078125,-14.4517822265625,-21.64581298828125,-27.8443603515625,-33.61346435546875,-39.25164794921875,-44.04364013671875,-58.636474609375,-52.01446533203125,-55.24200439453125,-57.61700439453125,-59.25921630859375,-60.15625,-60.23309326171875,-59.52227783203125,-57.93133544921875,-55.6552734375,-52.236572265625,-47.95037841796875,-43.14935302734375,-37.78662109375,-31.47772216796875,-24.6834716796875,-17.0775146484375,-9.196563720703125,-1.043182373046875,7.46063232421875,16.212615966796875,25.475341796875,-27.2122802734375,45.157958984375,55.337493896484375,65.7305908203125,76.103515625,87.03787231445312,97.979248046875,109.02542114257812,120.16058349609375,131.47219848632812,142.92178344726562,154.4251708984375,165.92556762695312,177.09786987304688,187.84048461914062,198.84527587890625,209.523193359375,219.61343383789062,229.36392211914062,238.85467529296875,247.68031311035156,256.2962951660156,264.4932098388672,272.22137451171875,279.52183532714844,286.50958251953125,293.1950378417969,299.3909606933594,305.1710205078125,285.03086853027344,315.8832244873047
"S303",291.8478240966797,281.1160430908203,260.12098693847656,249.72146606445312,272.3563232421875,271.83856201171875,264.60089111328125,289.8585968017578,274.4805603027344,290.8974609375,291.43247985839844,290.07948303222656,295.74473571777344,328.00445556640625,301.81903076171875,306.95237731933594,307.8193817138672,333.2349395751953,314.1235809326172,339.4103698730469,352.08770751953125,335.05519104003906,343.4889373779297,344.0734558105469,335.54652404785156,351.46791076660156,335.2458953857422,337.7945098876953,350.52854919433594,324.1882629394531,348.66041564941406,347.3235626220703,351.767333984375,337.2301483154297,341.19073486328125,346.0486297607422,337.7344207763672,339.20713806152344,323.0640869140625,325.8085479736328,314.12303161621094,308.3934783935547,308.19261169433594,261.8124542236328,242.13702392578125,236.60971069335938,253.8687286376953,174.17141723632812,157.5213623046875,111.86178588867188,139.00906372070312,45.8687744140625,94.31399536132812,-5.85211181640625,-30.6966552734375,15.914215087890625,4.797637939453125,21.92657470703125,33.648773193359375,24.1475830078125,77.10488891601562,-25.7159423828125,39.97796630859375,30.580810546875,14.685546875,59.198822021484375,8.14984130859375,2.551910400390625,1.44403076171875,-14.39971923828125,-44.59906005859375,14.38970947265625,47.88641357421875,-1.343994140625,20.221343994140625,-11.284454345703125,2.5625,-25.10760498046875,-15.40313720703125,-99.40264892578125,-62.43414306640625,-141.113037109375,-130.828369140625,-26.9371337890625,-51.05804443359375,-54.609619140625,-69.6583251953125,-124.95599365234375,-129.83416748046875,-52.01446533203125,-119.88604736328125,-57.61700439453125,-59.25921630859375,-71.86505126953125,-60.23309326171875,-100.9052734375,-57.93133544921875,-55.6552734375,-95.93841552734375,-47.95037841796875,-107.59521484375,-49.2650146484375,-67.28955078125,-67.856201171875,-66.80340576171875,-66.095458984375,-1.043182373046875,-81.5552978515625,-55.88336181640625,-97.92919921875,-237.2716064453125,-27.55877685546875,-44.3299560546875,-0.396575927734375,0.68585205078125,-117.548095703125,-29.974609375,4.8426513671875,-56.51470947265625,-33.66619873046875,44.880615234375,-15.72705078125,4.794219970703125,40.9300537109375,43.77520751953125,40.949249267578125,-32.7607421875,84.77337646484375,54.65020751953125,66.45468139648438,15.662078857421875,92.1920166015625,13.19232177734375,68.44094848632812,24.0230712890625,76.46502685546875,125.92373657226562,144.19107055664062,129.92709350585938,135.74880981445312,120.24209594726562
"S304",291.8478240966797,281.1160430908203,255.18711853027344,235.32052612304688,265.715087890625,261.84922790527344,270.4728546142578,286.3143005371094,274.00965881347656,290.8974609375,291.43247985839844,286.3935546875,295.74473571777344,307.921630859375,301.81903076171875,300.4966125488281,294.2895965576172,314.03179931640625,314.1235809326172,337.6912384033203,337.4144287109375,335.05519104003906,334.8762512207031,335.7911834716797,332.09254455566406,333.9903106689453,332.7877197265625,331.44471740722656,329.81907653808594,320.7889404296875,325.7610168457031,323.2725067138672,320.5160675048828,317.46978759765625,314.00030517578125,310.1835174560547,305.97169494628906,301.41822814941406,296.5165557861328,291.36500549316406,285.77684020996094,279.8996276855469,269.8802795410156,261.8124542236328,242.13702392578125,230.67984008789062,246.766357421875,165.61541748046875,95.4775390625,32.277374267578125,-85.57037353515625,-117.7530517578125,-38.883056640625,-301.41632080078125,-279.5548095703125,-198.90521240234375,-211.5303955078125,-411.61749267578125,-264.70233154296875,-346.3231201171875,-407.02825927734375,-391.73480224609375,-448.4241943359375,-413.5775146484375,-537.120849609375,-553.983154296875,-757.04052734375,-720.9788818359375,-746.6217041015625,-706.0716552734375,-712.4073486328125,-639.917724609375,-758.5347900390625,-775.0045166015625,-639.354248046875,-981.4169921875,-793.2156982421875,-657.4058837890625,-777.87255859375,-795.3756103515625,-728.571533203125,-815.5301513671875,-705.779052734375,-657.7078857421875,-948.549072265625,-828.532958984375,-746.0777587890625,-755.8648681640625,-810.9183349609375,-648.562255859375,-858.6490478515625,-772.83837890625,-684.0517578125,-658.5572509765625,-636.7645263671875,-671.6572265625,-655.911376953125,-668.4383544921875,-581.41650390625,-561.770263671875,-705.5184326171875,-768.8983154296875,-671.341552734375,-751.356689453125,-642.402587890625,-610.4775390625,-683.0413818359375,-434.4583740234375,-533.271484375,-401.56927490234375,-393.2261962890625,-289.48834228515625,-349.0648193359375,-232.9732666015625,-399.03277587890625,-372.6553955078125,-310.54913330078125,-234.19512939453125,-268.96728515625,-111.108154296875,-61.58636474609375,-142.61053466796875,-167.140625,-64.842041015625,-49.77435302734375,4.072296142578125,-27.706787109375,13.899658203125,-51.48480224609375,-3.3056640625,15.662078857421875,92.1920166015625,33.8201904296875,31.43646240234375,68.74740600585938,71.54452514648438,125.92373657226562,144.19107055664062,129.92709350585938,135.74880981445312,120.24209594726562
"S305",310.43141174316406,296.66871643066406,280.8898468017578,270.7574005126953,312.30474853515625,301.0814666748047,343.5390930175781,327.62705993652344,327.0803985595703,310.79302978515625,319.7745056152344,346.3719177246094,339.80287170410156,336.6445007324219,340.09576416015625,358.92942810058594,348.7207946777344,346.9358367919922,366.2871856689453,362.7890167236328,366.0667419433594,371.6262512207031,372.10572052001953,376.47206115722656,394.8354034423828,380.68946075439453,363.43865966796875,390.3113555908203,382.05641174316406,387.2003936767578,388.97216796875,369.0276641845703,376.31761932373047,389.52913665771484,373.468017578125,369.640625,379.95655059814453,348.0919952392578,324.97410583496094,371.1021423339844,345.9010772705078,343.26808166503906,342.59999084472656,316.7887878417969,250.05136108398438,265.54808044433594,253.8687286376953,163.33746337890625,169.10409545898438,133.37319946289062,88.97341918945312,22.998870849609375,-51.48443603515625,-88.154052734375,-215.650146484375,-179.9627685546875,-247.91357421875,-288.08001708984375,-338.111328125,-444.4501953125,-571.099609375,-506.80010986328125,-374.5074462890625,-403.27349853515625,-426.98504638671875,-504.4188232421875,-468.886474609375,-490.03839111328125,-640.820556640625,-596.7479248046875,-521.9310913085938,-573.3427734375,-590.2498779296875,-560.3858642578125,-547.576171875,-633.5849609375,-798.4393310546875,-690.2203369140625,-647.6273193359375,-604.435302734375,-587.6365966796875,-642.31884765625,-654.6806640625,-573.5009765625,-653.3597412109375,-824.924560546875,-584.9241943359375,-658.666259765625,-700.27734375,-612.20849609375,-532.082275390625,-753.008056640625,-658.8956298828125,-525.778564453125,-574.600830078125,-557.88427734375,-597.2757568359375,-612.302978515625,-584.04736328125,-610.2666015625,-602.701904296875,-627.3524169921875,-624.8399658203125,-623.0948486328125,-581.72412109375,-537.3480224609375,-595.310302734375,-510.82000732421875,-576.5091552734375,-541.9146728515625,-465.2593994140625,-479.68463134765625,-525.6451416015625,-388.960205078125,-403.482177734375,-372.6553955078125,-353.5462646484375,-234.35760498046875,-245.43505859375,-160.0181884765625,-104.4073486328125,-96.5633544921875,-84.0146484375,9.9437255859375,2.822662353515625,4.072296142578125,34.96826171875,13.899658203125,39.577392578125,118.92156982421875,72.02877807617188,96.4273681640625,109.90472412109375,100.52587890625,184.6920166015625,147.75778198242188,143.15167236328125,164.38467407226562,189.68441772460938,183.668212890625,161.7969970703125
"S306",382.76512145996094,385.0788116455078,387.2645034790039,389.3222351074219,391.19541931152344,392.9752731323242,394.49414825439453,395.9307327270508,397.11144256591797,391.9744567871094,399.04754638671875,399.83292388916016,400.51293182373047,401.0636444091797,401.3734130859375,401.59290313720703,401.7433090209961,401.77801513671875,401.75274658203125,401.59740447998047,401.46363830566406,401.21154022216797,400.9241485595703,400.5171127319336,400.06019592285156,399.4452896118164,398.76049041748047,397.95410919189453,396.9785919189453,395.8620071411133,394.5317687988281,393.05201721191406,391.3889694213867,389.52913665771484,387.43187713623047,385.12840270996094,382.58905029296875,379.8489990234375,376.8999557495117,373.77611541748047,370.3822784423828,366.82969665527344,363.1329040527344,359.27833557128906,355.18971252441406,345.2807159423828,318.267822265625,299.13340759277344,289.5004577636719,214.81427001953125,167.40887451171875,110.634521484375,82.47885131835938,-1.982696533203125,-51.84112548828125,-65.5911865234375,-89.38800048828125,-120.5946044921875,-105.11444091796875,-202.66192626953125,-261.6732177734375,-352.819580078125,-237.73773193359375,-231.109375,-294.68792724609375,-336.0814208984375,-241.739990234375,-439.47344970703125,-306.0428466796875,-291.57275390625,-333.56500244140625,-386.8958740234375,-343.41522216796875,-358.8795166015625,-399.1287841796875,-392.48797607421875,-393.33306884765625,-359.156494140625,-411.54718017578125,-306.3946533203125,-358.10882568359375,-354.34283447265625,-370.01806640625,-268.86199951171875,-313.7545166015625,-351.80712890625,-310.29425048828125,-394.43603515625,-326.6285400390625,-333.12646484375,-337.85638427734375,-270.082763671875,-254.37615966796875,-322.5452880859375,-202.43133544921875,-315.5770263671875,-308.24163818359375,-369.4566650390625,-298.0977783203125,-390.6783447265625,-217.33013916015625,-463.60235595703125,-361.60064697265625,-382.3546142578125,-274.58831787109375,-241.15509033203125,-139.70965576171875,-113.9114990234375,-124.22900390625,-59.36346435546875,-31.92822265625,11.042449951171875,-39.00408935546875,-116.4266357421875,-64.2652587890625,-61.50250244140625,64.24026489257812,105.12527465820312,7.94427490234375,57.42132568359375,66.22085571289062,115.4676513671875,127.99752807617188,99.07388305664062,76.39639282226562,129.97857666015625,163.34808349609375,193.06729125976562,193.88995361328125,229.71487426757812,172.60159301757812,236.1473388671875,211.65859985351562,294.56524658203125,332.2190399169922,317.6288757324219,292.2091522216797,340.2438201904297,264.5769500732422,357.16859436035156,339.5425567626953
"S307",422.53741455078125,424.10330963134766,425.6172409057617,427.0469970703125,428.3396453857422,429.5951843261719,430.6771926879883,431.70489501953125,432.5604705810547,433.3080825805664,433.99312591552734,434.5797653198242,435.1120834350586,435.5501480102539,435.79942321777344,436.00708389282227,436.1601791381836,436.23622131347656,436.26279067993164,436.23088455200195,436.18030166625977,436.0621109008789,435.9228057861328,435.7194290161133,435.4837341308594,435.1481018066406,434.7637939453125,434.3216323852539,433.77484130859375,433.1458435058594,432.38751220703125,431.52825927734375,430.56861877441406,429.4945068359375,428.26322174072266,426.9042053222656,425.3890609741211,423.7429656982422,421.9618225097656,420.0733337402344,418.0098648071289,415.83362579345703,413.57250213623047,411.16768646240234,408.63587188720703,406.0331268310547,403.3578872680664,393.3184585571289,379.7921600341797,374.51175689697266,334.9576416015625,323.92137145996094,301.0375213623047,295.2726135253906,272.0389862060547,257.1971740722656,249.6615753173828,232.86273193359375,226.19247436523438,219.60012817382812,144.4378662109375,226.14715576171875,183.55340576171875,193.20516967773438,171.20870971679688,197.91912841796875,194.62484741210938,187.5496826171875,206.7054443359375,214.86209106445312,204.89349365234375,180.00588989257812,223.15756225585938,238.85018920898438,156.57354736328125,187.07464599609375,173.87240600585938,178.68197631835938,150.10421752929688,162.2705078125,136.37628173828125,161.20458984375,211.57489013671875,167.39654541015625,173.39834594726562,203.44711303710938,153.80877685546875,148.13934326171875,195.7880859375,176.75872802734375,163.64907836914062,149.94192504882812,166.85971069335938,151.14385986328125,188.93411254882812,158.611328125,184.042236328125,145.361328125,173.96954345703125,136.37744140625,167.22747802734375,177.24624633789062,141.98541259765625,154.29498291015625,166.24261474609375,171.69964599609375,199.375,192.92730712890625,188.76113891601562,219.00433349609375,210.02743530273438,267.49415588378906,253.888671875,206.88729858398438,230.7193603515625,253.80284118652344,273.10255432128906,275.0473937988281,260.63438415527344,263.39190673828125,287.9257049560547,313.28924560546875,332.82135009765625,322.13487243652344,330.54026794433594,349.13243103027344,354.4704284667969,359.5408630371094,364.4566650390625,369.2589111328125,373.75159454345703,378.13419342041016,376.9773864746094,386.2763900756836,390.0096893310547,382.97298431396484,395.98089599609375,400.16417694091797,394.1160430908203,405.88089752197266,403.72178649902344
"S308",422.2797317504883,423.8434371948242,425.36949920654297,426.80712127685547,428.0946502685547,429.3558120727539,430.4425811767578,431.4727096557617,432.3262176513672,433.06897735595703,433.7609634399414,434.34310150146484,434.88333892822266,435.3254623413086,435.5616149902344,435.7704849243164,435.92101287841797,435.9950408935547,436.01477432250977,435.9947967529297,435.93517303466797,435.8128356933594,435.6688995361328,435.46715545654297,435.23020935058594,434.8908157348633,434.49424743652344,434.0499801635742,433.4994125366211,432.8665466308594,432.10630798339844,431.2367401123047,430.2732391357422,429.20057678222656,427.96411895751953,426.5995178222656,425.07603454589844,423.4194564819336,421.62694549560547,419.7334213256836,417.666015625,415.4814758300781,413.22271728515625,410.79615020751953,408.26177978515625,405.6703338623047,402.98619842529297,400.1906051635742,397.43143463134766,394.55467224121094,391.5533752441406,387.9388885498047,367.70286560058594,295.2726135253906,338.1811828613281,328.7559509277344,323.5819549560547,344.33349609375,297.9197540283203,316.0585479736328,340.9254608154297,344.59228515625,319.69708251953125,272.4496154785156,338.24021911621094,295.7958984375,303.3686981201172,302.15216064453125,295.85768127441406,294.2403106689453,290.07374572753906,302.1108856201172,296.8258056640625,291.6982116699219,286.8114776611328,281.8303985595703,276.9241180419922,272.21649169921875,267.7207336425781,263.3289489746094,259.08839416503906,255.14010620117188,251.35276794433594,247.60797119140625,244.4024658203125,241.37600708007812,238.37295532226562,235.86734008789062,233.52349853515625,231.54855346679688,229.70089721679688,228.22479248046875,227.09259033203125,226.33151245117188,225.99008178710938,226.02081298828125,226.38131713867188,227.16165161132812,228.51068115234375,230.31951904296875,232.35739135742188,234.6800537109375,237.53170776367188,240.57192993164062,244.09169006347656,247.7503204345703,251.6132354736328,255.62149047851562,259.7544860839844,264.1499786376953,268.84580993652344,273.5809783935547,278.49583435058594,283.4424591064453,288.4641418457031,293.7206115722656,299.0049285888672,304.3558044433594,309.7532043457031,315.265380859375,320.84910583496094,326.53721618652344,332.2024230957031,337.73443603515625,343.05555725097656,348.57017517089844,353.9252166748047,359.02626037597656,363.95703125,368.7578582763672,373.2964324951172,377.6875762939453,381.8876724243164,385.86193084716797,389.60585021972656,382.97298431396484,396.6149215698242,399.7851333618164,402.7499465942383,405.51610565185547,408.22288513183594
"S309",422.2797317504883,423.8434371948242,425.36949920654297,426.80712127685547,428.0946502685547,429.3558120727539,430.4425811767578,431.4727096557617,432.3262176513672,433.06897735595703,433.7609634399414,434.34310150146484,434.88333892822266,435.3254623413086,435.5616149902344,435.7704849243164,435.92101287841797,435.9950408935547,436.01477432250977,435.9947967529297,435.93517303466797,435.8128356933594,435.6688995361328,435.46715545654297,435.23020935058594,434.8908157348633,434.49424743652344,434.0499801635742,433.4994125366211,432.8665466308594,432.10630798339844,431.2367401123047,430.2732391357422,429.20057678222656,427.96411895751953,426.5995178222656,425.07603454589844,423.4194564819336,421.62694549560547,419.7334213256836,417.666015625,415.4814758300781,413.22271728515625,410.79615020751953,408.26177978515625,405.6703338623047,402.98619842529297,400.1906051635742,397.43143463134766,394.55467224121094,391.5533752441406,387.9388885498047,367.70286560058594,295.2726135253906,338.1811828613281,328.7559509277344,323.5819549560547,344.33349609375,297.9197540283203,316.0585479736328,340.9254608154297,344.59228515625,319.69708251953125,272.4496154785156,338.24021911621094,295.7958984375,303.3686981201172,302.15216064453125,295.85768127441406,294.2403106689453,290.07374572753906,302.1108856201172,296.8258056640625,291.6982116699219,286.8114776611328,281.8303985595703,276.9241180419922,272.21649169921875,267.7207336425781,263.3289489746094,259.08839416503906,255.14010620117188,251.35276794433594,247.60797119140625,244.4024658203125,241.37600708007812,238.37295532226562,235.86734008789062,233.52349853515625,231.54855346679688,229.70089721679688,228.22479248046875,227.09259033203125,226.33151245117188,225.99008178710938,226.02081298828125,226.38131713867188,227.16165161132812,228.51068115234375,230.31951904296875,232.35739135742188,234.6800537109375,237.53170776367188,240.57192993164062,244.09169006347656,247.7503204345703,251.6132354736328,255.62149047851562,259.7544860839844,264.1499786376953,268.84580993652344,273.5809783935547,278.49583435058594,283.4424591064453,288.4641418457031,293.7206115722656,299.0049285888672,304.3558044433594,309.7532043457031,315.265380859375,320.84910583496094,326.53721618652344,332.2024230957031,337.73443603515625,343.05555725097656,348.57017517089844,353.9252166748047,359.02626037597656,363.95703125,368.7578582763672,373.2964324951172,377.6875762939453,381.8876724243164,385.86193084716797,389.60585021972656,382.97298431396484,396.6149215698242,399.7851333618164,402.7499465942383,405.51610565185547,408.22288513183594
"S310",380.5979690551758,383.0135192871094,385.33465576171875,387.52843475341797,389.5220031738281,391.44725036621094,393.1094436645508,394.68701171875,395.99957275390625,397.15169525146484,398.19893646240234,399.0994186401367,399.9085006713867,400.575927734375,400.9636917114258,401.2775421142578,401.5094451904297,401.62023162841797,401.6591033935547,401.5964050292969,401.51951599121094,401.33406829833984,401.1157760620117,400.7946472167969,400.4261932373047,399.90576934814453,399.3123321533203,398.62491607666016,397.7786865234375,396.80347442626953,395.62874603271484,394.30296325683594,392.81636810302734,391.15130615234375,389.2482452392578,387.1442337036133,384.8038864135742,382.2617416381836,379.5106506347656,376.5903549194336,373.39839935302734,370.0321960449219,366.5284881591797,362.8184509277344,358.8944549560547,354.8538360595703,350.71339416503906,346.3997344970703,342.15318298339844,337.6899871826172,333.0548858642578,328.3556671142578,323.47412109375,282.14979553222656,313.27252197265625,308.0284423828125,302.42091369628906,296.5040283203125,290.2669372558594,284.1402587890625,278.19488525390625,271.7036895751953,264.8960876464844,257.8106994628906,250.59585571289062,243.10366821289062,235.3875732421875,227.50503540039062,219.36233520507812,211.34237670898438,203.06295776367188,194.76492309570312,186.6002197265625,178.7298583984375,171.11337280273438,163.43603515625,155.86947631835938,148.55563354492188,141.60665893554688,134.84033203125,128.34674072265625,122.18499755859375,116.23825073242188,110.52914428710938,105.55364990234375,100.883056640625,96.30560302734375,92.32888793945312,88.64031982421875,85.50860595703125,82.62530517578125,80.35848999023438,78.6151123046875,77.4061279296875,76.79049682617188,76.755615234375,77.38531494140625,78.52645874023438,80.55563354492188,83.25888061523438,86.38348388671875,89.96212768554688,94.28494262695312,99.03179931640625,104.431396484375,110.0723876953125,115.95352172851562,122.12313842773438,128.49639892578125,135.29122924804688,142.49099731445312,149.79559326171875,157.31680297851562,165.01513671875,172.69235229492188,180.81869506835938,188.96563720703125,197.20755004882812,205.54330444335938,214.04428100585938,222.68075561523438,231.40493774414062,240.1689453125,248.71910095214844,256.9772644042969,265.47174072265625,273.75917053222656,281.6232452392578,289.2577819824219,296.7234802246094,303.6801452636719,310.49269104003906,316.99049377441406,323.1297149658203,328.9322204589844,334.4801483154297,339.7903137207031,344.714111328125,349.2991180419922,353.5959014892578,357.7659149169922
"S311",362.857666015625,307.92750549316406,362.9289093017578,370.04644775390625,377.7555160522461,370.9978332519531,376.6588897705078,386.02425384521484,361.13426208496094,387.11692810058594,398.19893646240234,396.00621795654297,399.24082946777344,400.575927734375,400.9636917114258,400.6533737182617,401.5094451904297,401.62023162841797,399.7221908569336,401.5964050292969,401.51951599121094,401.33406829833984,401.1157760620117,400.7946472167969,400.4261932373047,399.90576934814453,399.3123321533203,398.62491607666016,397.7786865234375,396.80347442626953,395.62874603271484,394.30296325683594,392.81636810302734,391.15130615234375,389.2482452392578,387.1442337036133,384.8038864135742,382.2617416381836,379.5106506347656,376.5903549194336,373.39839935302734,370.0321960449219,366.5284881591797,362.8184509277344,358.8944549560547,338.51951599121094,322.4111328125,268.7924346923828,226.436279296875,157.47933959960938,204.3724365234375,104.04635620117188,154.66989135742188,73.56182861328125,53.64910888671875,81.53671264648438,94.96316528320312,36.501007080078125,35.810577392578125,59.5726318359375,55.405975341796875,78.28439331054688,66.03610229492188,3.252593994140625,60.876068115234375,75.5111083984375,19.797607421875,43.716094970703125,30.89874267578125,45.4654541015625,84.1923828125,83.238525390625,62.326904296875,42.2801513671875,36.1947021484375,29.944610595703125,35.9888916015625,38.6893310546875,24.80029296875,67.85791015625,128.34674072265625,122.18499755859375,112.82449340820312,110.52914428710938,100.916259765625,100.883056640625,96.30560302734375,92.32888793945312,88.64031982421875,48.339752197265625,82.62530517578125,80.35848999023438,78.6151123046875,77.4061279296875,76.79049682617188,76.755615234375,77.38531494140625,78.52645874023438,80.55563354492188,57.28369140625,86.38348388671875,89.96212768554688,94.28494262695312,92.52923583984375,104.431396484375,110.0723876953125,115.95352172851562,122.12313842773438,69.01742553710938,39.499969482421875,122.45297241210938,149.79559326171875,157.31680297851562,165.01513671875,157.13064575195312,180.81869506835938,188.96563720703125,173.56594848632812,28.65289306640625,187.21087646484375,170.43280029296875,192.40731811523438,197.3328857421875,211.77850341796875,152.46755981445312,200.08566284179688,248.2797393798828,223.96493530273438,270.0745544433594,288.0705871582031,260.2212219238281,291.70233154296875,288.2263946533203,248.56336975097656,274.0733642578125,230.49880981445312,253.63108825683594,291.44313049316406,282.3093719482422,285.5801544189453,257.3533935546875
"S312",194.88861083984375,228.451904296875,200.78851318359375,223.93145751953125,255.01194763183594,288.19081115722656,247.87095642089844,228.84747314453125,216.0478515625,289.3768310546875,296.8290557861328,295.0934600830078,277.8418884277344,316.0800018310547,279.3068084716797,310.5233917236328,309.5153045654297,310.25860595703125,310.266845703125,320.2810974121094,300.7997741699219,313.845947265625,334.0175018310547,306.6074676513672,323.52081298828125,322.25958251953125,317.72999572753906,323.09649658203125,325.92315673828125,325.1465148925781,325.29869079589844,329.6028594970703,314.1801452636719,322.6431427001953,317.27130126953125,322.6598205566406,321.51112365722656,299.61376953125,305.0857391357422,278.11424255371094,251.5349884033203,280.982421875,275.32891845703125,250.9193572998047,121.3172607421875,202.41488647460938,14.795257568359375,47.803070068359375,91.77658081054688,95.24908447265625,-36.53717041015625,45.247589111328125,-0.393341064453125,-27.47894287109375,-62.2177734375,19.5107421875,-21.3037109375,1.17181396484375,-34.86212158203125,-63.87396240234375,-8.595367431640625,-47.51617431640625,-13.57000732421875,-22.5396728515625,4.579376220703125,-7.368682861328125,-99.2716064453125,20.949554443359375,-6.197113037109375,-23.71112060546875,-69.9244384765625,-12.095458984375,-7.6383056640625,-18.35772705078125,-10.25537109375,-52.02667236328125,-24.90814208984375,-19.0963134765625,-46.24200439453125,-12.27288818359375,-20.59454345703125,-19.49151611328125,-19.78076171875,-69.0042724609375,-43.236328125,-23.722412109375,-37.15106201171875,-30.85699462890625,-36.15185546875,-40.72418212890625,-45.10797119140625,-48.82965087890625,-51.8802490234375,-54.2164306640625,-55.698974609375,-56.4615478515625,-56.64532470703125,-55.90704345703125,-54.0328369140625,-51.1771240234375,-47.8406982421875,-43.890869140625,-38.77886962890625,-33.3096923828125,-26.74932861328125,-19.868408203125,-12.50262451171875,-4.812164306640625,3.149169921875,11.685791015625,20.9014892578125,-9.115509033203125,29.237579345703125,-27.64874267578125,-20.720947265625,8.4547119140625,17.2991943359375,13.85235595703125,46.15478515625,20.407073974609375,81.28717041015625,73.300048828125,20.001495361328125,97.7293701171875,47.297454833984375,89.76705932617188,18.402679443359375,72.92529296875,42.925628662109375,52.913482666015625,93.7752685546875,46.28424072265625,123.35702514648438,87.30291748046875,78.94891357421875,92.13919067382812,145.04150390625,121.61770629882812,173.06365966796875,122.62283325195312,108.84136962890625
"S313",289.6135559082031,297.8336486816406,272.7186584472656,274.7557373046875,302.1347351074219,313.19224548339844,302.93202209472656,228.84747314453125,222.80709838867188,344.5439910888672,342.16310119628906,329.9021301269531,325.5776824951172,354.2488250732422,329.8603515625,336.9065246582031,366.24354553222656,352.6122283935547,337.3216552734375,360.40711975097656,335.0118408203125,346.6580810546875,366.15162658691406,356.52870178222656,355.8006896972656,368.3686981201172,348.0325622558594,357.73680114746094,377.1554870605469,368.2410430908203,364.66282653808594,373.1715545654297,351.72796630859375,345.6727294921875,360.1682586669922,339.9584503173828,358.45367431640625,326.56060791015625,318.51771545410156,303.85743713378906,251.5349884033203,307.4924011230469,295.4451904296875,253.79481506347656,121.3172607421875,210.17822265625,130.73001098632812,139.482177734375,115.69125366210938,115.17913818359375,-21.74749755859375,45.247589111328125,4.0697021484375,-27.47894287109375,-21.9024658203125,19.5107421875,25.6309814453125,4.11474609375,-34.86212158203125,-63.87396240234375,-8.595367431640625,-47.51617431640625,-13.57000732421875,-22.5396728515625,4.579376220703125,-7.368682861328125,-99.2716064453125,20.949554443359375,-6.197113037109375,-23.71112060546875,-69.9244384765625,5.590179443359375,-7.6383056640625,-18.35772705078125,-10.25537109375,-46.0054931640625,-24.90814208984375,-19.0963134765625,-46.24200439453125,-12.27288818359375,-20.59454345703125,-19.49151611328125,-19.78076171875,-69.0042724609375,-43.236328125,-23.722412109375,-37.15106201171875,1.281494140625,5.8980712890625,1.675323486328125,-2.356353759765625,-5.759979248046875,-8.5494384765625,-10.690093994140625,-12.06353759765625,-12.7711181640625,-12.8978271484375,-12.21978759765625,-10.48748779296875,-7.86431884765625,-4.779571533203125,-1.126556396484375,3.571624755859375,8.644989013671875,14.693267822265625,21.04473876953125,27.8228759765625,34.916290283203125,41.63775634765625,50.14556884765625,58.633544921875,67.21453857421875,54.358062744140625,80.8736572265625,64.90521240234375,66.513427734375,84.86181640625,91.13931274414062,73.2275390625,106.6556396484375,154.09860229492188,112.11380004882812,72.19635009765625,147.740966796875,123.72732543945312,108.86251831054688,95.14312744140625,79.49685668945312,63.93560791015625,176.00259399414062,114.5030517578125,138.49569702148438,171.83071899414062,146.626708984375,184.62814331054688,147.0120849609375,213.42709350585938,184.36965942382812,253.7296142578125,195.91378784179688,190.76144409179688
"S314",289.6135559082031,297.8336486816406,272.7186584472656,274.7557373046875,302.1347351074219,313.19224548339844,302.93202209472656,228.84747314453125,222.80709838867188,344.5439910888672,342.16310119628906,329.9021301269531,325.5776824951172,354.2488250732422,329.8603515625,336.9065246582031,366.24354553222656,352.6122283935547,337.3216552734375,360.40711975097656,335.0118408203125,346.6580810546875,366.15162658691406,356.52870178222656,355.8006896972656,368.3686981201172,348.0325622558594,357.73680114746094,377.1554870605469,368.2410430908203,364.66282653808594,373.1715545654297,351.72796630859375,345.6727294921875,360.1682586669922,339.9584503173828,358.45367431640625,326.56060791015625,318.51771545410156,303.85743713378906,251.5349884033203,307.4924011230469,295.4451904296875,253.79481506347656,121.3172607421875,210.17822265625,130.73001098632812,139.482177734375,115.69125366210938,115.17913818359375,-21.74749755859375,45.247589111328125,4.0697021484375,-27.47894287109375,-21.9024658203125,19.5107421875,25.6309814453125,4.11474609375,-34.86212158203125,-63.87396240234375,-8.595367431640625,-47.51617431640625,-13.57000732421875,-22.5396728515625,4.579376220703125,-7.368682861328125,-99.2716064453125,20.949554443359375,-6.197113037109375,-23.71112060546875,-69.9244384765625,5.590179443359375,-7.6383056640625,-18.35772705078125,-10.25537109375,-46.0054931640625,-24.90814208984375,-19.0963134765625,-46.24200439453125,-12.27288818359375,-20.59454345703125,-19.49151611328125,-19.78076171875,-69.0042724609375,-43.236328125,-23.722412109375,-37.15106201171875,1.281494140625,5.8980712890625,1.675323486328125,-2.356353759765625,-5.759979248046875,-8.5494384765625,-10.690093994140625,-12.06353759765625,-12.7711181640625,-12.8978271484375,-12.21978759765625,-10.48748779296875,-7.86431884765625,-4.779571533203125,-1.126556396484375,3.571624755859375,8.644989013671875,14.693267822265625,21.04473876953125,27.8228759765625,34.916290283203125,41.63775634765625,50.14556884765625,58.633544921875,67.21453857421875,54.358062744140625,80.8736572265625,64.90521240234375,66.513427734375,84.86181640625,91.13931274414062,73.2275390625,106.6556396484375,154.09860229492188,112.11380004882812,72.19635009765625,147.740966796875,123.72732543945312,108.86251831054688,95.14312744140625,79.49685668945312,63.93560791015625,176.00259399414062,114.5030517578125,138.49569702148438,171.83071899414062,146.626708984375,184.62814331054688,147.0120849609375,213.42709350585938,184.36965942382812,253.7296142578125,195.91378784179688,190.76144409179688
"S315",320.34449768066406,332.7728271484375,350.15924072265625,340.7436218261719,357.4678649902344,358.4644470214844,326.31549072265625,354.3771057128906,372.08956146240234,365.29527282714844,359.65956115722656,342.15191650390625,372.97460174560547,362.18560791015625,375.2614059448242,379.27137756347656,369.7821502685547,386.6910934448242,382.853759765625,379.3493957519531,383.72278594970703,380.9090805053711,378.95723724365234,392.2010726928711,391.79962158203125,389.8313751220703,390.58434295654297,389.83624267578125,388.9156951904297,387.85462188720703,386.57757568359375,385.1347427368164,383.5182189941406,381.70924377441406,379.64068603515625,377.3529510498047,374.8086624145508,372.0446243286133,369.0533752441406,365.87969970703125,362.4110870361328,229.72415161132812,322.25697326660156,349.9198303222656,346.64532470703125,304.19061279296875,285.04078674316406,295.6217956542969,234.54891967773438,252.32354736328125,270.14793395996094,232.026123046875,241.5985107421875,280.71900939941406,227.305908203125,213.4024658203125,233.555419921875,214.66827392578125,220.90481567382812,207.41754150390625,237.09774780273438,212.50103759765625,217.13888549804688,208.53067016601562,223.30490112304688,220.74560546875,212.35302734375,203.78225708007812,194.92071533203125,82.36676025390625,73.45675659179688,168.1634521484375,159.282470703125,150.71633911132812,142.43557739257812,134.07919311523438,125.84454345703125,117.8895263671875,110.3277587890625,50.41778564453125,95.88922119140625,89.18521118164062,82.72085571289062,76.49929809570312,71.07986450195312,65.99288940429688,61.0001220703125,56.674957275390625,52.660064697265625,49.25286865234375,46.110107421875,43.631103515625,41.723175048828125,40.398712158203125,39.726104736328125,39.68414306640625,40.350860595703125,41.588043212890625,43.787445068359375,46.72479248046875,50.11541748046875,53.9993896484375,58.70098876953125,63.84906005859375,69.71697998046875,75.84521484375,82.2396240234375,88.94427490234375,95.86880493164062,103.25033569335938,111.07864379882812,119.01873779296875,127.19955444335938,135.56365966796875,143.91690063476562,152.75103759765625,161.609375,170.57318115234375,179.6363525390625,188.88174438476562,198.27468872070312,207.76638793945312,217.29693603515625,226.59573364257812,235.57254028320312,244.81585693359375,253.8301239013672,248.80499267578125,267.1702880859375,215.89202880859375,267.69349670410156,293.79164123535156,290.6502227783203,287.8713073730469,300.7554473876953,268.45066833496094,300.07940673828125,302.4957733154297,286.37420654296875,251.76388549804688,251.6929168701172
"S316",320.34449768066406,332.7728271484375,350.15924072265625,340.7436218261719,357.4678649902344,358.4644470214844,326.31549072265625,354.3771057128906,372.08956146240234,365.29527282714844,359.65956115722656,342.15191650390625,372.97460174560547,362.18560791015625,375.2614059448242,379.27137756347656,369.7821502685547,386.6910934448242,382.853759765625,379.3493957519531,383.72278594970703,380.9090805053711,378.95723724365234,392.2010726928711,391.79962158203125,389.8313751220703,390.58434295654297,389.83624267578125,388.9156951904297,387.85462188720703,386.57757568359375,385.1347427368164,383.5182189941406,381.70924377441406,379.64068603515625,377.3529510498047,374.8086624145508,372.0446243286133,369.0533752441406,365.87969970703125,362.4110870361328,318.91737365722656,322.25697326660156,349.9198303222656,346.64532470703125,304.19061279296875,285.04078674316406,295.6217956542969,234.54891967773438,252.32354736328125,270.14793395996094,232.026123046875,241.5985107421875,280.71900939941406,227.305908203125,213.4024658203125,233.555419921875,214.66827392578125,220.90481567382812,207.41754150390625,237.09774780273438,212.50103759765625,217.13888549804688,208.53067016601562,223.30490112304688,220.74560546875,212.35302734375,203.78225708007812,194.92071533203125,82.36676025390625,73.45675659179688,168.1634521484375,159.282470703125,150.71633911132812,142.43557739257812,134.07919311523438,125.84454345703125,117.8895263671875,110.3277587890625,50.41778564453125,95.88922119140625,89.18521118164062,82.72085571289062,76.49929809570312,71.07986450195312,65.99288940429688,61.0001220703125,56.674957275390625,52.660064697265625,49.25286865234375,46.110107421875,43.631103515625,41.723175048828125,40.398712158203125,39.726104736328125,39.68414306640625,40.350860595703125,41.588043212890625,43.787445068359375,46.72479248046875,50.11541748046875,53.9993896484375,58.70098876953125,63.84906005859375,69.71697998046875,75.84521484375,82.2396240234375,88.94427490234375,95.86880493164062,103.25033569335938,111.07864379882812,119.01873779296875,127.19955444335938,135.56365966796875,143.91690063476562,152.75103759765625,161.609375,170.57318115234375,179.6363525390625,188.88174438476562,198.27468872070312,207.76638793945312,217.29693603515625,226.59573364257812,235.57254028320312,244.81585693359375,253.8301239013672,248.80499267578125,267.1702880859375,228.22769165039062,267.69349670410156,293.79164123535156,290.6502227783203,287.8713073730469,300.7554473876953,268.45066833496094,300.07940673828125,302.4957733154297,286.37420654296875,251.76388549804688,278.47727966308594
"S317",323.25718688964844,327.9183807373047,324.5237121582031,266.68975830078125,317.06422424316406,323.1073455810547,306.35072326660156,352.18983459472656,331.0727233886719,353.2903594970703,369.88291931152344,352.47149658203125,357.2125244140625,361.3415985107422,343.89857482910156,364.0537567138672,373.8800506591797,356.51820373535156,373.3109664916992,382.02962493896484,362.6416778564453,378.29235076904297,385.06441497802734,372.3916931152344,382.91011810302734,372.2269592285156,378.73780059814453,389.83624267578125,388.9156951904297,387.71568298339844,386.57757568359375,385.1347427368164,383.5182189941406,381.70924377441406,379.64068603515625,377.3529510498047,374.8086624145508,372.0446243286133,369.0533752441406,362.2775573730469,340.9917907714844,343.567138671875,308.23870849609375,327.3946838378906,292.4999694824219,248.20358276367188,261.8974609375,217.56826782226562,176.794921875,126.16616821289062,88.48809814453125,84.40176391601562,96.6307373046875,12.0252685546875,118.95602416992188,74.18115234375,62.491363525390625,60.617919921875,30.732513427734375,61.037445068359375,63.193939208984375,69.81964111328125,45.436920166015625,83.30670166015625,96.81134033203125,101.02218627929688,111.70819091796875,42.9400634765625,37.896148681640625,-82.57293701171875,49.4029541015625,-23.746337890625,118.25506591796875,89.87960815429688,43.570556640625,76.7498779296875,9.19287109375,-34.2730712890625,-57.6766357421875,-140.649169921875,-11.298492431640625,-4.572296142578125,23.6793212890625,14.894317626953125,-20.06951904296875,65.99288940429688,61.0001220703125,56.674957275390625,52.660064697265625,49.25286865234375,21.69915771484375,43.631103515625,2.30078125,40.398712158203125,26.353118896484375,18.539276123046875,40.350860595703125,41.588043212890625,43.787445068359375,46.72479248046875,50.11541748046875,53.146575927734375,58.70098876953125,63.84906005859375,69.71697998046875,75.84521484375,82.2396240234375,88.94427490234375,95.86880493164062,55.48614501953125,99.11322021484375,46.665374755859375,86.7325439453125,135.56365966796875,143.91690063476562,115.05166625976562,57.966796875,111.80206298828125,102.47454833984375,114.2403564453125,198.27468872070312,182.54937744140625,188.95156860351562,191.366943359375,162.89730834960938,217.21014404296875,222.5946044921875,214.68377685546875,252.19741821289062,228.22769165039062,240.40219116210938,253.76576232910156,249.63436889648438,233.05230712890625,252.4739990234375,176.70822143554688,207.14825439453125,261.9734649658203,264.8749694824219,217.28207397460938,298.908447265625
"S318",340.11769104003906,343.2313690185547,346.24383544921875,336.8962707519531,339.40431213378906,348.39622497558594,356.08135986328125,358.03460693359375,305.92298889160156,353.2903594970703,362.27415466308594,356.90997314453125,361.6170654296875,364.9997863769531,355.08140563964844,365.7256164550781,365.92822265625,365.9703674316406,365.93736267089844,365.7059783935547,365.5291290283203,365.18394470214844,364.79052734375,364.2266540527344,363.5985870361328,362.7582550048828,361.8288269042969,360.7235412597656,359.39068603515625,357.8630676269531,356.04266357421875,354.02703857421875,351.75184631347656,349.2032165527344,346.3383026123047,343.18797302246094,339.72149658203125,335.9822540283203,331.95751953125,327.6870574951172,323.0455322265625,318.1891784667969,313.12371826171875,307.87091064453125,302.2701110839844,255.98678588867188,269.6294250488281,199.78424072265625,186.87890625,207.55862426757812,139.25051879882812,146.4774169921875,133.23492431640625,91.86337280273438,80.15679931640625,110.2552490234375,86.69198608398438,57.896759033203125,104.36874389648438,90.80007934570312,99.748779296875,44.799713134765625,27.785308837890625,95.78451538085938,98.14828491210938,77.85137939453125,96.509033203125,64.71920776367188,34.191986083984375,66.07745361328125,83.29385375976562,55.100311279296875,59.389251708984375,50.419189453125,40.113037109375,29.896331787109375,19.842681884765625,10.0753173828125,0.902679443359375,-7.979339599609375,-16.41229248046875,-24.56414794921875,-32.46429443359375,-39.75384521484375,-46.15557861328125,-52.08258056640625,-57.76959228515625,-62.854736328125,-67.447509765625,-71.25726318359375,-74.59625244140625,-76.96832275390625,-78.60076904296875,-79.5196533203125,-79.687744140625,-79.0291748046875,-77.20489501953125,-74.9052734375,-71.3941650390625,-67.05181884765625,-62.072265625,-56.49237060546875,-50.06103515625,-42.8974609375,-35.0469970703125,-26.8695068359375,-18.52325439453125,-9.721435546875,-0.64300537109375,8.99017333984375,19.05377197265625,29.316650390625,39.7637939453125,50.62786865234375,37.4698486328125,72.5943603515625,83.90899658203125,95.31243896484375,106.846923828125,118.53726196289062,130.39874267578125,142.21401977539062,154.135009765625,165.70333862304688,176.88687133789062,188.22344970703125,199.28640747070312,209.6900634765625,219.79507446289062,229.68698120117188,238.72030639648438,247.66688537597656,256.1539764404297,264.1448974609375,271.7140350341797,278.98011779785156,285.8791809082031,292.3285675048828,298.30908203125,288.4215850830078,309.3982238769531
"S319",335.0560607910156,338.31158447265625,341.37489318847656,344.25975036621094,346.89405822753906,349.3875274658203,351.51866149902344,353.5323486328125,355.18540954589844,356.6293640136719,357.8988037109375,358.9979248046875,359.9434509277344,360.71018981933594,361.1463928222656,361.4483642578125,361.6545867919922,361.69566345214844,361.65602111816406,361.4252624511719,361.2360534667969,360.8766784667969,360.4671936035156,359.886474609375,359.2376251220703,358.3682861328125,357.40074157714844,356.2593231201172,354.88233947753906,353.30433654785156,351.4261169433594,349.3406066894531,346.9920349121094,344.3656311035156,341.40855407714844,338.1566619873047,334.5772399902344,330.71510314941406,326.5579833984375,322.15228271484375,317.36492919921875,312.3527526855469,307.13287353515625,301.7024688720703,295.9268493652344,289.97264099121094,283.9505310058594,243.85366821289062,241.21624755859375,255.4384307861328,153.17388916015625,179.64321899414062,177.99722290039062,159.35748291015625,112.22320556640625,145.95877075195312,115.494140625,105.96200561523438,195.86666870117188,186.85324096679688,178.10003662109375,111.87396240234375,66.35043334960938,126.49334716796875,137.8525390625,126.79010009765625,115.87030029296875,104.54367065429688,37.228363037109375,81.5484619140625,69.9434814453125,58.26861572265625,46.86126708984375,35.990264892578125,25.369140625,14.80950927734375,4.421051025390625,-5.654144287109375,-15.12811279296875,-24.30963134765625,-33.0419921875,-41.447998046875,-49.57940673828125,-57.13751220703125,-63.75262451171875,-69.8824462890625,-75.78607177734375,-81.01434326171875,-85.74658203125,-89.6650390625,-93.115966796875,-95.58685302734375,-97.28997802734375,-98.24560546875,-98.40618896484375,-97.71575927734375,-95.87261962890625,-93.49176025390625,-89.86712646484375,-85.37060546875,-80.236572265625,-74.48626708984375,-67.83099365234375,-60.466552734375,-52.3619384765625,-43.92803955078125,-35.2982177734375,-26.2156982421875,-16.8516845703125,-6.92022705078125,3.475799560546875,14.06561279296875,14.652313232421875,36.05682373046875,26.390869140625,58.74603271484375,70.42605590820312,82.20220947265625,94.10565185546875,106.17581176757812,118.41799926757812,130.63137817382812,142.93325805664062,154.8736572265625,166.40457153320312,178.11834716796875,189.53665161132812,200.28469848632812,210.71401977539062,220.911865234375,230.257568359375,239.48812866210938,248.24908447265625,256.4996795654297,264.31153869628906,271.8069763183594,278.93341064453125,285.58387756347656,291.75830078125,297.5823059082031,303.2058563232422
"S320",345.3414611816406,348.53416442871094,351.6370086669922,354.5827331542969,357.26739501953125,359.8878631591797,362.17811584472656,364.35902404785156,366.19618225097656,367.82679748535156,369.3349609375,370.63401794433594,371.82643127441406,372.82733154296875,373.4381637573242,373.96422576904297,374.3711395263672,374.6144256591797,374.75352478027344,374.78429412841797,374.76473236083984,374.6129150390625,374.41920471191406,374.10919189453125,373.7420349121094,373.1902770996094,372.5438232421875,371.8050231933594,370.87928771972656,369.80303955078125,368.49110412597656,366.9916076660156,365.3107147216797,363.42413330078125,361.24176025390625,358.8099060058594,356.0834197998047,353.10186767578125,349.856689453125,346.4000549316406,342.5965881347656,338.5543212890625,334.33717346191406,329.81610107421875,325.02862548828125,320.0893096923828,314.978515625,283.90399169921875,275.9783172607422,278.6726531982422,169.66030883789062,204.0670166015625,196.60202026367188,165.33578491210938,134.24432373046875,145.95877075195312,115.494140625,116.79440307617188,208.95358276367188,191.14779663085938,178.66058349609375,112.03533935546875,83.3896484375,126.49334716796875,167.3819580078125,126.79010009765625,161.99490356445312,129.15487670898438,37.228363037109375,139.07467651367188,131.56942749023438,120.99212646484375,96.762451171875,100.31558227539062,78.13436889648438,80.43609619140625,70.53396606445312,60.956268310546875,51.781341552734375,42.81744384765625,34.1605224609375,25.97735595703125,18.08929443359375,10.390899658203125,3.63751220703125,-2.742095947265625,-9.054656982421875,-14.5389404296875,-19.7071533203125,-24.19183349609375,-28.43560791015625,-31.98193359375,-34.8900146484375,-37.1416015625,-38.629638671875,-39.41229248046875,-39.4691162109375,-38.7841796875,-36.97796630859375,-34.2645263671875,-31.01776123046875,-27.16412353515625,-22.26898193359375,-16.87457275390625,-10.5242919921875,-3.83538818359375,3.249420166015625,10.70947265625,18.4454345703125,26.756622314453125,35.65863037109375,-5.889617919921875,-6.716339111328125,63.589263916015625,55.53802490234375,83.32632446289062,93.52261352539062,103.87179565429688,114.34805297851562,125.08837890625,136.03460693359375,147.17623901367188,158.38262939453125,169.36688232421875,179.98989868164062,191.03219604492188,201.83572387695312,212.158447265625,222.20675659179688,232.05126953125,241.329345703125,250.3932647705078,259.0716094970703,267.29478454589844,275.0790252685547,282.51695251464844,289.6559143066406,296.25331115722656,302.4112243652344,308.15956115722656,313.7447814941406
"S321",403.1900939941406,390.71763610839844,417.6892776489258,422.0266342163086,415.0868606567383,426.53749084472656,415.9047622680664,428.421142578125,393.6726837158203,376.02581787109375,409.21282958984375,416.8465881347656,427.30582427978516,434.7149963378906,413.8476104736328,431.1722717285156,431.8268814086914,433.15506744384766,412.806640625,422.2992706298828,425.6452331542969,418.8789520263672,420.54774475097656,426.15331268310547,419.89513397216797,422.3736267089844,432.21324157714844,431.71753692626953,432.0550842285156,431.3213882446289,428.87747955322266,429.4703063964844,428.3769226074219,427.15514373779297,425.7735900878906,424.25848388671875,422.5847396850586,420.77835845947266,418.8344421386719,401.9134292602539,408.0188446044922,392.44327545166016,387.9421081542969,401.41141510009766,357.8488006591797,325.48658752441406,327.9001922607422,289.04039001464844,275.9783172607422,278.6726531982422,176.66448974609375,204.0670166015625,196.60202026367188,165.33578491210938,134.24432373046875,145.95877075195312,115.494140625,116.79440307617188,208.95358276367188,191.14779663085938,178.66058349609375,112.03533935546875,89.972900390625,126.49334716796875,167.3819580078125,126.79010009765625,161.99490356445312,129.15487670898438,63.0057373046875,139.07467651367188,141.75729370117188,123.78237915039062,96.762451171875,111.59402465820312,78.13436889648438,87.01785278320312,142.06781005859375,163.19915771484375,137.79022216796875,154.27658081054688,130.4322509765625,44.3802490234375,65.38894653320312,41.7188720703125,85.0872802734375,97.376220703125,134.9691162109375,76.56857299804688,81.52847290039062,69.57339477539062,64.74905395507812,115.35113525390625,131.51382446289062,114.68630981445312,97.38394165039062,32.89752197265625,38.003692626953125,73.81414794921875,108.191162109375,53.241729736328125,79.55154418945312,53.633148193359375,63.6885986328125,86.21469116210938,54.84979248046875,63.60455322265625,94.79336547851562,59.905548095703125,38.246734619140625,47.82171630859375,114.53082275390625,41.40771484375,17.0484619140625,99.78091430664062,65.30282592773438,169.68258666992188,120.7760009765625,144.18618774414062,222.18289184570312,216.418212890625,179.38919067382812,207.04788208007812,234.06903076171875,286.22129821777344,302.2367401123047,303.32289123535156,299.5205993652344,340.2961730957031,349.8529357910156,366.4062805175781,350.1357879638672,346.99830627441406,379.8549118041992,359.3951416015625,362.2964324951172,365.18023681640625,376.7154235839844,378.61365509033203,382.30223846435547,388.40370178222656,382.77752685546875
"S322",385.64923095703125,390.71763610839844,398.1385955810547,407.1051330566406,392.32798767089844,393.43175506591797,390.8074645996094,403.80706787109375,388.09166717529297,371.64012145996094,402.6944046020508,412.3438720703125,405.7615509033203,412.21178436279297,404.24280548095703,417.43182373046875,420.3117218017578,427.10791778564453,407.4489974975586,419.7277145385742,425.03662109375,416.3098602294922,420.54774475097656,426.15331268310547,419.1589889526367,421.02349853515625,426.8430633544922,426.34619140625,425.7321548461914,425.02559661865234,423.55303955078125,423.2093505859375,422.1321792602539,420.9279022216797,419.5465850830078,418.02134704589844,416.3213195800781,414.47406005859375,412.4751663208008,401.9134292602539,408.0188446044922,392.44327545166016,387.9421081542969,395.84542083740234,357.8488006591797,325.48658752441406,327.9001922607422,289.04039001464844,275.9783172607422,278.6726531982422,176.66448974609375,204.0670166015625,196.60202026367188,165.33578491210938,134.24432373046875,133.71917724609375,110.295654296875,116.79440307617188,179.138427734375,148.43353271484375,152.77810668945312,112.03533935546875,89.972900390625,109.03665161132812,130.9376220703125,114.60714721679688,100.409423828125,93.23117065429688,63.0057373046875,72.19284057617188,77.71209716796875,101.28775024414062,95.71298217773438,77.32095336914062,68.50802612304688,53.652923583984375,114.87640380859375,141.36392211914062,94.53927612304688,125.08709716796875,130.4322509765625,44.3802490234375,65.38894653320312,41.7188720703125,76.60321044921875,90.03854370117188,99.07583618164062,52.2525634765625,52.43377685546875,68.04147338867188,20.474761962890625,81.2703857421875,93.83056640625,74.05706787109375,97.38394165039062,1.5870361328125,38.003692626953125,73.81414794921875,69.38888549804688,52.24273681640625,26.01873779296875,53.633148193359375,43.3546142578125,62.05377197265625,47.323150634765625,63.60455322265625,94.79336547851562,3.87908935546875,0.943634033203125,21.5728759765625,41.22296142578125,41.40771484375,17.0484619140625,99.78091430664062,65.30282592773438,162.37152099609375,120.7760009765625,94.10079956054688,201.70095825195312,206.02041625976562,179.38919067382812,207.04788208007812,234.06903076171875,268.00096130371094,285.1313934326172,284.7458953857422,281.3854675292969,327.4339294433594,338.9680633544922,350.8147735595703,337.5919494628906,327.6759948730469,336.4992370605469,345.5243835449219,340.56396484375,341.85650634765625,351.3301239013672,371.3960418701172,354.77674865722656,361.7125701904297,379.29529571533203
"S323",325.54417419433594,366.3819580078125,327.8767852783203,345.86509704589844,316.58567810058594,303.1082000732422,305.43504333496094,324.0890808105469,338.2105255126953,329.3026580810547,351.8262939453125,375.01717376708984,330.6302032470703,353.32740783691406,360.0695495605469,369.39398193359375,371.01055908203125,387.66019439697266,371.0982666015625,391.0834045410156,398.94029235839844,391.6722946166992,396.4051055908203,402.9188537597656,397.8013687133789,390.9245834350586,404.5237731933594,395.9523162841797,393.2686080932617,408.7707748413086,391.7487106323242,403.71219635009766,420.0539855957031,406.85022735595703,378.92808532714844,416.18128967285156,407.18904876708984,400.6717224121094,412.4751663208008,380.69837951660156,373.368408203125,378.66341400146484,343.9334716796875,355.183349609375,352.0086975097656,325.48658752441406,297.4609832763672,289.04039001464844,256.0381317138672,217.59490966796875,176.66448974609375,162.81381225585938,128.74935913085938,93.74169921875,91.3011474609375,108.01416015625,29.081390380859375,46.68255615234375,62.266326904296875,66.10543823242188,112.502197265625,15.19354248046875,89.972900390625,78.7265625,72.71075439453125,114.60714721679688,80.9825439453125,54.182403564453125,63.0057373046875,48.948699951171875,24.591766357421875,53.23187255859375,89.81259155273438,77.32095336914062,44.70208740234375,8.682647705078125,39.5220947265625,4.458892822265625,35.829864501953125,-45.1043701171875,59.383880615234375,-91.600341796875,-58.25372314453125,17.890869140625,-34.78900146484375,16.234527587890625,-20.3079833984375,46.0660400390625,-24.28472900390625,40.6485595703125,9.852020263671875,34.59979248046875,27.74462890625,4.607696533203125,-27.16864013671875,-61.9195556640625,38.003692626953125,61.732177734375,-62.80938720703125,33.233795166015625,26.01873779296875,53.633148193359375,28.59521484375,39.512054443359375,47.323150634765625,63.60455322265625,94.79336547851562,1.705352783203125,-10.341064453125,-31.7901611328125,-70.083740234375,41.40771484375,17.0484619140625,88.98480224609375,65.30282592773438,55.988616943359375,41.49639892578125,63.54119873046875,68.38076782226562,73.37826538085938,125.69677734375,156.0450439453125,187.59857177734375,160.32138061523438,173.7357177734375,195.560546875,159.775634765625,228.0076904296875,252.0779571533203,243.90765380859375,234.2142333984375,226.7850341796875,179.93264770507812,249.55604553222656,237.81869506835938,238.42742919921875,247.93882751464844,291.8084411621094,246.092529296875,285.03086853027344,317.0400085449219
"S324",228.67034912109375,265.01026916503906,260.12098693847656,249.72146606445312,272.3563232421875,271.83856201171875,248.42031860351562,289.8585968017578,274.4805603027344,277.4635772705078,241.70193481445312,290.07948303222656,295.74473571777344,328.00445556640625,298.01878356933594,306.95237731933594,307.8193817138672,333.2349395751953,314.1235809326172,339.4103698730469,352.08770751953125,334.14129638671875,343.4889373779297,344.0734558105469,335.54652404785156,351.46791076660156,335.2458953857422,337.7945098876953,350.52854919433594,324.1882629394531,348.66041564941406,340.6199493408203,351.767333984375,337.2301483154297,329.83860778808594,346.0486297607422,337.7344207763672,339.20713806152344,323.0640869140625,325.8085479736328,314.12303161621094,308.3934783935547,308.19261169433594,259.0548553466797,195.41067504882812,236.60971069335938,237.868408203125,174.17141723632812,157.5213623046875,111.86178588867188,139.00906372070312,45.8687744140625,94.31399536132812,-5.85211181640625,-30.6966552734375,15.914215087890625,4.797637939453125,21.92657470703125,33.648773193359375,24.1475830078125,77.10488891601562,-25.7159423828125,39.97796630859375,30.580810546875,14.685546875,59.198822021484375,8.14984130859375,2.551910400390625,1.44403076171875,-14.39971923828125,-44.59906005859375,14.38970947265625,47.88641357421875,-1.343994140625,20.221343994140625,-11.284454345703125,2.5625,-25.10760498046875,-15.40313720703125,-99.40264892578125,-62.43414306640625,-141.113037109375,-130.828369140625,-26.9371337890625,-51.05804443359375,-54.609619140625,-69.6583251953125,-124.95599365234375,-129.83416748046875,16.405487060546875,-119.88604736328125,-7.199737548828125,-8.796173095703125,-71.86505126953125,-55.9398193359375,-100.9052734375,-33.92340087890625,-30.8463134765625,-95.93841552734375,-23.36419677734375,-107.59521484375,-49.2650146484375,-67.28955078125,-67.856201171875,-66.80340576171875,-66.095458984375,10.843017578125,-81.5552978515625,-55.88336181640625,-97.92919921875,-237.2716064453125,-27.55877685546875,-44.3299560546875,-0.396575927734375,0.68585205078125,-117.548095703125,-29.974609375,4.8426513671875,-56.51470947265625,-33.66619873046875,44.880615234375,-15.72705078125,4.794219970703125,40.9300537109375,43.77520751953125,40.949249267578125,-32.7607421875,84.77337646484375,54.65020751953125,66.45468139648438,-25.40960693359375,27.55462646484375,39.633270263671875,68.44094848632812,24.0230712890625,76.46502685546875,111.6688232421875,99.581298828125,81.35662841796875,69.95285034179688,52.70751953125
"S325",193.12588500976562,232.90753173828125,207.7906494140625,213.48788452148438,225.22659301757812,252.29617309570312,248.42031860351562,265.33494567871094,274.00965881347656,274.9429931640625,245.8011932373047,282.23846435546875,295.74473571777344,307.921630859375,298.01878356933594,300.4966125488281,294.2895965576172,314.03179931640625,314.1235809326172,339.4103698730469,352.08770751953125,334.14129638671875,334.8762512207031,344.0734558105469,332.09254455566406,342.1424255371094,335.2458953857422,337.7945098876953,330.5836944580078,317.8213806152344,322.2456512451172,333.18914794921875,351.767333984375,337.0182342529297,329.83860778808594,346.0486297607422,328.3779602050781,326.40313720703125,292.6376953125,304.3169250488281,294.8924255371094,305.3054504394531,269.8802795410156,254.05728149414062,195.41067504882812,197.20904541015625,101.20761108398438,165.61541748046875,95.4775390625,2.658935546875,-85.57037353515625,-117.7530517578125,-38.883056640625,-301.41632080078125,-279.5548095703125,-198.90521240234375,-211.5303955078125,-411.61749267578125,-264.70233154296875,-346.3231201171875,-407.02825927734375,-391.73480224609375,-444.6058349609375,-413.5775146484375,-537.120849609375,-496.37939453125,-476.8336181640625,-570.731201171875,-507.9859619140625,-614.9407958984375,-586.7392578125,-543.29296875,-575.815673828125,-576.33984375,-639.354248046875,-822.8905029296875,-573.58984375,-657.4058837890625,-737.458984375,-572.891845703125,-551.767333984375,-723.8607177734375,-565.510986328125,-657.7078857421875,-846.32373046875,-752.3380126953125,-707.7276611328125,-630.9779052734375,-740.2020263671875,-648.562255859375,-806.615966796875,-606.6669921875,-480.22149658203125,-526.1427001953125,-417.0975341796875,-489.7197265625,-655.911376953125,-519.3320922851562,-521.4940185546875,-469.58087158203125,-517.471435546875,-524.4210205078125,-549.1270751953125,-379.576416015625,-448.2056884765625,-432.1533203125,-416.2205810546875,-351.67620849609375,-356.792724609375,-401.56927490234375,-393.2261962890625,-289.48834228515625,-333.107666015625,-232.9732666015625,-399.03277587890625,-301.93463134765625,-182.63580322265625,-213.796875,-209.375732421875,-111.108154296875,-61.58636474609375,-108.06158447265625,-178.451904296875,-64.842041015625,-49.77435302734375,4.072296142578125,-27.706787109375,13.899658203125,-51.48480224609375,-37.76104736328125,-93.61456298828125,-16.758544921875,39.633270263671875,31.43646240234375,68.74740600585938,40.52069091796875,91.74365234375,37.0009765625,81.35662841796875,71.22161865234375,77.92657470703125
"S326",291.6451873779297,289.03028869628906,280.8898468017578,270.7574005126953,304.47206115722656,301.0814666748047,323.1660614013672,327.62705993652344,327.0803985595703,310.79302978515625,319.7745056152344,346.3719177246094,338.7184295654297,336.6445007324219,334.3667907714844,349.8025665283203,343.74090576171875,346.9358367919922,336.4117126464844,336.7689666748047,344.13478088378906,349.2861785888672,354.4169616699219,366.26881408691406,361.4176483154297,361.89215087890625,353.42816162109375,363.1958770751953,359.2626037597656,366.62530517578125,360.3221130371094,354.4449005126953,360.8782043457031,353.14402770996094,350.0860137939453,331.4216003417969,344.13807678222656,346.08558654785156,321.24925231933594,338.30023193359375,333.298095703125,297.93853759765625,311.3088684082031,288.28004455566406,250.05136108398438,231.679443359375,153.32229614257812,163.33746337890625,96.89346313476562,49.1065673828125,21.914154052734375,-83.22412109375,-125.19171142578125,-241.59149169921875,-287.98419189453125,-373.44622802734375,-358.15423583984375,-452.8590087890625,-428.83154296875,-414.31524658203125,-505.83221435546875,-490.5091552734375,-444.6058349609375,-452.55712890625,-540.5628662109375,-496.37939453125,-476.8336181640625,-570.731201171875,-507.9859619140625,-614.9407958984375,-586.7392578125,-543.29296875,-575.815673828125,-576.33984375,-641.79736328125,-822.8905029296875,-573.58984375,-783.98583984375,-737.458984375,-572.891845703125,-551.767333984375,-723.8607177734375,-565.510986328125,-690.35498046875,-809.71826171875,-752.3380126953125,-707.7276611328125,-630.9779052734375,-740.2020263671875,-754.5963134765625,-706.6422119140625,-606.6669921875,-480.22149658203125,-526.1427001953125,-417.0975341796875,-489.7197265625,-668.69482421875,-519.3320922851562,-521.4940185546875,-469.58087158203125,-517.471435546875,-524.4210205078125,-549.1270751953125,-379.576416015625,-448.2056884765625,-432.1533203125,-416.2205810546875,-351.67620849609375,-356.792724609375,-428.98992919921875,-448.661376953125,-410.83404541015625,-333.107666015625,-325.7315673828125,-403.482177734375,-301.93463134765625,-182.63580322265625,-213.796875,-209.375732421875,-173.2484130859375,-152.83795166015625,-108.06158447265625,-128.51348876953125,-64.842041015625,-49.77435302734375,4.072296142578125,-27.706787109375,13.899658203125,-45.24066162109375,41.031036376953125,-44.4466552734375,65.05731201171875,51.756195068359375,79.58139038085938,160.67755126953125,131.21347045898438,115.84600830078125,164.38467407226562,128.31033325195312,149.089599609375,161.7969970703125
"S327",318.06141662597656,321.6265563964844,325.0268096923828,328.2166748046875,331.0889434814453,333.8411560058594,336.1942138671875,338.40956115722656,340.21307373046875,341.77915954589844,343.1932830810547,344.3809051513672,345.44224548339844,346.2947235107422,346.72625732421875,347.0590515136719,347.2738342285156,347.3086395263672,347.2388916015625,347.0235137939453,346.7827453613281,346.37139892578125,345.9031066894531,345.26829528808594,344.54893493652344,343.5791778564453,342.4710693359375,341.20745849609375,339.67994689941406,337.9305877685547,335.8587646484375,333.5300750732422,330.9341278076172,328.052001953125,324.78411865234375,321.1896514892578,317.22705078125,312.9462890625,308.3383026123047,303.47972106933594,298.205810546875,292.6688690185547,286.94158935546875,280.8989715576172,274.54266357421875,268.039794921875,261.3913879394531,254.47940063476562,247.6918182373047,240.56817626953125,233.1597900390625,225.64120483398438,217.82559204101562,209.61785888671875,201.42037963867188,192.961181640625,183.89126586914062,174.30377197265625,164.19119262695312,154.2647705078125,144.64999389648438,134.14059448242188,123.14962768554688,111.74517822265625,100.15170288085938,88.1815185546875,75.90261840820312,63.4228515625,50.5675048828125,37.996856689453125,25.047088623046875,12.162017822265625,-0.45465087890625,-12.56451416015625,-24.21746826171875,-100.1671142578125,-47.480712890625,-58.57904052734375,-69.0740966796875,-79.28228759765625,-89.0631103515625,-98.30767822265625,-107.17816162109375,-115.69012451171875,-123.0302734375,-129.85791015625,-136.5389404296875,-142.21185302734375,-147.39556884765625,-151.65380859375,-155.484130859375,-158.31671142578125,-160.2811279296875,-161.365966796875,-161.47552490234375,-160.65606689453125,-158.807373046875,-156.13726806640625,-152.12420654296875,-147.081298828125,-141.43218994140625,-135.11907958984375,-127.68023681640625,-119.6827392578125,-110.717041015625,-101.42767333984375,-91.81591796875,-81.7896728515625,-71.47198486328125,-60.55230712890625,-49.0213623046875,-37.33428955078125,-25.32208251953125,-13.06103515625,-0.815887451171875,12.08734130859375,24.99993896484375,38.039825439453125,51.181884765625,64.53610229492188,78.05685424804688,91.638671875,105.21728515625,118.40908813476562,131.08880615234375,144.08978271484375,156.70162963867188,168.62210083007812,180.13958740234375,191.3463134765625,201.77587890625,211.9542236328125,221.63653564453125,230.76400756835938,239.38949584960938,247.64739990234375,255.54620361328125,262.8623046875,269.6904602050781,276.1019287109375,282.3446807861328
"S328",358.155029296875,360.95289611816406,363.59336853027344,366.0788269042969,368.3424987792969,370.49114990234375,372.3263931274414,374.06068420410156,375.4841842651367,376.72503662109375,377.8210220336914,378.76692962646484,379.58573150634766,380.248779296875,380.62049102783203,380.8829040527344,381.06156158447266,381.0993118286133,381.06517028808594,380.8741455078125,380.70977783203125,380.401611328125,380.05042266845703,379.5546340942383,378.9988021850586,378.25221252441406,377.4191131591797,376.4400100708008,375.2571029663086,373.90233612060547,372.289794921875,370.49595642089844,368.4794464111328,366.2256774902344,363.6848907470703,360.8923034667969,357.8158874511719,354.4960632324219,350.9228820800781,347.1384735107422,343.0269317626953,338.72166442871094,334.2422332763672,329.57183837890625,324.6151885986328,319.5102081298828,314.3387756347656,308.9682159423828,303.70350646972656,298.1405334472656,292.37937927246094,286.5283203125,280.40557861328125,274.0559539794922,267.6553649902344,261.0998840332031,254.04673767089844,246.57913208007812,238.74514770507812,231.01272583007812,223.50491333007812,215.32754516601562,206.79541015625,197.902099609375,188.96728515625,179.64022827148438,170.10906982421875,160.39398193359375,150.462890625,140.6663818359375,130.6973876953125,120.68035888671875,110.89208984375,101.5546875,92.45559692382812,83.39434814453125,74.48025512695312,65.84555053710938,57.71966552734375,49.840667724609375,42.340484619140625,35.14508056640625,28.189849853515625,21.69378662109375,16.029388427734375,10.773651123046875,5.70269775390625,1.243865966796875,-2.7967529296875,-6.13720703125,-9.0855712890625,-11.19873046875,-12.65240478515625,-13.4561767578125,-13.5684814453125,-12.95135498046875,-11.3743896484375,-9.31134033203125,-6.180755615234375,-2.296173095703125,2.12176513671875,7.06536865234375,12.797821044921875,19.116119384765625,26.084716796875,33.33056640625,40.76007080078125,48.564544677734375,56.608673095703125,65.13681030273438,74.07400512695312,83.16806030273438,92.45333862304688,102.04983520507812,111.49642944335938,121.54034423828125,131.569580078125,141.681640625,151.89938354492188,162.26141357421875,172.76461791992188,183.25918579101562,193.81402587890625,204.0601806640625,213.94943237304688,224.00460815429688,233.79922485351562,243.02407836914062,251.96913146972656,260.7104034423828,268.7390594482422,276.6528778076172,284.16815185546875,291.2479248046875,297.94615173339844,304.36878967285156,310.4839630126953,316.18572998046875,321.4823913574219,326.47486877441406,331.30201721191406
"S329",358.155029296875,360.95289611816406,363.59336853027344,366.0788269042969,368.3424987792969,370.49114990234375,372.3263931274414,374.06068420410156,375.4841842651367,376.72503662109375,377.8210220336914,378.76692962646484,379.58573150634766,380.248779296875,380.62049102783203,380.8829040527344,381.06156158447266,381.0993118286133,381.06517028808594,380.8741455078125,380.70977783203125,380.401611328125,380.05042266845703,379.5546340942383,378.9988021850586,378.25221252441406,377.4191131591797,376.4400100708008,375.2571029663086,373.90233612060547,372.289794921875,370.49595642089844,368.4794464111328,366.2256774902344,363.6848907470703,360.8923034667969,357.8158874511719,354.4960632324219,350.9228820800781,347.1384735107422,343.0269317626953,338.72166442871094,334.2422332763672,329.57183837890625,324.6151885986328,319.5102081298828,314.3387756347656,308.9682159423828,303.70350646972656,298.1405334472656,292.37937927246094,286.5283203125,280.40557861328125,274.0559539794922,267.6553649902344,261.0998840332031,254.04673767089844,246.57913208007812,238.74514770507812,231.01272583007812,223.50491333007812,215.32754516601562,206.79541015625,197.902099609375,188.96728515625,179.64022827148438,170.10906982421875,160.39398193359375,150.462890625,140.6663818359375,130.6973876953125,120.68035888671875,110.89208984375,101.5546875,92.45559692382812,83.39434814453125,74.48025512695312,65.84555053710938,57.71966552734375,49.840667724609375,42.340484619140625,35.14508056640625,28.189849853515625,21.69378662109375,16.029388427734375,10.773651123046875,5.70269775390625,1.243865966796875,-2.7967529296875,-6.13720703125,-9.0855712890625,-11.19873046875,-12.65240478515625,-13.4561767578125,-13.5684814453125,-12.95135498046875,-11.3743896484375,-9.31134033203125,-6.180755615234375,-2.296173095703125,2.12176513671875,7.06536865234375,12.797821044921875,19.116119384765625,26.084716796875,33.33056640625,40.76007080078125,48.564544677734375,56.608673095703125,65.13681030273438,74.07400512695312,83.16806030273438,92.45333862304688,102.04983520507812,111.49642944335938,121.54034423828125,131.569580078125,141.681640625,151.89938354492188,162.26141357421875,172.76461791992188,183.25918579101562,193.81402587890625,204.0601806640625,213.94943237304688,224.00460815429688,233.79922485351562,243.02407836914062,251.96913146972656,260.7104034423828,268.7390594482422,276.6528778076172,284.16815185546875,291.2479248046875,297.94615173339844,304.36878967285156,310.4839630126953,316.18572998046875,321.4823913574219,326.47486877441406,331.30201721191406
"S330",422.2797317504883,423.8434371948242,425.36949920654297,426.80712127685547,428.0946502685547,429.3558120727539,430.4425811767578,431.4727096557617,432.3262176513672,433.06897735595703,433.7609634399414,434.34310150146484,434.88333892822266,435.3254623413086,435.5616149902344,435.7704849243164,435.92101287841797,435.9950408935547,436.01477432250977,435.9947967529297,435.93517303466797,435.8128356933594,435.6688995361328,435.46715545654297,435.23020935058594,434.8908157348633,434.49424743652344,434.0499801635742,433.4994125366211,432.8665466308594,432.10630798339844,431.2367401123047,430.2732391357422,429.20057678222656,427.96411895751953,426.5995178222656,425.07603454589844,423.4194564819336,421.62694549560547,419.7334213256836,417.666015625,415.4814758300781,413.22271728515625,410.79615020751953,408.26177978515625,405.6703338623047,402.98619842529297,400.1906051635742,397.43143463134766,390.8094253540039,391.5533752441406,377.91121673583984,350.11927795410156,343.3216247558594,339.4914245605469,323.6773223876953,341.18499755859375,329.0788879394531,296.9886779785156,320.0584411621094,322.8499755859375,327.0771026611328,293.553955078125,272.9567413330078,316.90562438964844,281.6227111816406,312.2655029296875,285.8574676513672,302.2475128173828,307.55487060546875,304.3233184814453,298.6382598876953,296.8258056640625,291.6982116699219,286.8114776611328,281.8303985595703,276.9241180419922,272.21649169921875,267.7207336425781,263.3289489746094,259.08839416503906,255.14010620117188,251.35276794433594,247.60797119140625,244.4024658203125,241.37600708007812,238.37295532226562,235.86734008789062,233.52349853515625,231.54855346679688,229.70089721679688,228.22479248046875,227.09259033203125,226.33151245117188,225.99008178710938,226.02081298828125,226.38131713867188,227.16165161132812,228.51068115234375,230.31951904296875,232.35739135742188,234.6800537109375,237.53170776367188,240.57192993164062,244.09169006347656,247.7503204345703,251.6132354736328,255.62149047851562,259.7544860839844,264.1499786376953,268.84580993652344,273.5809783935547,278.49583435058594,283.4424591064453,288.4641418457031,293.7206115722656,299.0049285888672,304.3558044433594,309.7532043457031,315.265380859375,320.84910583496094,326.53721618652344,332.2024230957031,337.73443603515625,343.05555725097656,348.57017517089844,353.9252166748047,359.02626037597656,363.95703125,368.7578582763672,373.2964324951172,377.6875762939453,381.8876724243164,385.86193084716797,389.60585021972656,382.97298431396484,388.67816162109375,399.7851333618164,402.7499465942383,405.51610565185547,408.22288513183594
"S331",380.4630661010742,382.8643569946289,385.2045364379883,387.40799713134766,389.3821563720703,391.31298065185547,392.9798126220703,394.5569152832031,395.8596878051758,396.99625396728516,398.05548095703125,398.942138671875,399.76637268066406,400.4405975341797,400.7966613769531,401.1121292114258,401.3372344970703,401.44300079345703,401.46600341796875,401.43099212646484,401.33363342285156,401.1393508911133,400.9112319946289,400.5951232910156,400.22521209716797,399.6981658935547,399.0787811279297,398.3891906738281,397.5375213623047,396.5571746826172,395.38257598876953,394.0381546020508,392.5484161376953,390.89308166503906,388.98545837402344,386.87670135498047,384.52613830566406,381.9696350097656,379.2030029296875,376.2823486328125,373.09361267089844,369.7212371826172,366.2364807128906,362.4906463623047,358.5758819580078,354.57688903808594,350.4319152832031,346.11058044433594,341.8464050292969,337.4021911621094,332.7634582519531,328.0653381347656,323.22560119628906,263.9682312011719,313.01734924316406,307.74778747558594,302.13995361328125,296.2367401123047,274.2743225097656,283.8537902832031,277.9351501464844,271.451171875,264.6272888183594,257.5691680908203,250.27935791015625,242.80596923828125,235.074951171875,227.20407104492188,219.00326538085938,211.0098876953125,202.637939453125,194.33731079101562,186.15362548828125,178.20904541015625,170.63815307617188,162.91082763671875,155.30242919921875,148.00369262695312,141.03036499023438,134.21615600585938,127.63040161132812,121.49459838867188,115.61880493164062,109.79953002929688,104.80419921875,100.09588623046875,95.41387939453125,91.50765991210938,87.85076904296875,84.76849365234375,81.87689208984375,79.54812622070312,77.75582885742188,76.53536987304688,75.97262573242188,75.98428344726562,76.49783325195312,77.67446899414062,79.72149658203125,82.4871826171875,85.60787963867188,89.17123413085938,93.56338500976562,98.23049926757812,103.65130615234375,109.2864990234375,115.23541259765625,121.41351318359375,127.78250122070312,134.55673217773438,141.80233764648438,149.1121826171875,156.70281982421875,164.34326171875,172.10623168945312,180.22872924804688,188.39501953125,196.66976928710938,205.01275634765625,213.5391845703125,222.183349609375,230.98171997070312,239.74880981445312,248.31031799316406,256.53936767578125,265.0842742919922,273.3789520263672,281.2833251953125,288.92279052734375,296.3560333251953,303.3920440673828,310.19781494140625,316.70501708984375,322.8600311279297,328.66448974609375,334.2007293701172,339.53387451171875,344.4422302246094,349.03668212890625,353.32237243652344,357.51734924316406
"S332",353.78753662109375,360.96397399902344,364.9486389160156,345.1179656982422,375.6085433959961,365.4954833984375,384.89295959472656,333.56858825683594,366.60447692871094,377.84412384033203,396.5353698730469,379.8257369995117,393.72804260253906,396.1713104248047,399.0547866821289,399.62803649902344,399.8414840698242,381.4249572753906,399.97747802734375,399.9506149291992,398.20751190185547,399.6450500488281,394.5622329711914,399.0910110473633,398.71510314941406,398.1781768798828,390.9088134765625,396.8408203125,395.97496032714844,394.9785919189453,393.7868881225586,392.4168930053711,377.42871856689453,389.22804260253906,387.29122161865234,385.15016174316406,382.76214599609375,380.16387939453125,377.3520202636719,374.38878631591797,371.15472412109375,364.9657287597656,337.92689514160156,325.96929931640625,319.37498474121094,322.69677734375,317.5521697998047,255.96002197265625,264.2270050048828,274.1752624511719,268.7745666503906,222.8829345703125,154.31964111328125,144.80596923828125,162.13497924804688,88.759765625,143.93167114257812,172.25271606445312,113.27633666992188,172.3697509765625,111.16949462890625,103.83636474609375,141.07192993164062,80.30087280273438,63.72589111328125,119.36337280273438,110.02923583984375,133.165283203125,121.23519897460938,145.85800170898438,154.95327758789062,129.63418579101562,122.61431884765625,173.34832763671875,132.45547485351562,110.43212890625,150.08999633789062,98.64773559570312,69.836669921875,118.36105346679688,95.45291137695312,54.869903564453125,106.97894287109375,86.99172973632812,23.74273681640625,84.56134033203125,89.21310424804688,85.2711181640625,51.177215576171875,78.45712280273438,75.51943969726562,63.706390380859375,71.29986572265625,70.05645751953125,69.50112915039062,69.52655029296875,59.191253662109375,50.033905029296875,70.46780395507812,34.2349853515625,79.2835693359375,49.63458251953125,65.58441162109375,92.07986450195312,81.03753662109375,54.667327880859375,88.83453369140625,45.57147216796875,33.2391357421875,39.499969482421875,75.38507080078125,64.4578857421875,50.88592529296875,95.385009765625,56.178955078125,36.4041748046875,47.175140380859375,98.42385864257812,28.65289306640625,179.658935546875,111.903564453125,126.24264526367188,155.09817504882812,121.84967041015625,159.17599487304688,195.27877807617188,176.63296508789062,144.8333740234375,177.07296752929688,219.45361328125,198.63626098632812,214.00820922851562,204.76431274414062,193.9603271484375,243.5770263671875,209.3206787109375,207.51412963867188,226.15365600585938,213.72250366210938,283.11260986328125,289.77394104003906
"S333",194.88861083984375,228.451904296875,200.78851318359375,218.5775146484375,255.01194763183594,288.19081115722656,247.87095642089844,228.84747314453125,216.0478515625,289.3768310546875,284.52183532714844,295.0934600830078,272.4664306640625,316.0800018310547,279.3068084716797,310.5233917236328,309.5153045654297,310.25860595703125,310.266845703125,320.2810974121094,300.7997741699219,313.845947265625,305.9978790283203,306.6074676513672,323.52081298828125,321.55125427246094,317.72999572753906,323.09649658203125,325.3813018798828,325.1465148925781,324.36260986328125,322.3563995361328,314.1801452636719,317.58204650878906,314.6647491455078,301.29100036621094,307.76585388183594,299.61376953125,299.4420623779297,278.11424255371094,251.5349884033203,280.982421875,275.32891845703125,250.9193572998047,121.3172607421875,202.41488647460938,56.476531982421875,-37.29302978515625,84.8787841796875,95.24908447265625,13.51885986328125,45.247589111328125,-0.393341064453125,-28.115478515625,-34.4288330078125,9.21441650390625,-25.26507568359375,1.17181396484375,-34.86212158203125,-63.87396240234375,-8.595367431640625,-51.6494140625,-100.68499755859375,-22.5396728515625,-59.99346923828125,-35.8331298828125,-106.1552734375,-128.33929443359375,-79.46026611328125,-80.801513671875,-119.5115966796875,-101.0904541015625,-88.7371826171875,-81.08734130859375,-67.1871337890625,-99.9327392578125,-74.6708984375,-113.00067138671875,-99.82232666015625,-111.8448486328125,-123.458251953125,-134.450927734375,-145.0404052734375,-155.36907958984375,-164.452392578125,-173.02215576171875,-181.5069580078125,-188.89239501953125,-195.851806640625,-201.89324951171875,-207.613525390625,-212.408203125,-216.34442138671875,-219.40777587890625,-221.4451904296875,-222.5390625,-222.654296875,-221.775634765625,-219.40447998046875,-215.814453125,-211.5028076171875,-206.37506103515625,-199.84881591796875,-192.65850830078125,-184.1844482421875,-175.2547607421875,-165.80487060546875,-155.84161376953125,-145.50994873046875,-134.40728759765625,-122.51226806640625,-110.438232421875,-97.9197998046875,-85.156005859375,-72.31573486328125,-58.7498779296875,-45.1070556640625,-31.25445556640625,-17.2333984375,-2.853607177734375,11.812042236328125,26.724029541015625,20.001495361328125,56.448272705078125,47.297454833984375,85.47406005859375,18.402679443359375,72.92529296875,42.925628662109375,52.913482666015625,93.7752685546875,29.59722900390625,123.35702514648438,87.30291748046875,78.94891357421875,92.13919067382812,145.04150390625,121.61770629882812,173.06365966796875,122.62283325195312,108.84136962890625
"S334",289.6135559082031,297.8336486816406,272.7186584472656,274.7557373046875,302.1347351074219,313.19224548339844,302.93202209472656,228.84747314453125,222.80709838867188,344.5439910888672,342.16310119628906,329.9021301269531,325.5776824951172,354.2488250732422,329.8603515625,336.9065246582031,366.24354553222656,352.6122283935547,337.3216552734375,360.40711975097656,335.0118408203125,346.6580810546875,366.15162658691406,356.52870178222656,355.8006896972656,368.3686981201172,348.0325622558594,357.73680114746094,381.3200225830078,368.2410430908203,364.66282653808594,373.1715545654297,351.72796630859375,345.6727294921875,360.1682586669922,339.9584503173828,358.45367431640625,326.56060791015625,318.51771545410156,303.85743713378906,251.5349884033203,307.4924011230469,295.4451904296875,253.79481506347656,121.3172607421875,210.17822265625,130.73001098632812,139.482177734375,115.69125366210938,115.17913818359375,13.51885986328125,45.247589111328125,4.0697021484375,-28.115478515625,-21.9024658203125,9.21441650390625,25.6309814453125,4.11474609375,-34.86212158203125,-63.87396240234375,-8.595367431640625,-51.6494140625,-100.68499755859375,-22.5396728515625,-51.69329833984375,-35.8331298828125,-97.72198486328125,-63.735107421875,-54.41705322265625,-77.8232421875,-119.5115966796875,-101.0904541015625,-73.49639892578125,-81.08734130859375,-67.1871337890625,-82.98297119140625,-50.18902587890625,-61.03900146484375,-73.4859619140625,-49.90557861328125,-22.68280029296875,-20.960693359375,-26.17523193359375,-43.67498779296875,-43.236328125,-23.722412109375,-37.15106201171875,1.281494140625,22.36285400390625,18.156829833984375,14.26837158203125,11.1131591796875,8.52410888671875,6.479400634765625,5.030853271484375,4.242828369140625,4.39349365234375,4.97503662109375,6.620880126953125,9.0272216796875,12.0345458984375,15.619476318359375,20.02117919921875,25.134490966796875,-10.445831298828125,-5.547119140625,43.561492919921875,50.42822265625,41.63775634765625,65.27102661132812,73.40286254882812,69.56414794921875,54.358062744140625,80.8736572265625,64.90521240234375,66.513427734375,84.86181640625,91.13931274414062,73.2275390625,106.6556396484375,161.1297607421875,112.11380004882812,72.19635009765625,147.740966796875,123.72732543945312,108.86251831054688,95.14312744140625,79.49685668945312,63.93560791015625,176.00259399414062,114.5030517578125,138.49569702148438,171.83071899414062,146.626708984375,184.62814331054688,147.0120849609375,213.42709350585938,184.36965942382812,253.7296142578125,195.91378784179688,190.76144409179688
"S335",289.6135559082031,297.8336486816406,272.7186584472656,274.7557373046875,302.1347351074219,313.19224548339844,302.93202209472656,228.84747314453125,222.80709838867188,331.21302795410156,332.90904235839844,329.9021301269531,325.5776824951172,336.7620544433594,329.8603515625,336.9065246582031,338.3004608154297,338.4728698730469,337.3216552734375,338.39808654785156,335.0118408203125,337.97894287109375,337.61907958984375,337.0751190185547,336.4615173339844,335.60528564453125,334.64308166503906,333.5051727294922,332.1129913330078,330.5046691894531,328.5658416748047,326.39764404296875,323.94590759277344,321.1904754638672,318.0603485107422,314.59271240234375,310.74827575683594,306.57501220703125,302.0581970214844,297.24842834472656,251.5349884033203,286.4443359375,280.6499786376953,253.79481506347656,121.3172607421875,210.17822265625,130.73001098632812,139.482177734375,115.69125366210938,115.17913818359375,-21.74749755859375,45.247589111328125,4.0697021484375,-28.115478515625,-21.9024658203125,9.21441650390625,25.6309814453125,4.11474609375,-34.86212158203125,-63.87396240234375,-8.595367431640625,-51.6494140625,-100.68499755859375,-22.5396728515625,-51.69329833984375,-35.8331298828125,-97.72198486328125,-63.735107421875,-54.41705322265625,-77.8232421875,-119.5115966796875,-109.5916748046875,-73.49639892578125,-81.08734130859375,-67.1871337890625,-82.98297119140625,-67.3487548828125,-79.48443603515625,-90.9761962890625,-102.14227294921875,-112.816650390625,-123.08343505859375,-133.025390625,-142.38311767578125,-150.6529541015625,-158.378662109375,-165.8919677734375,-172.60308837890625,-178.79473876953125,-184.0789794921875,-188.89794921875,-192.65869140625,-195.56097412109375,-197.62762451171875,-198.7718505859375,-198.95166015625,-197.86041259765625,-196.0733642578125,-192.81634521484375,-188.4827880859375,-183.3746337890625,-177.49884033203125,-170.47161865234375,-162.602294921875,-153.7486572265625,-144.46575927734375,-134.875732421875,-124.73150634765625,-114.24029541015625,-103.0350341796875,-91.224609375,-79.18695068359375,-66.86114501953125,-54.09307861328125,-41.5147705078125,-28.096923828125,-14.67083740234375,-1.093017578125,12.66265869140625,26.681396484375,40.9583740234375,55.2886962890625,69.77566528320312,83.90060424804688,97.57778930664062,108.86251831054688,95.14312744140625,79.49685668945312,63.93560791015625,163.292236328125,114.5030517578125,138.49569702148438,171.83071899414062,146.626708984375,184.62814331054688,147.0120849609375,213.42709350585938,184.36965942382812,250.24574279785156,195.91378784179688,190.76144409179688
"S336",306.43641662597656,310.3379669189453,314.0954132080078,317.6410217285156,320.8521270751953,323.9584655761719,326.31549072265625,329.1890106201172,331.29371643066406,333.1433868408203,334.83665466308594,336.27406311035156,337.5798034667969,338.6539306640625,339.25537109375,339.7541809082031,340.11534118652344,340.2779541015625,340.32061767578125,340.22337341308594,340.07948303222656,339.763916015625,339.3935241699219,338.86473083496094,338.2570037841797,337.40150451660156,336.41119384765625,335.2847595214844,333.902099609375,332.30670166015625,330.3932800292969,328.2238311767578,325.79901123046875,323.0947570800781,319.99790954589844,316.5679016113281,312.75718688964844,308.61537170410156,304.13250732421875,299.3844909667969,294.1966094970703,288.7158660888672,283.02655029296875,276.9734344482422,270.5876007080078,264.03338623046875,257.2909698486328,250.2574920654297,234.54891967773438,236.06988525390625,228.515380859375,220.85739135742188,212.92303466796875,204.57650756835938,196.27438354492188,187.71261596679688,178.564453125,168.91375732421875,158.72418212890625,148.738525390625,139.06320190429688,128.47048950195312,117.35919189453125,105.80691528320312,93.98275756835938,81.76864624023438,69.16574096679688,56.308258056640625,42.974273681640625,29.889404296875,16.3115234375,2.771148681640625,-10.56939697265625,-23.46282958984375,-35.88671875,-48.47161865234375,-60.8663330078125,-72.819091796875,-84.19873046875,-95.2939453125,-105.9739990234375,-116.06427001953125,-125.7635498046875,-135.1727294921875,-143.3641357421875,-151.0477294921875,-158.62713623046875,-165.137451171875,-171.19671630859375,-176.33258056640625,-181.10028076171875,-184.90802001953125,-187.84814453125,-189.904052734375,-190.9478759765625,-191.0498046875,-190.1549072265625,-188.33349609375,-185.0887451171875,-180.711181640625,-175.67437744140625,-169.898193359375,-162.8515625,-155.20989990234375,-146.4371337890625,-137.2833251953125,-127.70947265625,-117.68341064453125,-107.33453369140625,-96.30694580078125,-84.576904296875,-72.68756103515625,-60.41156005859375,-47.901611328125,-35.350830078125,-22.1138916015625,-8.831787109375,4.62127685546875,18.209259033203125,32.0855712890625,46.188079833984375,60.449493408203125,74.75216674804688,88.71060180664062,102.16339111328125,116.06707763671875,129.60784912109375,142.4774169921875,154.9542236328125,167.12960815429688,178.53948974609375,189.67239379882812,200.29342651367188,210.32711791992188,219.816162109375,228.89013671875,237.58123779296875,245.61343383789062,253.11114501953125,251.76388549804688,251.6929168701172
"S337",320.34449768066406,332.7728271484375,336.2664031982422,339.38226318359375,342.2436218261719,344.9784393310547,326.31549072265625,349.58966064453125,351.46343994140625,353.1188201904297,354.5970764160156,342.15191650390625,357.0203857421875,357.96031188964844,358.5384216308594,358.9784240722656,359.3091278076172,359.4630432128906,359.5261993408203,359.4030456542969,359.30755615234375,359.0443420410156,358.73443603515625,358.26353454589844,357.7320251464844,356.9892272949219,356.15667724609375,355.169189453125,353.9597930908203,352.56324768066406,350.8781433105469,348.99456787109375,346.86424255371094,344.46824645996094,341.74659729003906,338.73304748535156,335.39048767089844,331.7623596191406,327.83570861816406,323.65313720703125,319.077880859375,314.25917053222656,309.2202453613281,303.93939208984375,298.3026123046875,292.47003173828125,285.04078674316406,280.3564910888672,234.54891967773438,252.32354736328125,261.21495056152344,232.026123046875,241.5985107421875,240.12551879882812,227.305908203125,213.4024658203125,217.2271728515625,208.71395874023438,199.78854370117188,190.98150634765625,182.4244384765625,173.09170532226562,163.33392333984375,153.12786865234375,142.83059692382812,132.05288696289062,120.98236083984375,109.64913940429688,97.99990844726562,82.36676025390625,73.45675659179688,62.7193603515625,51.006500244140625,39.7674560546875,28.771148681640625,17.773162841796875,6.92962646484375,-3.6065673828125,-13.581298828125,-23.27166748046875,-32.53118896484375,-41.43865966796875,-50.07000732421875,-58.18499755859375,-65.3524169921875,-72.05120849609375,-78.559326171875,-84.377685546875,-89.74334716796875,-94.322998046875,-98.4940185546875,-101.7388916015625,-104.24029541015625,-106.015625,-106.9949951171875,-107.1357421875,-106.16448974609375,-104.59869384765625,-101.7510986328125,-97.97259521484375,-93.5198974609375,-88.4010009765625,-82.28863525390625,-75.433349609375,-67.73077392578125,-59.6544189453125,-51.3118896484375,-42.48846435546875,-33.3624267578125,-23.615234375,-13.346923828125,-2.8818359375,7.830780029296875,18.930328369140625,29.858673095703125,41.520172119140625,53.187957763671875,64.9847412109375,76.9383544921875,89.11737060546875,101.51785278320312,113.966552734375,126.551025390625,138.82058715820312,150.7049560546875,162.86636352539062,174.771240234375,186.03692626953125,197.00796508789062,207.76898193359375,217.693603515625,227.49777221679688,236.82965087890625,245.6364288330078,253.98114013671875,261.9785461425781,269.59190368652344,276.6825714111328,283.2657775878906,251.76388549804688,278.47727966308594
"S338",323.25718688964844,327.9183807373047,324.5237121582031,266.68975830078125,317.06422424316406,323.1073455810547,306.35072326660156,352.18983459472656,331.0727233886719,353.2903594970703,364.23358154296875,352.47149658203125,357.2125244140625,361.3415985107422,343.89857482910156,364.0537567138672,368.59938049316406,356.51820373535156,368.7780303955078,368.7000274658203,362.6416778564453,368.3300476074219,368.0298309326172,367.5984191894531,367.10205078125,366.4018249511719,365.59385681152344,364.67149353027344,363.5376434326172,362.2301483154297,360.66001892089844,358.88079833984375,356.8917541503906,354.67124938964844,352.1284637451172,349.31422424316406,346.18548583984375,342.78533935546875,339.10540771484375,335.20631408691406,330.94581604003906,326.4468536376953,308.23870849609375,316.80653381347656,292.4999694824219,248.20358276367188,261.8974609375,217.56826782226562,176.794921875,126.16616821289062,88.48809814453125,84.40176391601562,96.6307373046875,0.41851806640625,118.95602416992188,74.18115234375,62.491363525390625,60.617919921875,30.732513427734375,61.037445068359375,63.193939208984375,69.81964111328125,45.436920166015625,83.30670166015625,96.81134033203125,101.02218627929688,111.70819091796875,42.9400634765625,37.896148681640625,-82.57293701171875,49.4029541015625,-23.746337890625,81.00704956054688,70.44223022460938,43.570556640625,49.95220947265625,9.19287109375,-34.2730712890625,-57.6766357421875,-77.6787109375,-11.298492431640625,-5.400543212890625,-13.34661865234375,-21.04473876953125,-27.739990234375,-34.0244140625,-40.2158203125,-45.53851318359375,-50.48968505859375,-54.68646240234375,-58.57611083984375,-61.669921875,-64.05517578125,-65.7147216796875,-66.55108642578125,-66.614013671875,-65.8504638671875,-64.3389892578125,-61.65399169921875,-58.04559326171875,-53.8953857421875,-49.13983154296875,-43.35064697265625,-37.05975341796875,-29.85089111328125,-22.32861328125,-14.46209716796875,-6.22601318359375,2.276336669921875,11.336334228515625,20.96661376953125,30.7264404296875,40.80023193359375,51.068450927734375,61.362823486328125,72.22433471679688,57.966796875,94.15597534179688,102.47454833984375,114.2403564453125,128.24533081054688,139.9403076171875,151.66815185546875,163.11318969726562,162.89730834960938,185.54132080078125,196.63967895507812,207.18524169921875,217.41043090820312,227.3924560546875,236.73895263671875,245.8615264892578,249.63436889648438,233.05230712890625,252.4739990234375,176.70822143554688,207.14825439453125,261.9734649658203,264.8749694824219,177.90847778320312,298.908447265625
"S339",323.25718688964844,327.9183807373047,324.5237121582031,279.83677673339844,317.06422424316406,324.80296325683594,308.3559875488281,352.18983459472656,305.92298889160156,353.2903594970703,357.8988037109375,352.47149658203125,357.2125244140625,360.71018981933594,343.89857482910156,361.4483642578125,361.6545867919922,356.51820373535156,361.65602111816406,361.4252624511719,361.2360534667969,360.8766784667969,360.4671936035156,359.886474609375,359.2376251220703,358.3682861328125,357.40074157714844,356.2593231201172,354.88233947753906,353.30433654785156,351.4261169433594,349.3406066894531,346.9920349121094,344.3656311035156,341.40855407714844,338.1566619873047,334.5772399902344,330.71510314941406,326.5579833984375,322.15228271484375,317.36492919921875,312.3527526855469,307.13287353515625,301.7024688720703,295.9268493652344,199.47238159179688,232.71759033203125,175.07073974609375,179.21151733398438,137.64923095703125,139.25051879882812,146.4774169921875,28.272369384765625,91.86337280273438,80.15679931640625,110.2552490234375,86.69198608398438,57.896759033203125,-14.81182861328125,32.021514892578125,50.63824462890625,44.799713134765625,27.785308837890625,95.78451538085938,91.6199951171875,77.85137939453125,72.69271850585938,50.747589111328125,34.191986083984375,24.224609375,69.9434814453125,31.16033935546875,46.86126708984375,35.990264892578125,25.369140625,14.80950927734375,4.421051025390625,-5.654144287109375,-16.6607666015625,-43.89300537109375,-33.0419921875,-41.447998046875,-49.57940673828125,-57.13751220703125,-63.75262451171875,-69.8824462890625,-75.78607177734375,-81.01434326171875,-85.74658203125,-89.6650390625,-93.115966796875,-95.58685302734375,-97.28997802734375,-98.24560546875,-98.40618896484375,-97.71575927734375,-95.87261962890625,-93.49176025390625,-89.86712646484375,-85.37060546875,-80.236572265625,-74.48626708984375,-67.83099365234375,-60.466552734375,-52.3619384765625,-43.92803955078125,-35.2982177734375,-26.2156982421875,-16.8516845703125,-6.92022705078125,3.475799560546875,14.06561279296875,24.865081787109375,36.05682373046875,37.4698486328125,58.74603271484375,70.42605590820312,82.20220947265625,57.809295654296875,106.17581176757812,118.41799926757812,130.63137817382812,142.93325805664062,154.8736572265625,150.52688598632812,178.11834716796875,189.53665161132812,200.28469848632812,210.71401977539062,220.911865234375,230.257568359375,239.48812866210938,248.24908447265625,248.09703063964844,263.6660919189453,173.20327758789062,173.44113159179688,285.06910705566406,264.8749694824219,219.600830078125,298.908447265625
"S340",323.25718688964844,333.97044372558594,331.46575927734375,335.2531433105469,316.6080627441406,334.7272186279297,327.59674072265625,352.18983459472656,329.2009735107422,353.2903594970703,357.8988037109375,352.47149658203125,357.2125244140625,360.71018981933594,339.2833557128906,361.4483642578125,361.6545867919922,356.51820373535156,361.65602111816406,361.4252624511719,358.6943359375,360.8766784667969,360.4671936035156,359.886474609375,359.2376251220703,358.3682861328125,357.40074157714844,356.2593231201172,354.88233947753906,353.30433654785156,351.4261169433594,349.3406066894531,346.9920349121094,344.3656311035156,341.40855407714844,338.1566619873047,334.5772399902344,330.71510314941406,326.5579833984375,322.15228271484375,317.36492919921875,312.3527526855469,307.13287353515625,301.7024688720703,295.9268493652344,229.82571411132812,265.12525939941406,224.07015991210938,223.2962646484375,182.58349609375,153.17388916015625,166.47738647460938,72.8447265625,139.8487548828125,112.22320556640625,145.95877075195312,115.494140625,95.47958374023438,85.13644409179688,101.17523193359375,107.281494140625,82.722900390625,66.35043334960938,126.49334716796875,125.87136840820312,109.95864868164062,106.7705078125,90.16033935546875,37.228363037109375,81.5484619140625,69.9434814453125,58.26861572265625,46.86126708984375,35.990264892578125,25.369140625,14.80950927734375,4.421051025390625,-5.654144287109375,-15.12811279296875,-24.30963134765625,-33.0419921875,-41.447998046875,-49.57940673828125,-57.13751220703125,-63.75262451171875,-69.8824462890625,-75.78607177734375,-81.01434326171875,-85.74658203125,-89.6650390625,-93.115966796875,-95.58685302734375,-97.28997802734375,-98.24560546875,-98.40618896484375,-97.71575927734375,-95.87261962890625,-93.49176025390625,-89.86712646484375,-85.37060546875,-80.236572265625,-74.48626708984375,-67.83099365234375,-60.466552734375,-52.3619384765625,-43.92803955078125,-35.2982177734375,-26.2156982421875,-16.8516845703125,-6.92022705078125,3.475799560546875,14.06561279296875,14.652313232421875,36.05682373046875,26.390869140625,58.74603271484375,70.42605590820312,82.20220947265625,94.10565185546875,106.17581176757812,118.41799926757812,130.63137817382812,142.93325805664062,154.8736572265625,166.40457153320312,178.11834716796875,189.53665161132812,200.28469848632812,210.71401977539062,220.911865234375,230.257568359375,239.48812866210938,248.24908447265625,256.4996795654297,264.31153869628906,247.75396728515625,236.84039306640625,285.58387756347656,280.86676025390625,277.9106903076172,298.908447265625
"S341",313.1780090332031,339.6271209716797,332.7306671142578,335.2531433105469,321.0577850341797,334.7272186279297,327.59674072265625,338.72108459472656,334.720703125,330.7323455810547,337.3605041503906,345.0436706542969,332.80235290527344,348.9470520019531,332.03370666503906,350.8091583251953,351.794921875,368.68646240234375,358.8875427246094,369.3321533203125,368.1273956298828,355.5701904296875,369.54156494140625,368.5635528564453,374.64110565185547,375.44427490234375,374.9637908935547,374.1060791015625,373.047607421875,371.82875061035156,370.37242126464844,368.698486328125,366.84962463378906,364.80177307128906,362.4366455078125,359.82012939453125,356.9041442871094,353.73121643066406,350.2972717285156,346.6788635253906,342.7296600341797,338.5478515625,334.2368621826172,329.5820617675781,324.7319793701172,283.24456787109375,280.81304931640625,229.32965087890625,231.9381103515625,198.98846435546875,169.66030883789062,172.76559448242188,125.11935424804688,139.8487548828125,121.34457397460938,145.95877075195312,115.494140625,97.8023681640625,89.77597045898438,101.17523193359375,107.281494140625,82.722900390625,83.3896484375,126.49334716796875,125.87136840820312,109.95864868164062,106.7705078125,90.16033935546875,37.228363037109375,83.71417236328125,115.2620849609375,70.2152099609375,95.71298217773438,83.49273681640625,69.57666015625,81.85916137695312,72.39389038085938,59.76043701171875,54.662628173828125,46.036041259765625,37.96112060546875,-4.001251220703125,-38.27410888671875,15.791046142578125,9.564178466796875,3.693511962890625,-2.173919677734375,-7.01416015625,-11.55908203125,-15.382568359375,-18.99334716796875,-21.931884765625,-24.1976318359375,-25.7421875,-26.44317626953125,-26.4345703125,-25.864990234375,-24.4114990234375,-21.89019775390625,-18.45721435546875,-14.6064453125,-10.2091064453125,-4.74774169921875,0.992645263671875,7.7105712890625,14.68475341796875,22.0723876953125,29.726318359375,37.611419677734375,45.993011474609375,54.98675537109375,-5.889617919921875,-17.21435546875,82.93368530273438,47.2176513671875,102.66162109375,112.79470825195312,123.0704345703125,118.31680297851562,144.00634765625,154.7373046875,149.01559448242188,176.55813598632812,187.18621826171875,190.90802001953125,205.26934814453125,206.7281494140625,191.3729248046875,237.62667846679688,237.56765747070312,255.60752868652344,264.0566711425781,260.56883239746094,279.26312255859375,286.99493408203125,247.75396728515625,236.84039306640625,305.83489990234375,280.86676025390625,277.9106903076172,293.920654296875
"S342",311.9777374267578,339.6271209716797,332.7306671142578,335.2531433105469,321.0577850341797,334.7272186279297,327.59674072265625,338.72108459472656,334.720703125,330.7323455810547,337.3605041503906,345.0436706542969,332.80235290527344,353.32740783691406,332.03370666503906,350.8091583251953,351.794921875,368.68646240234375,358.8875427246094,369.3321533203125,368.1273956298828,355.5701904296875,369.54156494140625,368.5635528564453,374.64110565185547,375.44427490234375,377.97916412353516,378.04198455810547,385.83494567871094,378.19007873535156,385.6197280883789,389.70995330810547,395.52632904052734,397.61522674560547,389.56837463378906,392.36986541748047,392.68983459472656,387.6317901611328,384.30474853515625,380.64710235595703,369.21131896972656,367.75843811035156,354.1013488769531,360.94818115234375,341.5367736816406,283.24456787109375,280.81304931640625,229.32965087890625,231.9381103515625,198.98846435546875,169.66030883789062,172.76559448242188,128.74935913085938,139.8487548828125,121.34457397460938,145.95877075195312,115.494140625,97.8023681640625,89.77597045898438,101.17523193359375,112.502197265625,82.722900390625,89.972900390625,126.49334716796875,125.87136840820312,114.60714721679688,106.7705078125,90.16033935546875,63.0057373046875,83.71417236328125,115.2620849609375,70.2152099609375,95.71298217773438,83.49273681640625,69.57666015625,87.01785278320312,89.48568725585938,59.76043701171875,58.238128662109375,46.036041259765625,65.94027709960938,-4.199005126953125,-38.27410888671875,31.483154296875,48.22900390625,34.463531494140625,1.231689453125,57.70672607421875,71.42843627929688,40.6485595703125,9.852020263671875,34.59979248046875,33.283172607421875,42.382171630859375,0.74725341796875,32.89752197265625,38.003692626953125,61.732177734375,108.191162109375,53.241729736328125,79.55154418945312,53.633148193359375,63.6885986328125,86.21469116210938,54.84979248046875,63.60455322265625,94.79336547851562,59.905548095703125,38.246734619140625,47.82171630859375,114.53082275390625,41.40771484375,17.0484619140625,99.78091430664062,65.30282592773438,132.11517333984375,115.06253051757812,125.80795288085938,118.31680297851562,164.17080688476562,154.1473388671875,149.01559448242188,176.8685302734375,203.25192260742188,190.90802001953125,205.26934814453125,206.7281494140625,191.3729248046875,267.0323486328125,237.56765747070312,262.64427185058594,274.39039611816406,260.56883239746094,279.26312255859375,287.83470153808594,247.75396728515625,236.84039306640625,305.83489990234375,280.86676025390625,277.9106903076172,293.920654296875
"S343",310.5527038574219,339.6271209716797,332.7306671142578,334.59385681152344,321.0577850341797,311.0525817871094,318.5498962402344,338.72108459472656,334.720703125,330.7323455810547,337.3605041503906,345.0436706542969,332.80235290527344,353.32740783691406,332.03370666503906,350.8091583251953,351.794921875,368.68646240234375,358.8875427246094,369.3321533203125,368.1273956298828,355.5701904296875,369.54156494140625,368.5635528564453,374.64110565185547,375.44427490234375,377.97916412353516,378.04198455810547,385.83494567871094,378.19007873535156,385.6197280883789,389.70995330810547,395.52632904052734,397.61522674560547,381.9642105102539,392.36986541748047,392.68983459472656,387.6317901611328,384.30474853515625,379.8723907470703,369.21131896972656,358.8308868408203,346.76271057128906,344.9620666503906,341.5367736816406,283.24456787109375,280.81304931640625,229.32965087890625,231.9381103515625,198.98846435546875,169.66030883789062,172.76559448242188,128.74935913085938,123.00198364257812,121.34457397460938,129.31961059570312,110.295654296875,97.8023681640625,89.77597045898438,80.76254272460938,112.502197265625,75.5679931640625,89.972900390625,109.03665161132812,104.28765869140625,114.60714721679688,90.87518310546875,67.23052978515625,63.0057373046875,48.948699951171875,39.795501708984375,60.4398193359375,95.71298217773438,77.32095336914062,62.8095703125,51.677825927734375,61.430572509765625,42.706756591796875,41.891387939453125,29.480072021484375,55.921417236328125,-34.8043212890625,-38.27410888671875,31.483154296875,48.22900390625,34.463531494140625,1.231689453125,52.2525634765625,37.057647705078125,40.6485595703125,9.852020263671875,34.59979248046875,33.283172607421875,29.64764404296875,0.74725341796875,-12.20660400390625,38.003692626953125,61.732177734375,43.13861083984375,52.24273681640625,26.01873779296875,53.633148193359375,41.558074951171875,62.05377197265625,47.323150634765625,63.60455322265625,94.79336547851562,3.87908935546875,0.943634033203125,21.5728759765625,41.22296142578125,41.40771484375,17.0484619140625,99.78091430664062,65.30282592773438,108.15072631835938,92.48629760742188,63.54119873046875,110.30126953125,148.91693115234375,131.20053100585938,131.8507080078125,173.73709106445312,179.18215942382812,188.0882568359375,192.6925048828125,137.70733642578125,188.49258422851562,249.6180419921875,221.81866455078125,239.87136840820312,231.52163696289062,184.43972778320312,238.77911376953125,204.56167602539062,213.58197021484375,226.78875732421875,279.6488494873047,255.0064697265625,268.7221221923828,266.87940979003906
"S344",237.64215087890625,272.4873962402344,273.8429412841797,257.7588806152344,316.58567810058594,303.1082000732422,316.76824951171875,325.9166717529297,315.98146057128906,325.01318359375,353.6350555419922,336.9868927001953,343.6398620605469,362.62408447265625,347.5300598144531,356.60218811035156,370.7421875,341.2128601074219,359.9433135986328,365.54930114746094,346.3619384765625,353.5149688720703,356.18601989746094,355.3932189941406,361.59149169921875,367.72291564941406,351.22166442871094,358.9484100341797,370.299072265625,350.63209533691406,372.33250427246094,367.86680603027344,355.35435485839844,366.30799865722656,363.87353515625,352.4232482910156,357.11480712890625,349.6454315185547,345.96192932128906,343.7156677246094,349.6637725830078,319.8053283691406,325.77183532714844,305.165283203125,298.4890594482422,262.3087615966797,276.1651153564453,196.2552490234375,191.22283935546875,139.85842895507812,163.6776123046875,162.81381225585938,128.74935913085938,93.74169921875,91.3011474609375,108.01416015625,29.081390380859375,46.68255615234375,62.266326904296875,66.10543823242188,112.502197265625,15.19354248046875,89.972900390625,78.7265625,72.71075439453125,114.60714721679688,80.9825439453125,54.182403564453125,63.0057373046875,48.948699951171875,24.591766357421875,53.23187255859375,89.81259155273438,77.32095336914062,44.70208740234375,8.682647705078125,39.5220947265625,-7.874237060546875,35.829864501953125,-45.72076416015625,-17.19287109375,-91.600341796875,-85.6165771484375,17.890869140625,-34.78900146484375,16.234527587890625,-20.3079833984375,46.0660400390625,-24.28472900390625,40.6485595703125,9.852020263671875,34.59979248046875,27.74462890625,4.607696533203125,-34.9541015625,-61.9195556640625,38.003692626953125,61.732177734375,-62.80938720703125,33.233795166015625,26.01873779296875,53.633148193359375,28.59521484375,39.512054443359375,47.323150634765625,63.60455322265625,94.79336547851562,1.705352783203125,-10.341064453125,-31.7901611328125,-97.6253662109375,41.40771484375,17.0484619140625,64.49526977539062,65.30282592773438,55.988616943359375,28.53302001953125,63.54119873046875,0.59625244140625,7.991546630859375,85.99368286132812,36.247344970703125,94.6890869140625,50.6917724609375,92.91561889648438,97.70474243164062,3.185821533203125,131.61154174804688,89.80661010742188,110.95196533203125,117.39987182617188,98.5513916015625,46.180389404296875,112.21542358398438,55.5552978515625,110.76589965820312,151.252197265625,117.543212890625,138.12045288085938,87.61114501953125,128.37423706054688
"S345",228.67034912109375,272.4873962402344,260.12098693847656,249.72146606445312,310.8743438720703,295.2048034667969,316.76824951171875,325.9166717529297,293.8297119140625,325.01318359375,353.6350555419922,336.9868927001953,343.6398620605469,362.62408447265625,347.5300598144531,356.60218811035156,370.7421875,341.2128601074219,359.9433135986328,365.54930114746094,343.3196258544922,353.5149688720703,356.18601989746094,355.3932189941406,361.59149169921875,367.72291564941406,351.22166442871094,358.9484100341797,358.59942626953125,350.63209533691406,348.66041564941406,365.4556427001953,355.35435485839844,357.1129150390625,363.87353515625,345.0233917236328,337.7344207763672,348.35044860839844,345.96192932128906,325.8085479736328,323.0078430175781,308.3934783935547,308.19261169433594,305.165283203125,269.9471740722656,236.60971069335938,237.868408203125,174.17141723632812,157.5213623046875,111.86178588867188,139.00906372070312,83.41561889648438,94.31399536132812,14.16070556640625,-30.32696533203125,15.914215087890625,4.797637939453125,21.92657470703125,33.648773193359375,24.1475830078125,77.10488891601562,-25.7159423828125,39.97796630859375,30.580810546875,14.685546875,59.198822021484375,8.14984130859375,2.551910400390625,1.44403076171875,-14.39971923828125,-44.59906005859375,14.38970947265625,47.88641357421875,-1.343994140625,20.221343994140625,-11.284454345703125,2.5625,-25.10760498046875,-15.40313720703125,-99.40264892578125,-62.43414306640625,-141.113037109375,-130.828369140625,-26.9371337890625,-51.05804443359375,-54.609619140625,-69.6583251953125,-124.95599365234375,-129.83416748046875,16.405487060546875,-119.88604736328125,-7.199737548828125,-8.796173095703125,-71.86505126953125,-55.9398193359375,-100.9052734375,-33.92340087890625,-30.8463134765625,-95.93841552734375,-23.36419677734375,-107.59521484375,-49.2650146484375,-67.28955078125,-67.856201171875,-66.80340576171875,-66.095458984375,10.843017578125,-81.5552978515625,-55.88336181640625,-97.92919921875,-97.6253662109375,-27.55877685546875,-44.3299560546875,-0.396575927734375,0.68585205078125,-45.368408203125,-29.974609375,4.8426513671875,-56.51470947265625,-33.66619873046875,44.880615234375,-15.72705078125,4.794219970703125,40.9300537109375,43.77520751953125,40.949249267578125,-5.9764404296875,84.77337646484375,54.65020751953125,66.45468139648438,15.360687255859375,27.55462646484375,39.633270263671875,98.80859375,37.068572998046875,104.4163818359375,111.73870849609375,107.21182250976562,138.12045288085938,87.61114501953125,128.37423706054688
"S346",124.43463134765625,272.4873962402344,249.1221466064453,243.14730834960938,310.8743438720703,295.2048034667969,316.76824951171875,325.9166717529297,293.8297119140625,325.01318359375,353.6350555419922,336.9868927001953,343.6398620605469,362.62408447265625,347.5300598144531,356.60218811035156,370.7421875,341.2128601074219,359.9433135986328,365.54930114746094,343.3196258544922,353.5149688720703,356.18601989746094,355.3932189941406,361.59149169921875,367.72291564941406,351.22166442871094,358.9484100341797,358.59942626953125,350.63209533691406,347.27783203125,365.4556427001953,355.35435485839844,357.1129150390625,363.87353515625,345.0233917236328,331.8087615966797,348.35044860839844,345.96192932128906,320.99473571777344,323.0078430175781,274.7530517578125,297.0480194091797,305.165283203125,269.9471740722656,230.96505737304688,234.19192504882812,49.33331298828125,150.09494018554688,96.19244384765625,108.19815063476562,83.41561889648438,65.530517578125,14.16070556640625,-30.32696533203125,-86.435302734375,-59.3878173828125,-35.78887939453125,-119.92510986328125,-130.49609375,-96.404541015625,-174.307373046875,-135.638916015625,-119.68743896484375,-177.37896728515625,-113.26470947265625,-179.51007080078125,-199.75762939453125,-134.77667236328125,-138.58758544921875,-141.0238037109375,-101.63275146484375,-155.931640625,-191.895263671875,-218.3541259765625,-195.68408203125,-163.9315185546875,-221.85577392578125,-248.9556884765625,-250.0311279296875,-272.90972900390625,-255.01171875,-273.65460205078125,-225.81158447265625,-272.797119140625,-300.81304931640625,-224.9263916015625,-241.70245361328125,-231.38946533203125,-198.33489990234375,-212.29815673828125,-238.57232666015625,-278.7144775390625,-251.8812255859375,-134.57952880859375,-181.05450439453125,-174.57525634765625,-173.0081787109375,-250.04449462890625,-187.75103759765625,-136.279052734375,-162.07611083984375,-195.35406494140625,-106.18280029296875,-124.53961181640625,-197.74456787109375,-92.15948486328125,-164.115478515625,-250.6973876953125,-142.14715576171875,-97.6253662109375,-92.35693359375,-221.9832763671875,-176.51763916015625,-151.19427490234375,-45.368408203125,-103.47552490234375,-88.19256591796875,-96.51416015625,-93.07867431640625,-49.81549072265625,-91.477783203125,-2.34442138671875,-33.57794189453125,-34.82611083984375,4.072296142578125,-5.9764404296875,29.4844970703125,46.11737060546875,23.263092041015625,15.360687255859375,-16.758544921875,39.633270263671875,98.80859375,68.74740600585938,104.4163818359375,111.73870849609375,107.21182250976562,138.12045288085938,87.61114501953125,128.37423706054688
"S347",268.8102264404297,265.26158142089844,218.83914184570312,256.9273681640625,274.7861785888672,280.2733154296875,304.3690490722656,300.0128631591797,310.8890380859375,314.44187927246094,323.12982177734375,304.86106872558594,325.08485412597656,307.2890167236328,298.7408752441406,318.6297149658203,321.92311096191406,322.9518127441406,333.3638000488281,336.7689666748047,337.9243927001953,332.31935119628906,336.7759552001953,327.34375,331.23353576660156,336.05316162109375,344.377197265625,343.7694549560547,342.51226806640625,338.1581268310547,341.7593231201172,344.44224548339844,336.9386901855469,336.3888397216797,321.9252014160156,337.1937255859375,297.44032287597656,348.0919952392578,315.2681121826172,285.0540466308594,303.9774475097656,271.62171936035156,250.189697265625,169.10848999023438,210.56893920898438,220.180908203125,101.20761108398438,116.38470458984375,40.111297607421875,-5.034942626953125,-27.37286376953125,-198.317626953125,-269.83807373046875,-304.980712890625,-287.98419189453125,-462.78240966796875,-409.28253173828125,-452.8590087890625,-428.83154296875,-414.31524658203125,-505.83221435546875,-490.5091552734375,-444.6058349609375,-452.55712890625,-540.5628662109375,-496.37939453125,-476.8336181640625,-570.731201171875,-507.9859619140625,-592.2559814453125,-586.7392578125,-543.29296875,-575.815673828125,-576.33984375,-579.7384033203125,-779.767333984375,-573.58984375,-783.98583984375,-737.458984375,-572.891845703125,-551.767333984375,-720.6326904296875,-565.510986328125,-690.35498046875,-714.6663818359375,-752.3380126953125,-696.833251953125,-630.9779052734375,-740.2020263671875,-699.1055908203125,-772.4619140625,-606.6669921875,-480.22149658203125,-526.1427001953125,-417.0975341796875,-489.7197265625,-668.69482421875,-519.3320922851562,-521.4940185546875,-469.58087158203125,-517.471435546875,-524.4210205078125,-549.1270751953125,-379.576416015625,-448.2056884765625,-432.1533203125,-416.2205810546875,-351.67620849609375,-356.792724609375,-428.98992919921875,-448.661376953125,-396.92852783203125,-333.107666015625,-325.7315673828125,-406.60052490234375,-301.93463134765625,-182.63580322265625,-213.796875,-209.375732421875,-215.4097900390625,-162.74090576171875,-108.06158447265625,-181.1119384765625,-64.842041015625,-49.77435302734375,4.072296142578125,-27.706787109375,13.899658203125,-18.5501708984375,0.794219970703125,36.622833251953125,-16.758544921875,96.18511962890625,80.58419799804688,70.37295532226562,124.46749877929688,115.84600830078125,102.32839965820312,121.5230712890625,71.22161865234375,121.07815551757812
"S348",413.6928176879883,415.38108825683594,417.0102005004883,418.5362548828125,419.89674377441406,421.215087890625,422.33846282958984,423.39759063720703,424.2606658935547,425.00337982177734,425.68558502197266,426.2533187866211,426.7718276977539,427.1864242553711,427.3856430053711,389.5904769897461,427.65846252441406,427.68302154541016,427.65208435058594,427.56822967529297,427.4519729614258,427.2607955932617,427.0429916381836,426.7518844604492,426.4173278808594,425.9611282348633,425.4360809326172,424.8442840576172,424.1240692138672,423.3015670776367,422.32654571533203,421.2231750488281,420.00145721435547,418.6471710205078,417.1038131713867,415.41085052490234,413.53746795654297,411.51293182373047,409.33409881591797,407.04186248779297,404.55528259277344,401.94412994384766,399.2522888183594,396.38895416259766,393.4022903442383,390.3568115234375,387.2249526977539,383.9730911254883,380.7740020751953,377.4318084716797,355.0576629638672,346.92112731933594,304.9340057373047,280.9554748535156,234.86553955078125,268.1156311035156,263.8601531982422,264.7467803955078,223.12246704101562,258.01219177246094,234.22225952148438,198.28799438476562,235.97503662109375,200.59933471679688,175.46450805664062,170.31973266601562,166.56533813476562,188.52835083007812,229.71096801757812,207.21356201171875,170.15573120117188,227.6893310546875,202.1573486328125,224.06924438476562,237.17022705078125,-53.028076171875,216.40304565429688,187.12384033203125,150.65643310546875,141.49407958984375,62.789459228515625,181.26925659179688,214.41476440429688,208.279052734375,206.9969482421875,203.80978393554688,200.67330932617188,163.8006591796875,192.79150390625,131.90142822265625,187.2669677734375,190.70602416992188,189.56982421875,189.35498046875,186.3143310546875,189.8236083984375,152.05584716796875,172.84124755859375,193.94436645507812,196.38046264648438,199.06988525390625,202.06304931640625,148.35574340820312,183.46697998046875,165.215576171875,183.2061767578125,136.58200073242188,169.57827758789062,210.04705810546875,225.75469970703125,233.77215576171875,209.86508178710938,242.15380859375,256.95066833496094,263.3520202636719,248.30294799804688,277.29563903808594,281.0629119873047,246.69715881347656,281.4083251953125,300.65684509277344,306.74851989746094,312.91119384765625,318.9464569091797,299.6715393066406,330.8464050292969,336.77732849121094,342.4223937988281,331.40203857421875,353.36634826660156,358.4127960205078,342.8711242675781,368.1516571044922,372.66058349609375,318.12013244628906,362.95936584472656,381.6554412841797,378.5473403930664,383.1223449707031,391.2009048461914,389.89286041259766
"S349",407.7312698364258,409.6087112426758,411.3968200683594,413.09175872802734,414.6466827392578,416.13671112060547,417.42186737060547,418.64550018310547,419.6703796386719,420.57238006591797,421.37821197509766,422.0859909057617,422.70668029785156,423.2218780517578,423.54195404052734,423.78648376464844,423.97239685058594,424.06449127197266,424.1063919067383,424.04510498046875,423.9991683959961,423.86328125,423.70279693603516,423.45445251464844,423.1727981567383,422.77618408203125,422.33541107177734,421.80785369873047,421.15855407714844,420.4103088378906,419.5042037963867,418.4920425415039,417.34766387939453,416.05733489990234,414.59073638916016,412.97069549560547,411.1696090698242,409.21522521972656,407.1003952026367,404.8459930419922,402.37989044189453,399.78562927246094,397.0708541870117,394.2270202636719,391.1951904296875,388.0542984008789,384.8623580932617,381.5403747558594,378.27508544921875,374.82239532470703,371.2501525878906,367.626220703125,350.11927795410156,343.3216247558594,339.4914245605469,321.3744354248047,341.18499755859375,329.0788879394531,296.9886779785156,320.0584411621094,259.22621154785156,282.4349060058594,285.85435485839844,272.9567413330078,283.14622497558594,281.6227111816406,295.9973602294922,276.3426818847656,283.6794128417969,277.48805236816406,271.1644592285156,264.77154541015625,258.49278259277344,252.47238159179688,246.58326721191406,162.122802734375,234.90231323242188,229.26495361328125,223.93093872070312,218.75091552734375,207.30841064453125,209.05743408203125,204.44427490234375,200.11502075195312,196.3077392578125,192.7403564453125,189.284912109375,186.19631958007812,183.35092163085938,180.92349243164062,178.72103881835938,177.02774047851562,175.7288818359375,174.82296752929688,174.33624267578125,174.301025390625,174.86834716796875,175.74295043945312,177.31561279296875,179.38070678710938,181.80548095703125,184.58529663085938,187.88882446289062,191.60610961914062,195.767333984375,200.129150390625,204.63800048828125,209.39877319335938,214.32412719726562,219.58343505859375,225.11648559570312,230.75030517578125,236.51571655273438,242.48492431640625,248.35862731933594,254.62777709960938,260.9001007080078,267.23594665527344,269.6114196777344,280.19789123535156,286.8470001220703,293.53173828125,300.28297424316406,306.8647766113281,299.6715393066406,319.7593231201172,326.1376647949219,332.1709747314453,338.04685974121094,343.81480407714844,349.1273193359375,342.8711242675781,359.3737030029297,364.0935516357422,324.4300231933594,362.95936584472656,376.90863037109375,378.5473403930664,383.1223449707031,387.54893493652344,390.74596405029297
"S350",417.2635498046875,418.9381637573242,420.55200958251953,422.0772399902344,423.4604263305664,424.7999954223633,425.9547653198242,427.052001953125,427.96642303466797,428.7667922973633,429.49635314941406,430.1241912841797,430.68994140625,431.15633392333984,431.42655181884766,431.6475524902344,431.8114242553711,431.89253997802734,431.92247772216797,431.8838653564453,431.8322296142578,431.7066116333008,431.5585250854492,431.33988189697266,431.0877151489258,430.7295837402344,430.3218231201172,429.8490982055664,429.2652282714844,428.59325408935547,427.7825241088867,426.8665542602539,425.84095764160156,424.69141387939453,423.37603759765625,421.9237823486328,420.3058166503906,418.54842376708984,416.6468200683594,414.6284408569336,412.42252349853516,410.0971450805664,407.6775665283203,405.1122283935547,402.4042434692383,399.61609649658203,396.7569351196289,393.78040313720703,390.84886169433594,387.4484100341797,384.571533203125,377.91121673583984,350.11927795410156,343.3216247558594,339.4914245605469,321.3744354248047,341.18499755859375,329.0788879394531,296.9886779785156,320.0584411621094,259.22621154785156,282.4349060058594,285.85435485839844,272.9567413330078,283.14622497558594,281.6227111816406,312.2655029296875,276.3426818847656,302.2475128173828,300.6816101074219,294.9761505126953,289.25636291503906,283.63050842285156,278.20570373535156,272.96507263183594,177.81301879882812,252.819580078125,257.4401397705078,252.6582489013672,244.94696044921875,207.30841064453125,239.302490234375,235.21847534179688,231.28884887695312,227.87835693359375,224.67080688476562,221.52780151367188,218.8095703125,216.28738403320312,214.1483154296875,212.17938232421875,210.63803100585938,209.45602416992188,208.6468505859375,208.24703979492188,208.24789428710938,208.69827270507812,209.505859375,210.92965698242188,212.81759643554688,214.9901123046875,217.4735107421875,220.47073364257812,223.75784301757812,227.49639892578125,231.39935302734375,235.47528076171875,239.74273681640625,244.15065002441406,248.8483428955078,253.8267822265625,258.8721923828125,264.07054138183594,269.3800506591797,274.6831817626953,280.2906951904297,280.0474395751953,291.6004180908203,269.6114196777344,303.2150115966797,309.1661376953125,315.1875,321.22796630859375,327.12139892578125,299.6715393066406,333.36151123046875,339.98834228515625,345.78736877441406,341.8589630126953,360.18858337402344,364.98252868652344,342.8711242675781,374.14588928222656,378.3755874633789,324.4300231933594,362.95936584472656,381.6554412841797,378.5473403930664,383.1223449707031,391.2009048461914,396.4393997192383
"S351",417.2635498046875,418.9381637573242,420.55200958251953,422.0772399902344,423.4604263305664,424.7999954223633,425.9547653198242,427.052001953125,427.96642303466797,428.7667922973633,429.49635314941406,430.1241912841797,430.68994140625,431.15633392333984,431.42655181884766,431.6475524902344,431.8114242553711,431.89253997802734,431.92247772216797,431.8838653564453,431.8322296142578,431.7066116333008,431.5585250854492,431.33988189697266,431.0877151489258,430.7295837402344,430.3218231201172,429.8490982055664,429.2652282714844,428.59325408935547,427.7825241088867,426.8665542602539,425.84095764160156,424.69141387939453,423.37603759765625,421.9237823486328,420.3058166503906,418.54842376708984,416.6468200683594,414.6284408569336,412.42252349853516,410.0971450805664,407.6775665283203,405.1122283935547,402.4042434692383,399.61609649658203,396.7569351196289,393.78040313720703,390.84886169433594,387.4484100341797,384.571533203125,377.91121673583984,350.11927795410156,343.3216247558594,339.4914245605469,321.3744354248047,341.18499755859375,329.0788879394531,296.9886779785156,320.0584411621094,259.22621154785156,282.4349060058594,285.85435485839844,272.9567413330078,283.14622497558594,281.6227111816406,312.2655029296875,276.3426818847656,302.2475128173828,300.6816101074219,294.9761505126953,289.25636291503906,283.63050842285156,278.20570373535156,272.96507263183594,177.81301879882812,252.819580078125,257.4401397705078,252.6582489013672,244.94696044921875,207.30841064453125,239.302490234375,235.21847534179688,231.28884887695312,227.87835693359375,224.67080688476562,221.52780151367188,218.8095703125,216.28738403320312,214.1483154296875,212.17938232421875,210.63803100585938,209.45602416992188,208.6468505859375,208.24703979492188,208.24789428710938,208.69827270507812,209.505859375,210.92965698242188,212.81759643554688,214.9901123046875,217.4735107421875,220.47073364257812,223.75784301757812,227.49639892578125,231.39935302734375,235.47528076171875,239.74273681640625,244.15065002441406,248.8483428955078,253.8267822265625,258.8721923828125,264.07054138183594,269.3800506591797,274.6831817626953,280.2906951904297,274.54258728027344,291.6004180908203,269.6114196777344,303.2150115966797,309.1661376953125,315.1875,321.22796630859375,327.12139892578125,289.4610290527344,311.4537353515625,309.26051330566406,341.7017059326172,341.8589630126953,334.3241882324219,299.07362365722656,340.8606262207031,331.6149139404297,342.2985382080078,324.4300231933594,339.02520751953125,356.1824493408203,375.63365173339844,377.1786880493164,379.1581268310547,396.4393997192383
"S352",396.34180450439453,409.0564651489258,413.6039810180664,422.0772399902344,418.9377212524414,424.7999954223633,425.9547653198242,427.052001953125,427.96642303466797,428.7667922973633,429.49635314941406,430.1241912841797,429.7563705444336,431.15633392333984,431.42655181884766,431.6475524902344,431.8114242553711,431.89253997802734,431.92247772216797,431.8838653564453,431.8322296142578,431.7066116333008,431.5585250854492,431.33988189697266,431.0877151489258,430.7295837402344,430.3218231201172,429.8490982055664,429.2652282714844,428.59325408935547,427.7825241088867,426.8665542602539,425.84095764160156,424.69141387939453,423.37603759765625,421.9237823486328,420.3058166503906,418.54842376708984,416.6468200683594,414.6284408569336,412.42252349853516,410.0971450805664,407.6775665283203,405.1122283935547,402.4042434692383,388.53687286376953,390.63333892822266,360.94580078125,350.8347473144531,348.5447235107422,323.8132019042969,301.7052307128906,250.87718200683594,263.9682312011719,255.11476135253906,239.6099853515625,232.04718017578125,223.93789672851562,205.90814208984375,212.37338256835938,138.70712280273438,237.1854248046875,187.20492553710938,184.30563354492188,153.84109497070312,206.93814086914062,191.61972045898438,200.0606689453125,199.50851440429688,208.6138916015625,195.84457397460938,173.66744995117188,206.22250366210938,232.61386108398438,154.45059204101562,177.81301879882812,170.26522827148438,174.81094360351562,138.603759765625,159.73745727539062,95.45291137695312,160.9705810546875,213.09255981445312,170.95993041992188,149.54840087890625,210.22640991210938,159.52871704101562,162.53897094726562,189.76104736328125,187.107421875,167.49462890625,162.96823120117188,160.41336059570312,162.68649291992188,185.68154907226562,170.05535888671875,182.6834716796875,147.50787353515625,137.85177612304688,139.71353149414062,162.27371215820312,189.388916015625,151.96282958984375,173.47119140625,174.63290405273438,169.88226318359375,177.83615112304688,163.210205078125,177.71502685546875,190.69265747070312,193.65020751953125,178.63156127929688,207.61236572265625,204.38320922851562,195.46755981445312,176.5106201171875,47.175140380859375,210.58303833007812,200.60247802734375,214.6002197265625,235.35784912109375,252.53684997558594,266.2069396972656,234.2313232421875,203.54580688476562,259.2761688232422,282.8194580078125,285.8778839111328,282.48089599609375,287.09474182128906,288.03912353515625,296.53260803222656,315.4306182861328,324.75660705566406,297.9783935546875,299.164306640625,319.69004821777344,351.2333984375,316.5826110839844,351.5157775878906,350.4950714111328
"S353",353.78753662109375,360.96397399902344,364.9486389160156,345.1179656982422,375.6085433959961,365.4954833984375,384.89295959472656,302.6272735595703,366.60447692871094,377.84412384033203,396.5353698730469,379.8257369995117,393.72804260253906,396.1713104248047,399.0547866821289,399.62803649902344,399.8414840698242,381.4249572753906,399.97747802734375,399.9506149291992,398.20751190185547,399.6450500488281,394.5622329711914,399.0910110473633,398.71510314941406,398.1781768798828,390.9088134765625,396.8408203125,395.97496032714844,394.9785919189453,393.7868881225586,392.4168930053711,377.42871856689453,389.22804260253906,387.29122161865234,385.15016174316406,382.76214599609375,380.16387939453125,377.3520202636719,374.38878631591797,371.15472412109375,364.9657287597656,337.92689514160156,317.9049835205078,319.37498474121094,322.69677734375,317.5521697998047,255.96002197265625,264.2270050048828,274.1752624511719,268.7745666503906,222.8829345703125,154.31964111328125,144.80596923828125,162.13497924804688,88.759765625,143.93167114257812,172.25271606445312,113.27633666992188,172.3697509765625,111.16949462890625,103.83636474609375,141.07192993164062,80.30087280273438,63.72589111328125,119.36337280273438,110.02923583984375,133.165283203125,121.23519897460938,145.85800170898438,154.95327758789062,129.63418579101562,122.61431884765625,173.34832763671875,132.45547485351562,110.43212890625,150.08999633789062,98.64773559570312,69.836669921875,118.36105346679688,95.45291137695312,54.869903564453125,106.97894287109375,86.99172973632812,-68.35443115234375,84.56134033203125,89.21310424804688,85.2711181640625,32.3665771484375,78.45712280273438,22.5216064453125,42.14031982421875,-2.092620849609375,43.54510498046875,69.50112915039062,69.52655029296875,59.191253662109375,50.033905029296875,70.46780395507812,34.2349853515625,79.2835693359375,25.1094970703125,19.367889404296875,33.05352783203125,-18.34979248046875,40.6295166015625,57.316680908203125,-66.3455810546875,33.2391357421875,34.82275390625,-27.82098388671875,64.4578857421875,50.88592529296875,95.385009765625,56.178955078125,22.991851806640625,47.175140380859375,98.42385864257812,-6.513336181640625,179.658935546875,111.903564453125,126.24264526367188,155.09817504882812,121.84967041015625,159.17599487304688,195.27877807617188,176.63296508789062,144.8333740234375,177.07296752929688,219.45361328125,198.63626098632812,214.00820922851562,204.76431274414062,193.9603271484375,243.5770263671875,209.3206787109375,145.09182739257812,226.15365600585938,213.72250366210938,283.11260986328125,289.77394104003906
"S354",163.07174682617188,211.66372680664062,166.349365234375,175.9693603515625,199.07962036132812,201.94927978515625,234.892578125,240.22738647460938,279.8216552734375,260.3891143798828,256.5828857421875,288.19920349121094,275.40476989746094,288.45420837402344,289.99505615234375,277.3639678955078,282.3444519042969,303.9680938720703,302.4232177734375,307.0616912841797,265.51690673828125,310.15406799316406,318.14076232910156,305.87281799316406,296.7013702392578,313.0098114013672,320.44976806640625,301.3521270751953,313.4917755126953,326.1186065673828,313.22772216796875,311.78102111816406,320.1057434082031,303.3218994140625,276.81922912597656,245.07872009277344,290.90159606933594,281.5478973388672,265.5713195800781,271.23358154296875,239.03445434570312,224.177734375,204.57955932617188,186.08212280273438,200.32232666015625,180.1959228515625,109.8695068359375,155.2965087890625,153.05178833007812,73.64822387695312,110.35409545898438,90.29043579101562,53.4007568359375,110.56182861328125,30.410675048828125,83.36618041992188,-91.94464111328125,11.127532958984375,3.34661865234375,-94.744140625,9.33953857421875,-0.79962158203125,-29.2723388671875,-40.66412353515625,-16.6405029296875,-29.2208251953125,17.16473388671875,-4.201904296875,-9.665863037109375,-34.1253662109375,-53.19061279296875,-64.70526123046875,-42.77410888671875,-111.286376953125,-47.94805908203125,-85.15350341796875,-74.6708984375,-87.516845703125,-99.82232666015625,-111.8448486328125,-123.458251953125,-134.450927734375,-145.0404052734375,-155.36907958984375,-164.452392578125,-173.02215576171875,-181.5069580078125,-188.89239501953125,-195.851806640625,-201.89324951171875,-207.613525390625,-212.408203125,-216.34442138671875,-219.40777587890625,-221.4451904296875,-222.5390625,-222.654296875,-221.775634765625,-219.40447998046875,-215.814453125,-211.5028076171875,-206.37506103515625,-199.84881591796875,-192.65850830078125,-184.1844482421875,-175.2547607421875,-165.80487060546875,-155.84161376953125,-145.50994873046875,-134.40728759765625,-124.667236328125,-110.438232421875,-97.9197998046875,-85.156005859375,-72.31573486328125,-76.9278564453125,-75.00677490234375,-31.25445556640625,-17.2333984375,-39.46893310546875,-17.368896484375,26.724029541015625,-50.82806396484375,12.8681640625,-44.9595947265625,17.58404541015625,-139.38677978515625,2.31072998046875,39.22808837890625,22.334747314453125,33.861572265625,-112.2117919921875,4.409332275390625,-5.390899658203125,-12.3609619140625,16.427947998046875,80.24163818359375,28.900848388671875,111.13864135742188,77.84393310546875,87.16949462890625
"S355",163.07174682617188,211.66372680664062,166.349365234375,175.9693603515625,199.07962036132812,201.94927978515625,234.892578125,240.22738647460938,279.8216552734375,260.3891143798828,256.5828857421875,288.19920349121094,275.40476989746094,288.45420837402344,289.99505615234375,277.3639678955078,282.3444519042969,303.9680938720703,302.4232177734375,307.0616912841797,267.6481170654297,310.15406799316406,318.14076232910156,305.87281799316406,298.19740295410156,313.0098114013672,320.44976806640625,301.3521270751953,313.4917755126953,334.5509338378906,313.22772216796875,311.78102111816406,335.33021545410156,308.7308044433594,277.4354248046875,285.43341064453125,307.12107849121094,281.5478973388672,278.4491271972656,278.6124572753906,232.483154296875,248.6882781982422,233.61376953125,208.0736083984375,200.32232666015625,180.1959228515625,124.19161987304688,155.2965087890625,153.05178833007812,73.64822387695312,110.35409545898438,90.29043579101562,53.4007568359375,110.56182861328125,30.410675048828125,83.36618041992188,-91.94464111328125,11.127532958984375,3.34661865234375,-30.73345947265625,9.33953857421875,-0.79962158203125,-29.2723388671875,-40.66412353515625,-16.6405029296875,-29.2208251953125,17.16473388671875,-4.201904296875,-9.665863037109375,-34.1253662109375,-53.19061279296875,-64.70526123046875,-42.77410888671875,-111.286376953125,-11.136383056640625,-85.15350341796875,-10.435882568359375,-24.64178466796875,-57.96240234375,-17.68194580078125,-22.68280029296875,-6.505584716796875,-38.143310546875,-43.67498779296875,-108.62957763671875,-46.61279296875,-49.022705078125,-35.64324951171875,12.391082763671875,-50.560791015625,-38.4862060546875,7.338165283203125,-16.16754150390625,-7.908782958984375,5.030853271484375,-22.57623291015625,4.39349365234375,-9.654876708984375,-33.81396484375,-34.051025390625,-23.4271240234375,-13.93011474609375,-56.6153564453125,-23.239990234375,-62.54437255859375,5.827056884765625,-69.109375,-33.54010009765625,-31.67547607421875,34.82275390625,-14.45367431640625,-45.15887451171875,-60.95013427734375,1.816680908203125,-38.91583251953125,-27.33416748046875,-64.40338134765625,-7.804962158203125,73.2275390625,-1.59228515625,16.628265380859375,40.5828857421875,-2.326080322265625,28.031158447265625,4.5592041015625,17.58404541015625,17.328582763671875,66.86676025390625,48.1182861328125,64.54336547851562,76.53167724609375,-24.64752197265625,110.33700561523438,60.873504638671875,-1.456939697265625,16.427947998046875,128.18765258789062,121.68832397460938,111.13864135742188,79.31967163085938,87.16949462890625
"S356",163.07174682617188,197.31509399414062,146.25277709960938,175.9693603515625,199.07962036132812,201.94927978515625,234.892578125,228.84747314453125,218.06777954101562,247.77806091308594,240.72061157226562,250.7942657470703,228.45059204101562,260.7224884033203,227.72909545898438,276.4844665527344,282.3444519042969,282.5549774169922,292.22265625,280.5460968017578,267.6481170654297,277.2666320800781,275.8184051513672,269.34649658203125,298.19740295410156,287.92942810058594,277.2908020019531,294.47991943359375,299.2987060546875,295.63768005371094,295.8063659667969,286.81590270996094,292.2500305175781,308.7308044433594,277.4354248046875,285.43341064453125,301.19761657714844,272.47154235839844,278.4491271972656,278.6124572753906,232.483154296875,248.6882781982422,233.61376953125,208.0736083984375,153.147216796875,150.23355102539062,124.19161987304688,48.215179443359375,33.687713623046875,29.261138916015625,-21.74749755859375,-18.984130859375,-51.1627197265625,-28.115478515625,-23.88812255859375,-35.39312744140625,-136.385498046875,-63.22747802734375,-24.2156982421875,-30.73345947265625,-78.40838623046875,-38.659423828125,-57.37109375,-40.66412353515625,-16.6405029296875,-35.8331298828125,-1.43377685546875,-99.56292724609375,-79.46026611328125,-80.801513671875,-71.4991455078125,-99.50726318359375,-93.7200927734375,-121.75262451171875,-70.72076416015625,-99.9327392578125,-96.01171875,-108.1241455078125,-119.548095703125,-130.6409912109375,-141.2342529296875,-151.33941650390625,-161.06927490234375,-170.2655029296875,-178.2613525390625,-185.68072509765625,-192.89007568359375,-199.1395263671875,-204.824951171875,-209.51470947265625,-213.69390869140625,-216.74700927734375,-218.863037109375,-220.05133056640625,-220.22528076171875,-219.38214111328125,-217.290771484375,-214.420166015625,-210.0753173828125,-204.64093017578125,-198.4930419921875,-191.61181640625,-183.56719970703125,-174.8016357421875,-165.05657958984375,-154.93768310546875,-144.52606201171875,-133.61456298828125,-122.376220703125,-110.46929931640625,-97.946044921875,-85.21966552734375,-74.0247802734375,-96.1048583984375,-45.51116943359375,-31.4503173828125,-64.40338134765625,-48.70977783203125,11.099334716796875,-1.59228515625,16.628265380859375,15.92401123046875,-2.326080322265625,28.031158447265625,4.5592041015625,17.58404541015625,17.328582763671875,66.86676025390625,48.1182861328125,64.54336547851562,76.53167724609375,-24.64752197265625,110.33700561523438,60.873504638671875,-1.456939697265625,16.427947998046875,128.18765258789062,121.68832397460938,111.13864135742188,79.31967163085938,87.16949462890625
"S357",275.5758972167969,280.24610900878906,284.69541931152344,288.9390869140625,292.8800048828125,296.6593322753906,299.9682922363281,303.1268768310547,305.8052215576172,308.2046813964844,310.35768127441406,312.2661895751953,313.94976806640625,315.377685546875,316.3335876464844,317.0845184326172,317.6824035644531,318.0354461669922,318.2655029296875,318.2335205078125,318.24732971191406,318.038818359375,317.7708740234375,317.29827880859375,316.7593536376953,315.9658203125,315.0758056640625,313.99720764160156,312.65733337402344,311.0945129394531,309.1786651611328,307.0342712402344,304.5863494873047,301.8111114501953,298.6410369873047,295.10231018066406,291.1529846191406,286.8412170410156,282.1476287841797,277.11138916015625,271.56134033203125,265.6819152832031,259.4895935058594,252.98529052734375,245.9784698486328,238.67724609375,231.234619140625,223.4451904296875,215.76742553710938,207.63046264648438,199.21432495117188,190.6739501953125,181.74795532226562,172.53707885742188,163.25848388671875,153.83270263671875,143.73477172851562,133.07620239257812,121.93768310546875,110.93670654296875,100.2376708984375,88.57443237304688,76.37777709960938,63.56744384765625,50.634521484375,37.0352783203125,23.0140380859375,8.592742919921875,-6.2821044921875,-21.14459228515625,-36.3692626953125,-51.8143310546875,-67.08795166015625,-81.81414794921875,-96.335693359375,-110.887939453125,-125.2752685546875,-139.32550048828125,-152.69366455078125,-165.6981201171875,-178.15264892578125,-190.2119140625,-201.934326171875,-212.9442138671875,-222.8153076171875,-232.0794677734375,-241.09454345703125,-249.32696533203125,-257.0023193359375,-263.71759033203125,-269.946533203125,-275.04119873046875,-279.2288818359375,-282.5552978515625,-284.91485595703125,-286.23089599609375,-286.0889892578125,-285.224853515625,-282.694091796875,-278.93963623046875,-274.23699951171875,-268.61553955078125,-261.67218017578125,-253.64617919921875,-244.46258544921875,-234.7164306640625,-224.58465576171875,-213.74554443359375,-202.474609375,-190.32293701171875,-177.46820068359375,-164.31658935546875,-150.8385009765625,-136.7774658203125,-122.9864501953125,-108.183349609375,-93.3538818359375,-78.32708740234375,-63.054443359375,-47.43377685546875,-31.454345703125,-15.37554931640625,0.990325927734375,17.011016845703125,32.59912109375,48.619476318359375,64.39852905273438,79.39285278320312,94.07662963867188,108.55197143554688,121.92129516601562,135.19979858398438,147.86767578125,159.84909057617188,171.23541259765625,182.15728759765625,192.54238891601562,202.22610473632812,211.20950317382812,219.6456298828125,227.75149536132812
"S358",320.34449768066406,332.7728271484375,350.15924072265625,340.7436218261719,357.4678649902344,358.4644470214844,326.31549072265625,339.0883331298828,372.08956146240234,365.29527282714844,359.65956115722656,346.4845428466797,372.97460174560547,362.18560791015625,375.2614059448242,379.27137756347656,369.7821502685547,386.6910934448242,382.853759765625,379.3493957519531,383.72278594970703,380.9090805053711,378.95723724365234,403.1287841796875,396.98655700683594,389.8313751220703,402.3946990966797,398.4447784423828,393.52230072021484,401.08118438720703,393.15758514404297,401.3293914794922,399.3283462524414,400.3043899536133,395.52076721191406,397.7885971069336,396.23529052734375,395.5452423095703,393.50782775878906,375.7851791381836,382.60457611083984,332.82176208496094,322.25697326660156,349.9198303222656,344.21534729003906,304.19061279296875,285.04078674316406,295.6217956542969,234.54891967773438,245.55194091796875,270.14793395996094,232.026123046875,201.16683959960938,252.8618927001953,227.305908203125,213.4024658203125,233.555419921875,214.66827392578125,220.90481567382812,207.41754150390625,201.01107788085938,185.06427001953125,188.05487060546875,194.90628051757812,204.47119140625,225.0230712890625,207.14688110351562,148.39035034179688,170.8753662109375,22.910400390625,37.379913330078125,119.44140625,222.70498657226562,189.8203125,175.0673828125,195.07894897460938,216.0770263671875,135.639892578125,173.05789184570312,94.01275634765625,170.9813232421875,135.86318969726562,147.10855102539062,153.36837768554688,103.682861328125,199.42132568359375,170.44552612304688,216.18014526367188,246.70758056640625,219.16213989257812,161.06134033203125,168.39813232421875,70.21481323242188,205.57452392578125,219.06991577148438,183.72027587890625,202.85684204101562,201.784423828125,214.126953125,205.45431518554688,215.38827514648438,229.49789428710938,215.58102416992188,183.64443969726562,246.8754425048828,266.4583740234375,254.64553833007812,273.7286376953125,243.87576293945312,159.62356567382812,212.53976440429688,223.232421875,216.62246704101562,252.3398895263672,254.67665100097656,252.299560546875,191.83645629882812,175.5177001953125,189.24392700195312,215.25344848632812,284.0150451660156,280.3882141113281,275.0147705078125,270.68540954589844,255.1186065673828,290.4819793701172,277.8886260986328,248.80499267578125,267.1702880859375,215.89202880859375,248.8680419921875,294.70477294921875,279.17347717285156,287.8713073730469,300.7554473876953,254.9802703857422,295.0117645263672,294.9773864746094,278.2496032714844,251.76388549804688,251.6929168701172
"S359",221.18881225585938,254.70423889160156,262.0640106201172,309.0985870361328,302.2397918701172,315.04087829589844,302.1083221435547,297.45391845703125,341.0778045654297,347.5620880126953,315.8080749511719,346.4845428466797,346.3828430175781,328.44105529785156,356.87193298339844,354.0770263671875,347.1468811035156,349.2286682128906,346.6096954345703,347.5922393798828,357.33445739746094,341.7361602783203,357.3888397216797,361.5423126220703,358.2364807128906,358.1450653076172,363.5686798095703,348.15179443359375,354.8136444091797,358.756591796875,351.2665100097656,358.73509216308594,364.23695373535156,370.98419189453125,365.3648376464844,358.5659637451172,367.9919738769531,357.4743957519531,341.42369079589844,353.65003967285156,291.7904052734375,333.3282775878906,316.4216613769531,282.83392333984375,277.81947326660156,232.43914794921875,238.11581420898438,216.07135009765625,159.23529052734375,89.37054443359375,38.14251708984375,54.098602294921875,96.6307373046875,-31.29803466796875,91.15194702148438,33.137481689453125,2.869293212890625,30.137237548828125,-11.203155517578125,33.22161865234375,49.15936279296875,69.8193359375,40.273468017578125,83.30670166015625,96.60556030273438,67.89892578125,82.577880859375,41.4512939453125,37.896148681640625,-48.3363037109375,37.379913330078125,-23.746337890625,69.53488159179688,68.92752075195312,43.06219482421875,31.847747802734375,24.172576904296875,-17.85369873046875,34.86273193359375,-18.12957763671875,-21.47259521484375,-58.05816650390625,-16.4195556640625,-43.04278564453125,-9.735626220703125,66.17868041992188,81.33477783203125,66.3839111328125,68.1368408203125,11.336700439453125,20.564849853515625,40.419891357421875,2.30078125,125.98904418945312,-47.9866943359375,-11.59979248046875,68.143310546875,98.5394287109375,114.083740234375,96.93576049804688,112.86691284179688,-22.203369140625,98.60650634765625,47.63787841796875,102.13870239257812,129.33938598632812,111.22335815429688,124.8541259765625,86.73162841796875,54.956512451171875,84.9334716796875,-18.0333251953125,57.2440185546875,160.50875854492188,105.015869140625,77.68215942382812,18.259063720703125,67.20999145507812,102.47454833984375,93.90029907226562,169.4998779296875,168.4383544921875,184.02810668945312,161.08444213867188,156.975341796875,196.30606079101562,149.77523803710938,169.87356567382812,156.39120483398438,169.35601806640625,136.771728515625,196.002197265625,203.92306518554688,220.06906127929688,210.03265380859375,169.36740112304688,200.25064086914062,187.70803833007812,178.05389404296875,159.39114379882812,172.0518798828125
"S360",241.5654296875,275.835205078125,260.5644073486328,262.5770568847656,283.970947265625,291.5772399902344,259.4925994873047,293.9240417480469,286.4156951904297,303.2476043701172,315.8080749511719,300.8584747314453,298.0896911621094,320.8577117919922,325.37469482421875,326.67698669433594,335.43104553222656,327.02056884765625,312.709716796875,336.7600860595703,332.1410675048828,340.9661407470703,357.3888397216797,352.70684814453125,351.36375427246094,358.1450653076172,362.10487365722656,347.4183044433594,354.8136444091797,354.31748962402344,344.4952850341797,346.3866882324219,356.4039306640625,369.1188659667969,359.94190979003906,358.00791931152344,370.7189483642578,355.5706024169922,352.9669952392578,355.220703125,311.6177215576172,349.76434326171875,316.42723083496094,319.74546813964844,311.2472229003906,232.43914794921875,218.72610473632812,175.07073974609375,179.21151733398438,137.64923095703125,139.25051879882812,146.4774169921875,28.272369384765625,91.86337280273438,80.15679931640625,110.2552490234375,86.69198608398438,57.896759033203125,-14.81182861328125,32.021514892578125,23.156982421875,35.502593994140625,27.785308837890625,78.61334228515625,43.946136474609375,55.4271240234375,38.5360107421875,19.186676025390625,23.32354736328125,24.224609375,66.10906982421875,27.482025146484375,20.300079345703125,50.797576904296875,15.08795166015625,28.781829833984375,13.878204345703125,-11.08868408203125,-16.6607666015625,-43.89300537109375,2.38946533203125,-58.05816650390625,-46.388427734375,-43.04278564453125,-2.309112548828125,-63.2254638671875,-35.17950439453125,17.769744873046875,33.9884033203125,-41.52056884765625,-18.49786376953125,-120.04840087890625,-27.78887939453125,-9.660064697265625,-79.89251708984375,-16.2967529296875,-21.8438720703125,-6.0316162109375,77.30270385742188,21.310821533203125,56.625946044921875,-36.20977783203125,27.611541748046875,59.185546875,36.115020751953125,19.1102294921875,29.73626708984375,36.264404296875,28.40911865234375,35.783721923828125,76.64788818359375,-50.6910400390625,-23.1192626953125,57.699066162109375,15.36614990234375,76.33978271484375,76.873779296875,85.998291015625,46.091522216796875,106.78204345703125,115.93359375,116.88223266601562,124.90097045898438,134.00698852539062,114.68292236328125,142.88162231445312,158.4735107421875,112.59637451171875,188.22857666015625,169.35601806640625,199.842529296875,199.77474975585938,193.78253173828125,193.53125,226.51348876953125,173.20327758789062,163.8858642578125,244.12387084960938,204.5625,201.90585327148438,226.19757080078125
"S361",266.4162902832031,301.23973083496094,286.55860900878906,289.9384460449219,269.0761260986328,288.6608581542969,275.5608215332031,252.3185577392578,287.0816955566406,261.9657440185547,221.24215698242188,238.16903686523438,263.90745544433594,264.5726013183594,262.03038024902344,263.6660614013672,263.9021911621094,278.4147491455078,297.6939239501953,301.4018096923828,272.31732177734375,284.9433135986328,317.6879577636719,307.7285919189453,312.4967041015625,340.9659118652344,330.160400390625,325.5127868652344,341.3481140136719,330.9178771972656,336.6294708251953,359.79042053222656,359.9282684326172,364.80177307128906,362.4366455078125,359.82012939453125,356.9041442871094,353.73121643066406,350.2972717285156,346.6788635253906,342.7296600341797,338.5478515625,334.2368621826172,329.5820617675781,324.7319793701172,201.55630493164062,234.406494140625,194.03070068359375,194.83135986328125,137.64923095703125,144.56964111328125,151.31887817382812,54.860015869140625,107.0384521484375,96.41537475585938,137.06124877929688,102.39263916015625,78.436279296875,0.368988037109375,43.266754150390625,51.220062255859375,48.1614990234375,47.858367919921875,105.85891723632812,67.53814697265625,76.141357421875,59.45025634765625,37.450714111328125,30.379974365234375,37.066680908203125,84.60198974609375,31.973358154296875,50.45904541015625,55.480224609375,43.337799072265625,57.348907470703125,32.086883544921875,2.66162109375,7.45465087890625,-24.8079833984375,21.712921142578125,-46.136962890625,-107.04364013671875,-41.2301025390625,9.564178466796875,-39.8050537109375,-88.12530517578125,-7.01416015625,-11.55908203125,-36.7510986328125,-49.475341796875,-109.95831298828125,-24.1976318359375,-25.7421875,-79.19464111328125,-26.4345703125,-25.864990234375,-66.12322998046875,-21.89019775390625,-18.45721435546875,-14.6064453125,-19.04339599609375,-4.74774169921875,0.992645263671875,7.7105712890625,14.68475341796875,22.0723876953125,29.726318359375,37.611419677734375,45.993011474609375,54.98675537109375,-36.3515625,-55.242431640625,82.93368530273438,22.572662353515625,100.07022094726562,100.15243530273438,99.88754272460938,60.00445556640625,124.91909790039062,133.61968994140625,125.89523315429688,140.27191162109375,154.342041015625,131.51638793945312,161.20095825195312,173.4942626953125,122.55654907226562,216.72808837890625,172.26617431640625,213.36468505859375,230.88253784179688,204.95367431640625,238.71847534179688,253.22857666015625,189.06130981445312,175.8826904296875,267.83642578125,226.38803100585938,214.51010131835938,247.6346893310547
"S362",266.4162902832031,301.23973083496094,286.55860900878906,289.9384460449219,321.0577850341797,288.6608581542969,275.5608215332031,289.6113586425781,307.7261657714844,289.27793884277344,321.0723876953125,317.03851318359375,318.3028564453125,348.9470520019531,332.03370666503906,326.80348205566406,321.7759094238281,338.0309295654297,332.5063171386719,367.91111755371094,363.60963439941406,355.5701904296875,363.22552490234375,344.3842468261719,351.10455322265625,370.90281677246094,367.0090789794922,374.1060791015625,373.047607421875,358.9764709472656,359.43919372558594,362.5885772705078,366.84962463378906,364.80177307128906,362.4366455078125,359.82012939453125,356.9041442871094,353.73121643066406,350.2972717285156,346.6788635253906,342.7296600341797,338.5478515625,334.2368621826172,329.5820617675781,324.7319793701172,283.24456787109375,244.99977111816406,208.94940185546875,194.83135986328125,180.1646728515625,144.56964111328125,151.31887817382812,125.11935424804688,107.0384521484375,96.41537475585938,137.06124877929688,102.39263916015625,78.436279296875,17.117919921875,43.266754150390625,51.220062255859375,48.1614990234375,47.858367919921875,105.85891723632812,67.53814697265625,76.141357421875,59.45025634765625,37.450714111328125,30.379974365234375,37.066680908203125,84.60198974609375,31.973358154296875,50.45904541015625,55.480224609375,43.337799072265625,57.348907470703125,32.086883544921875,2.66162109375,7.45465087890625,-24.8079833984375,21.712921142578125,-46.136962890625,-113.0699462890625,-41.2301025390625,9.564178466796875,-39.8050537109375,-94.4132080078125,-7.01416015625,-11.55908203125,-36.7510986328125,-49.475341796875,-109.95831298828125,-24.1976318359375,-25.7421875,-79.19464111328125,-26.4345703125,-25.864990234375,-66.12322998046875,-21.89019775390625,-18.45721435546875,-14.6064453125,-19.04339599609375,-4.74774169921875,0.992645263671875,7.7105712890625,14.68475341796875,22.0723876953125,29.726318359375,37.611419677734375,45.993011474609375,54.98675537109375,-36.3515625,-55.242431640625,82.93368530273438,22.572662353515625,100.07022094726562,100.15243530273438,99.88754272460938,60.00445556640625,124.91909790039062,133.61968994140625,125.89523315429688,140.27191162109375,154.342041015625,131.51638793945312,161.20095825195312,173.4942626953125,122.55654907226562,216.72808837890625,172.26617431640625,213.36468505859375,230.88253784179688,204.95367431640625,238.71847534179688,253.22857666015625,189.06130981445312,175.8826904296875,267.83642578125,226.38803100585938,214.51010131835938,247.6346893310547
"S363",266.4162902832031,301.23973083496094,286.55860900878906,289.9384460449219,321.0577850341797,303.1082000732422,289.5894470214844,324.0890808105469,315.98146057128906,306.1991729736328,332.5803680419922,317.03851318359375,318.3028564453125,353.32740783691406,332.03370666503906,326.80348205566406,326.8706359863281,340.8404235839844,343.44725036621094,367.91111755371094,363.60963439941406,355.5701904296875,363.22552490234375,344.3842468261719,351.10455322265625,370.90281677246094,367.0090789794922,371.9732971191406,370.90325927734375,358.9764709472656,368.18226623535156,366.5091247558594,364.6280517578125,362.5196075439453,360.1145324707031,357.4530334472656,354.4964904785156,351.28553771972656,347.8104553222656,344.11839294433594,340.08192443847656,335.8257598876953,331.3901824951172,326.70751953125,321.73992919921875,283.24456787109375,276.1651153564453,208.94940185546875,194.83135986328125,180.1646728515625,163.6776123046875,162.81381225585938,128.74935913085938,107.0384521484375,96.41537475585938,137.06124877929688,102.39263916015625,78.436279296875,62.266326904296875,66.10543823242188,112.502197265625,48.1614990234375,89.972900390625,105.85891723632812,72.71075439453125,114.60714721679688,80.9825439453125,54.182403564453125,63.0057373046875,48.948699951171875,84.60198974609375,36.284759521484375,89.81259155273438,77.32095336914062,44.70208740234375,57.348907470703125,39.5220947265625,2.66162109375,35.829864501953125,-24.8079833984375,21.712921142578125,-46.136962890625,-85.6165771484375,7.175384521484375,0.85528564453125,-5.066680908203125,-20.3079833984375,-15.9349365234375,-20.63592529296875,-24.63397216796875,-28.3056640625,-31.1898193359375,-33.4117431640625,-34.96893310546875,-35.7869873046875,-35.8687744140625,-35.06903076171875,-33.65478515625,-31.11761474609375,-27.73419189453125,-23.79815673828125,-19.282470703125,-13.84112548828125,-7.832305908203125,-1.017181396484375,6.11090087890625,13.52081298828125,21.3157958984375,29.37066650390625,37.96337890625,47.054901123046875,41.40771484375,17.0484619140625,75.5458984375,65.30282592773438,95.5252685546875,100.15243530273438,99.88754272460938,60.00445556640625,124.91909790039062,133.61968994140625,125.89523315429688,140.27191162109375,154.342041015625,131.51638793945312,161.20095825195312,173.4942626953125,131.61154174804688,216.72808837890625,172.26617431640625,213.36468505859375,230.88253784179688,204.95367431640625,238.71847534179688,253.22857666015625,189.06130981445312,175.8826904296875,267.83642578125,226.38803100585938,214.51010131835938,247.6346893310547
"S364",227.1568603515625,268.9187469482422,273.8429412841797,279.9349670410156,321.0577850341797,303.1082000732422,289.5894470214844,324.0890808105469,315.98146057128906,306.1991729736328,332.5803680419922,317.03851318359375,318.3028564453125,353.32740783691406,332.03370666503906,326.80348205566406,326.8706359863281,340.8404235839844,343.44725036621094,367.91111755371094,363.60963439941406,355.5701904296875,363.22552490234375,344.3842468261719,351.10455322265625,370.90281677246094,367.0090789794922,377.2334671020508,376.0456237792969,358.9764709472656,372.33250427246094,367.86680603027344,370.24664306640625,370.1414794921875,376.41465759277344,357.28468322753906,365.45184326171875,351.92718505859375,360.2554473876953,352.16387939453125,363.86669921875,322.8930206298828,325.77183532714844,319.66969299316406,305.76084899902344,283.24456787109375,276.1651153564453,208.94940185546875,191.22283935546875,180.1646728515625,163.6776123046875,162.81381225585938,128.74935913085938,97.17831420898438,91.3011474609375,113.71810913085938,66.13235473632812,50.314544677734375,62.266326904296875,66.10543823242188,112.502197265625,34.839263916015625,89.972900390625,78.7265625,72.71075439453125,114.60714721679688,80.9825439453125,54.182403564453125,63.0057373046875,48.948699951171875,24.591766357421875,36.284759521484375,89.81259155273438,77.32095336914062,44.70208740234375,-3.534210205078125,39.5220947265625,-7.874237060546875,35.829864501953125,-45.72076416015625,-17.19287109375,-62.67645263671875,-85.6165771484375,17.890869140625,-38.96478271484375,16.234527587890625,-20.3079833984375,46.0660400390625,-24.14892578125,40.6485595703125,9.852020263671875,34.59979248046875,27.74462890625,4.607696533203125,-34.9541015625,-61.9195556640625,38.003692626953125,48.8421630859375,-54.09173583984375,33.233795166015625,26.01873779296875,53.633148193359375,28.59521484375,39.512054443359375,47.323150634765625,63.60455322265625,94.79336547851562,1.705352783203125,-10.341064453125,-15.91552734375,33.70062255859375,41.40771484375,17.0484619140625,64.49526977539062,65.30282592773438,55.988616943359375,28.53302001953125,63.54119873046875,52.4775390625,81.60321044921875,87.11138916015625,87.06338500976562,94.6890869140625,87.99774169921875,104.57382202148438,117.7064208984375,60.429290771484375,131.61154174804688,146.96832275390625,117.8463134765625,171.76129150390625,154.50271606445312,115.83432006835938,172.71527099609375,154.58157348632812,128.428466796875,151.252197265625,200.7965087890625,185.87252807617188,197.11962890625,178.62313842773438
"S365",227.1568603515625,272.4873962402344,273.8429412841797,257.7588806152344,316.58567810058594,303.1082000732422,316.76824951171875,325.9166717529297,315.98146057128906,325.01318359375,353.6350555419922,336.9868927001953,343.6398620605469,362.62408447265625,347.5300598144531,356.60218811035156,370.7421875,341.2128601074219,359.9433135986328,365.54930114746094,346.3619384765625,353.5149688720703,356.18601989746094,355.3932189941406,361.59149169921875,367.72291564941406,351.22166442871094,358.9484100341797,370.299072265625,350.63209533691406,372.33250427246094,367.86680603027344,355.35435485839844,366.30799865722656,363.87353515625,352.4232482910156,357.11480712890625,349.6454315185547,345.96192932128906,343.7156677246094,349.6637725830078,317.9058380126953,325.77183532714844,305.165283203125,298.4890594482422,262.3087615966797,276.1651153564453,196.2552490234375,191.22283935546875,139.85842895507812,163.6776123046875,162.81381225585938,128.74935913085938,93.74169921875,91.3011474609375,108.01416015625,42.046905517578125,46.68255615234375,62.266326904296875,66.10543823242188,112.502197265625,17.132293701171875,89.972900390625,78.7265625,72.71075439453125,114.60714721679688,80.9825439453125,54.182403564453125,63.0057373046875,48.948699951171875,24.591766357421875,36.284759521484375,89.81259155273438,77.32095336914062,44.70208740234375,-4.25396728515625,39.5220947265625,-7.874237060546875,35.829864501953125,-45.72076416015625,-17.19287109375,-91.600341796875,-85.6165771484375,17.890869140625,-38.96478271484375,16.234527587890625,-20.3079833984375,46.0660400390625,-24.28472900390625,40.6485595703125,9.852020263671875,34.59979248046875,27.74462890625,4.607696533203125,-34.9541015625,-61.9195556640625,38.003692626953125,48.8421630859375,-69.83056640625,33.233795166015625,26.01873779296875,53.633148193359375,28.59521484375,39.512054443359375,47.323150634765625,63.60455322265625,94.79336547851562,1.705352783203125,-10.341064453125,-31.7901611328125,-59.41455078125,41.40771484375,17.0484619140625,64.49526977539062,65.30282592773438,55.988616943359375,41.832305908203125,63.54119873046875,30.86480712890625,17.22906494140625,85.99368286132812,36.247344970703125,94.6890869140625,50.6917724609375,92.91561889648438,97.70474243164062,24.08575439453125,131.61154174804688,89.80661010742188,110.95196533203125,117.39987182617188,98.5513916015625,46.180389404296875,112.21542358398438,55.5552978515625,110.76589965820312,151.252197265625,117.543212890625,138.12045288085938,104.62261962890625,128.37423706054688
"S366",124.43463134765625,272.4873962402344,249.1221466064453,243.14730834960938,310.8743438720703,295.2048034667969,316.76824951171875,325.9166717529297,293.8297119140625,325.01318359375,353.6350555419922,336.9868927001953,343.6398620605469,362.62408447265625,347.5300598144531,356.60218811035156,370.7421875,341.2128601074219,359.9433135986328,365.54930114746094,343.3196258544922,353.5149688720703,356.18601989746094,355.3932189941406,361.59149169921875,367.72291564941406,351.22166442871094,358.9484100341797,358.59942626953125,350.63209533691406,347.27783203125,365.4556427001953,355.35435485839844,357.1129150390625,363.87353515625,345.0233917236328,335.42811584472656,348.35044860839844,345.96192932128906,320.99473571777344,323.0078430175781,307.5271301269531,297.0480194091797,305.165283203125,269.9471740722656,236.63558959960938,234.19192504882812,183.8153076171875,150.09494018554688,109.8597412109375,108.19815063476562,83.41561889648438,95.44970703125,14.16070556640625,-30.32696533203125,33.50146484375,42.046905517578125,-13.54254150390625,52.565216064453125,35.51617431640625,75.51904296875,17.132293701171875,16.136566162109375,-68.09906005859375,-48.9986572265625,-3.80718994140625,-126.33502197265625,-21.66015625,2.052886962890625,4.80914306640625,8.706756591796875,-40.53363037109375,-51.03131103515625,-93.15924072265625,-14.7869873046875,-75.82073974609375,-48.96246337890625,-127.6629638671875,-103.181640625,-153.58538818359375,-197.90234375,-133.978271484375,-240.9339599609375,-185.4788818359375,-272.797119140625,-251.438232421875,-181.679443359375,-162.42816162109375,-127.5401611328125,-94.08843994140625,-101.552978515625,-110.832275390625,-86.45751953125,-86.1357421875,-83.791259765625,-68.07366943359375,-77.9320068359375,-114.51507568359375,-137.4166259765625,-97.08245849609375,-136.279052734375,-110.10723876953125,-92.87176513671875,-106.18280029296875,-80.27325439453125,-41.63238525390625,-92.15948486328125,-108.455810546875,-117.02398681640625,-112.51043701171875,-59.41455078125,-29.5272216796875,-120.688720703125,-12.1453857421875,-60.26611328125,16.974853515625,41.832305908203125,-33.6824951171875,30.86480712890625,17.22906494140625,-30.0697021484375,17.410308837890625,-2.34442138671875,-33.57794189453125,8.06878662109375,1.060882568359375,24.08575439453125,29.4844970703125,46.11737060546875,23.263092041015625,15.360687255859375,43.8565673828125,45.855926513671875,98.80859375,40.27301025390625,104.4163818359375,121.49832153320312,107.21182250976562,138.12045288085938,104.62261962890625,128.37423706054688
"S367",124.43463134765625,272.4873962402344,249.1221466064453,243.14730834960938,310.8743438720703,295.2048034667969,316.76824951171875,325.9166717529297,293.8297119140625,325.01318359375,353.6350555419922,336.9868927001953,343.6398620605469,362.62408447265625,347.5300598144531,356.60218811035156,370.7421875,341.2128601074219,359.9433135986328,365.54930114746094,343.3196258544922,353.5149688720703,356.18601989746094,355.3932189941406,361.59149169921875,367.72291564941406,351.22166442871094,358.9484100341797,358.59942626953125,350.63209533691406,347.27783203125,365.4556427001953,355.35435485839844,357.1129150390625,363.87353515625,345.0233917236328,335.42811584472656,348.35044860839844,345.96192932128906,320.99473571777344,323.0078430175781,307.5271301269531,297.0480194091797,305.165283203125,269.9471740722656,236.63558959960938,234.19192504882812,183.8153076171875,150.09494018554688,109.8597412109375,108.19815063476562,83.41561889648438,95.44970703125,14.16070556640625,-30.32696533203125,33.50146484375,42.046905517578125,-13.54254150390625,52.565216064453125,35.51617431640625,75.51904296875,17.132293701171875,16.136566162109375,-68.09906005859375,-48.9986572265625,-3.80718994140625,-126.33502197265625,-21.66015625,2.052886962890625,4.80914306640625,8.706756591796875,-40.53363037109375,-51.03131103515625,-93.15924072265625,-14.7869873046875,-75.82073974609375,-48.96246337890625,-127.6629638671875,-103.181640625,-153.58538818359375,-197.90234375,-133.978271484375,-240.9339599609375,-185.4788818359375,-272.797119140625,-251.438232421875,-181.679443359375,-162.42816162109375,-127.5401611328125,-94.08843994140625,-101.552978515625,-110.832275390625,-86.45751953125,-86.1357421875,-83.791259765625,-68.07366943359375,-77.9320068359375,-114.51507568359375,-137.4166259765625,-97.08245849609375,-136.279052734375,-110.10723876953125,-92.87176513671875,-106.18280029296875,-80.27325439453125,-41.63238525390625,-92.15948486328125,-108.455810546875,-117.02398681640625,-112.51043701171875,-59.41455078125,-29.5272216796875,-120.688720703125,-12.1453857421875,-60.26611328125,16.974853515625,41.832305908203125,-33.6824951171875,30.86480712890625,17.22906494140625,-30.0697021484375,17.410308837890625,-2.34442138671875,-33.57794189453125,8.06878662109375,1.060882568359375,24.08575439453125,29.4844970703125,46.11737060546875,23.263092041015625,15.360687255859375,43.8565673828125,45.855926513671875,98.80859375,40.27301025390625,104.4163818359375,121.49832153320312,107.21182250976562,138.12045288085938,104.62261962890625,128.37423706054688
"S368",182.73208618164062,156.10964965820312,152.17901611328125,208.95089721679688,176.45858764648438,259.50367736816406,304.3690490722656,300.0128631591797,310.8890380859375,314.44187927246094,323.12982177734375,323.4580383300781,346.3724365234375,326.217529296875,316.9936218261719,339.5874481201172,321.9328155517578,348.3280792236328,333.3638000488281,306.94981384277344,337.9243927001953,333.6767883300781,342.3210754394531,348.7893829345703,331.23353576660156,334.62831115722656,347.3600158691406,343.7694549560547,353.02415466308594,349.0911102294922,341.7593231201172,338.5933532714844,341.71775817871094,336.3888397216797,333.6582336425781,337.1937255859375,324.46612548828125,326.72206115722656,286.2690887451172,305.13316345214844,303.54872131347656,287.55455017089844,267.75927734375,245.2195587158203,210.56893920898438,220.180908203125,105.66177368164062,124.70901489257812,40.111297607421875,-5.034942626953125,-27.37286376953125,-121.493896484375,-15.8529052734375,-149.8984375,-192.2357177734375,-87.89703369140625,-164.30206298828125,-158.7816162109375,-162.7777099609375,-167.8834228515625,-115.58514404296875,-166.23480224609375,-148.22027587890625,-231.364990234375,-153.62567138671875,-146.68853759765625,-209.01983642578125,-172.5888671875,-176.27117919921875,-165.36346435546875,-155.61688232421875,-189.98284912109375,-181.5623779296875,-227.51983642578125,-147.890380859375,-246.94573974609375,-246.95843505859375,-316.68145751953125,-288.73846435546875,-356.49176025390625,-397.93560791015625,-398.83154296875,-364.509033203125,-379.2484130859375,-462.31878662109375,-525.751953125,-360.1773681640625,-329.3818359375,-328.84332275390625,-230.52630615234375,-258.34136962890625,-267.8863525390625,-183.91253662109375,-230.292236328125,-260.78497314453125,-206.6544189453125,-198.20758056640625,-188.59625244140625,-205.5638427734375,-182.181640625,-274.63848876953125,-245.9849853515625,-185.95733642578125,-191.918212890625,-156.37030029296875,-152.7908935546875,-196.72186279296875,-174.24578857421875,-157.043212890625,-199.5489501953125,-118.3548583984375,-112.110595703125,-178.4344482421875,-83.0228271484375,-112.257080078125,-198.53375244140625,-38.349365234375,-85.0911865234375,-25.0369873046875,-189.03680419921875,-162.74090576171875,-108.06158447265625,-151.1810302734375,-125.0552978515625,-67.972900390625,-9.350555419921875,-10.552490234375,14.27703857421875,-18.5501708984375,-58.35052490234375,36.622833251953125,24.8038330078125,96.18511962890625,80.58419799804688,70.37295532226562,94.92562866210938,121.49832153320312,59.49432373046875,121.5230712890625,69.95285034179688,121.07815551757812
"S369",413.6928176879883,415.38108825683594,417.0102005004883,418.5362548828125,419.89674377441406,421.215087890625,422.33846282958984,423.39759063720703,424.2606658935547,425.00337982177734,425.68558502197266,426.2533187866211,426.7718276977539,427.1864242553711,427.3856430053711,406.49044036865234,427.65846252441406,427.68302154541016,427.65208435058594,427.56822967529297,427.4519729614258,427.2607955932617,427.0429916381836,426.7518844604492,426.4173278808594,425.9611282348633,425.4360809326172,424.8442840576172,424.1240692138672,423.3015670776367,422.32654571533203,421.2231750488281,420.00145721435547,418.6471710205078,417.1038131713867,415.41085052490234,413.53746795654297,411.51293182373047,409.33409881591797,407.04186248779297,404.55528259277344,401.94412994384766,399.2522888183594,396.38895416259766,393.4022903442383,390.3568115234375,387.2249526977539,383.9730911254883,380.7740020751953,377.4318084716797,355.0576629638672,346.92112731933594,304.9340057373047,280.9554748535156,234.86553955078125,268.1156311035156,263.8601531982422,264.7467803955078,223.12246704101562,258.01219177246094,234.22225952148438,198.28799438476562,235.97503662109375,200.59933471679688,175.46450805664062,170.31973266601562,166.56533813476562,188.52835083007812,229.71096801757812,207.21356201171875,170.15573120117188,227.6893310546875,202.1573486328125,224.06924438476562,237.17022705078125,-53.028076171875,216.40304565429688,187.12384033203125,150.65643310546875,141.49407958984375,62.789459228515625,181.26925659179688,214.41476440429688,208.279052734375,206.9969482421875,203.80978393554688,200.67330932617188,163.8006591796875,192.79150390625,131.90142822265625,187.2669677734375,190.70602416992188,189.56982421875,189.35498046875,186.3143310546875,189.8236083984375,152.05584716796875,172.84124755859375,193.94436645507812,196.38046264648438,199.06988525390625,202.06304931640625,148.35574340820312,183.46697998046875,165.215576171875,183.2061767578125,136.58200073242188,169.57827758789062,210.04705810546875,225.75469970703125,233.77215576171875,209.86508178710938,242.15380859375,256.95066833496094,263.3520202636719,248.30294799804688,277.65782165527344,281.0629119873047,246.69715881347656,281.4083251953125,302.593017578125,309.0008087158203,315.37034606933594,321.5614776611328,299.6715393066406,333.36151123046875,339.5174560546875,345.1134490966797,331.40203857421875,355.7436828613281,360.6554260253906,342.8711242675781,369.9501647949219,374.23265075683594,318.12013244628906,362.95936584472656,381.6554412841797,378.5473403930664,383.1223449707031,391.2009048461914,389.89286041259766
"S370",392.1195755004883,394.29010009765625,396.4011001586914,398.39024353027344,400.1764678955078,401.92039489746094,403.42529296875,404.8504943847656,406.0300521850586,407.05957794189453,408.0149841308594,408.81927490234375,409.56241607666016,410.17122650146484,410.4989471435547,410.78470611572266,410.99029541015625,411.08826446533203,411.1130065917969,411.078125,410.99456787109375,410.82183837890625,410.6188430786133,410.33399963378906,410.0014953613281,409.52784729003906,408.9747009277344,408.35391998291016,407.58702850341797,406.7043914794922,405.64525604248047,404.43603515625,403.0934753417969,401.59898376464844,399.8790283203125,397.9783935546875,395.8597640991211,393.55614471435547,391.06327056884766,388.4287643432617,385.55186462402344,382.51136779785156,379.36527252197266,375.992431640625,372.46095275878906,368.8477783203125,365.1105499267578,361.21568298339844,357.3736572265625,353.3634338378906,349.18165588378906,344.9457702636719,340.5757598876953,335.94989013671875,331.37550354003906,321.3744354248047,321.5740661621094,316.2514190673828,296.9886779785156,305.09210205078125,259.22621154785156,282.4349060058594,285.85435485839844,272.9567413330078,274.835205078125,268.09600830078125,261.1305236816406,254.03448486328125,246.6539306640625,239.44631958007812,231.9173583984375,224.4359130859375,217.0635986328125,209.91610717773438,203.08709716796875,102.24813842773438,189.28570556640625,182.70770263671875,176.42947387695312,170.29861450195312,164.38156127929688,158.8526611328125,153.549072265625,148.32577514648438,143.8336181640625,139.60089111328125,135.404052734375,131.87869262695312,128.58416748046875,125.80413818359375,123.20599365234375,121.1258544921875,119.5263671875,118.43719482421875,117.92935180664062,117.94052124023438,118.43038940429688,119.49224853515625,121.34326171875,123.8338623046875,126.65432739257812,129.87509155273438,133.827880859375,138.05465698242188,142.94305419921875,148.02883911132812,153.3868408203125,158.95947265625,164.70648193359375,170.8214111328125,177.34982299804688,183.94158935546875,190.77609252929688,197.674560546875,204.66046142578125,211.98477172851562,219.3448486328125,226.79949951171875,234.3203125,242.00250244140625,249.7919921875,257.71197509765625,265.6136169433594,273.32861328125,280.7512969970703,288.44322204589844,295.9168395996094,303.0330352783203,309.91612243652344,316.62005615234375,322.947265625,329.08038330078125,334.9425506591797,340.4868621826172,326.9038543701172,350.704833984375,355.5065002441406,359.932373046875,364.0707702636719,367.9342041015625,371.710205078125
"S371",417.2635498046875,418.9381637573242,420.55200958251953,422.0772399902344,423.4604263305664,424.7999954223633,425.9547653198242,427.052001953125,427.96642303466797,428.7667922973633,429.49635314941406,430.1241912841797,430.68994140625,431.15633392333984,431.42655181884766,431.6475524902344,431.8114242553711,431.89253997802734,431.92247772216797,431.8838653564453,431.8322296142578,431.7066116333008,431.5585250854492,431.33988189697266,431.0877151489258,430.7295837402344,430.3218231201172,429.8490982055664,429.2652282714844,428.59325408935547,427.7825241088867,426.8665542602539,425.84095764160156,424.69141387939453,423.37603759765625,421.9237823486328,420.3058166503906,418.54842376708984,416.6468200683594,414.6284408569336,412.42252349853516,410.0971450805664,407.6775665283203,405.1122283935547,402.4042434692383,399.61609649658203,396.7569351196289,393.78040313720703,390.84886169433594,387.4484100341797,384.571533203125,377.91121673583984,350.11927795410156,343.3216247558594,339.4914245605469,321.3744354248047,341.18499755859375,329.0788879394531,296.9886779785156,320.0584411621094,259.22621154785156,282.4349060058594,285.85435485839844,272.9567413330078,283.14622497558594,281.6227111816406,312.2655029296875,276.3426818847656,302.2475128173828,300.6816101074219,294.9761505126953,289.25636291503906,283.63050842285156,278.20570373535156,272.96507263183594,151.57614135742188,252.819580078125,257.4401397705078,252.6582489013672,244.94696044921875,207.30841064453125,239.302490234375,235.21847534179688,231.28884887695312,227.87835693359375,224.67080688476562,221.52780151367188,218.8095703125,216.28738403320312,214.1483154296875,212.17938232421875,210.63803100585938,209.45602416992188,208.6468505859375,208.24703979492188,208.24789428710938,208.69827270507812,209.505859375,210.92965698242188,212.81759643554688,214.9901123046875,217.4735107421875,220.47073364257812,223.75784301757812,227.49639892578125,231.39935302734375,235.47528076171875,239.74273681640625,244.15065002441406,248.8483428955078,253.8267822265625,258.8721923828125,264.07054138183594,269.3800506591797,274.6831817626953,280.2906951904297,280.0474395751953,291.6004180908203,269.6114196777344,303.2150115966797,309.1661376953125,315.1875,321.22796630859375,327.12139892578125,299.6715393066406,333.36151123046875,339.98834228515625,345.78736877441406,341.8589630126953,360.18858337402344,364.98252868652344,342.8711242675781,374.14588928222656,378.3755874633789,326.9038543701172,362.95936584472656,381.6554412841797,378.5473403930664,383.1223449707031,391.2009048461914,396.4393997192383
"S372",417.2635498046875,418.9381637573242,420.55200958251953,422.0772399902344,423.4604263305664,424.7999954223633,425.9547653198242,427.052001953125,427.96642303466797,428.7667922973633,429.49635314941406,430.1241912841797,430.68994140625,431.15633392333984,431.42655181884766,431.6475524902344,431.8114242553711,431.89253997802734,431.92247772216797,431.8838653564453,431.8322296142578,431.7066116333008,431.5585250854492,431.33988189697266,431.0877151489258,430.7295837402344,430.3218231201172,429.8490982055664,429.2652282714844,428.59325408935547,427.7825241088867,426.8665542602539,425.84095764160156,424.69141387939453,423.37603759765625,421.9237823486328,420.3058166503906,418.54842376708984,416.6468200683594,414.6284408569336,412.42252349853516,410.0971450805664,407.6775665283203,405.1122283935547,402.4042434692383,399.61609649658203,396.7569351196289,393.78040313720703,390.84886169433594,387.4484100341797,384.571533203125,377.91121673583984,350.11927795410156,343.3216247558594,339.4914245605469,321.3744354248047,341.18499755859375,329.0788879394531,296.9886779785156,320.0584411621094,259.22621154785156,282.4349060058594,285.85435485839844,272.9567413330078,283.14622497558594,281.6227111816406,312.2655029296875,276.3426818847656,302.2475128173828,300.6816101074219,294.9761505126953,289.25636291503906,283.63050842285156,278.20570373535156,272.96507263183594,151.57614135742188,252.819580078125,257.4401397705078,252.6582489013672,244.94696044921875,207.30841064453125,239.302490234375,235.21847534179688,231.28884887695312,227.87835693359375,224.67080688476562,221.52780151367188,218.8095703125,216.28738403320312,214.1483154296875,212.17938232421875,210.63803100585938,209.45602416992188,208.6468505859375,208.24703979492188,208.24789428710938,208.69827270507812,209.505859375,210.92965698242188,212.81759643554688,214.9901123046875,217.4735107421875,220.47073364257812,223.75784301757812,227.49639892578125,231.39935302734375,235.47528076171875,239.74273681640625,244.15065002441406,248.8483428955078,253.8267822265625,258.8721923828125,264.07054138183594,269.3800506591797,274.6831817626953,280.2906951904297,274.54258728027344,291.6004180908203,269.6114196777344,303.2150115966797,309.1661376953125,315.1875,321.22796630859375,327.12139892578125,289.4610290527344,311.4537353515625,309.26051330566406,341.7017059326172,341.8589630126953,334.3241882324219,308.1105651855469,340.8606262207031,329.7887725830078,339.20599365234375,326.9038543701172,339.02520751953125,356.1824493408203,375.63365173339844,377.1786880493164,342.62042236328125,396.4393997192383
"S373",391.1537322998047,396.0886001586914,410.17901611328125,411.6814193725586,414.6713104248047,422.24510955810547,425.9547653198242,409.44786071777344,427.96642303466797,428.7667922973633,424.36639404296875,430.1241912841797,426.7637405395508,428.47118377685547,431.42655181884766,431.6475524902344,430.71134185791016,431.89253997802734,431.92247772216797,431.8838653564453,431.8322296142578,431.7066116333008,431.5585250854492,431.33988189697266,431.0877151489258,430.7295837402344,430.3218231201172,429.8490982055664,429.2652282714844,428.59325408935547,427.7825241088867,426.8665542602539,425.84095764160156,424.69141387939453,423.37603759765625,421.9237823486328,420.3058166503906,418.54842376708984,416.6468200683594,414.6284408569336,412.42252349853516,410.0971450805664,407.6775665283203,405.1122283935547,402.4042434692383,388.53687286376953,388.8492202758789,358.6944274902344,348.0943145751953,348.5447235107422,323.8132019042969,301.7052307128906,250.87718200683594,249.94195556640625,254.1878204345703,215.98159790039062,229.923095703125,223.93789672851562,203.65460205078125,212.37338256835938,114.63702392578125,207.3441162109375,165.97030639648438,164.37991333007812,117.23641967773438,173.43515014648438,169.23989868164062,173.60562133789062,181.4033203125,200.36105346679688,195.84457397460938,173.66744995117188,193.61557006835938,228.4654541015625,146.65054321289062,151.57614135742188,163.521728515625,154.85272216796875,117.43133544921875,153.11697387695312,95.45291137695312,135.9071044921875,188.46826171875,139.37698364257812,127.23529052734375,175.62759399414062,142.85232543945312,140.09963989257812,165.8067626953125,175.25668334960938,125.65362548828125,119.67593383789062,128.92218017578125,128.777587890625,165.9625244140625,143.81265258789062,157.83056640625,117.55740356445312,136.334716796875,110.92169189453125,140.23043823242188,164.51687622070312,93.60174560546875,120.079833984375,108.45672607421875,134.55694580078125,142.09600830078125,115.8995361328125,136.5364990234375,149.2135009765625,150.8453369140625,149.79852294921875,176.24932861328125,176.502197265625,166.35299682617188,138.57171630859375,47.175140380859375,186.26226806640625,161.2906494140625,198.44512939453125,208.88934326171875,227.86349487304688,249.71653747558594,217.54489135742188,175.87417602539062,227.17764282226562,254.86099243164062,257.0462341308594,263.93165588378906,267.2670135498047,240.36160278320312,279.0438690185547,278.9127655029297,286.4814453125,281.8453063964844,262.3479919433594,252.47413635253906,319.5016326904297,316.5826110839844,334.7183532714844,350.4950714111328
"S374",353.78753662109375,360.96397399902344,364.9486389160156,345.1179656982422,371.0696563720703,365.4954833984375,375.5013885498047,302.6272735595703,366.60447692871094,377.84412384033203,382.00255584716797,379.8257369995117,384.25843811035156,385.15576171875,385.7544708251953,386.2294616699219,386.60858154296875,381.4249572753906,386.9873733520508,386.97753143310547,386.9896545410156,386.8660354614258,386.7060241699219,386.4198684692383,386.0909194946289,385.60196685791016,385.05525970458984,384.3911437988281,383.56199645996094,382.5967483520508,381.41053009033203,380.0808639526367,377.42871856689453,376.8465347290039,374.87926483154297,372.68760681152344,370.2361602783203,367.55992126464844,364.64703369140625,361.5218048095703,358.07814025878906,354.43218994140625,337.92689514160156,317.9049835205078,319.37498474121094,322.69677734375,317.5521697998047,255.96002197265625,264.2270050048828,274.1752624511719,268.7745666503906,222.8829345703125,154.31964111328125,144.80596923828125,162.13497924804688,88.759765625,143.93167114257812,172.25271606445312,113.27633666992188,172.3697509765625,111.16949462890625,103.83636474609375,141.07192993164062,80.30087280273438,63.72589111328125,119.36337280273438,110.02923583984375,133.165283203125,121.23519897460938,145.85800170898438,154.95327758789062,129.63418579101562,122.61431884765625,139.4715576171875,130.50946044921875,110.43212890625,112.641845703125,98.64773559570312,69.836669921875,87.6943359375,80.00665283203125,54.869903564453125,65.36642456054688,58.570037841796875,-68.35443115234375,46.80194091796875,41.2532958984375,36.20989990234375,31.505889892578125,27.393829345703125,22.5216064453125,20.475982666015625,-2.092620849609375,15.92333984375,14.51617431640625,13.755340576171875,13.879638671875,14.458953857421875,16.0784912109375,18.453094482421875,21.402313232421875,24.915252685546875,19.367889404296875,33.05352783203125,-18.34979248046875,40.6295166015625,52.334259033203125,-66.3455810546875,33.2391357421875,34.82275390625,-27.82098388671875,64.4578857421875,50.88592529296875,95.385009765625,56.178955078125,22.991851806640625,47.175140380859375,98.42385864257812,-6.513336181640625,162.17312622070312,111.903564453125,126.24264526367188,155.09817504882812,121.84967041015625,159.17599487304688,195.27877807617188,176.63296508789062,144.8333740234375,177.07296752929688,219.45361328125,198.63626098632812,214.00820922851562,204.76431274414062,193.9603271484375,243.5770263671875,209.3206787109375,145.09182739257812,226.15365600585938,213.72250366210938,283.11260986328125,289.77394104003906
"S375",153.3731689453125,211.66372680664062,166.349365234375,173.56326293945312,145.18197631835938,187.36077880859375,215.033935546875,240.22738647460938,279.8216552734375,260.3891143798828,256.5828857421875,288.19920349121094,275.40476989746094,288.45420837402344,289.99505615234375,277.3639678955078,272.1816101074219,303.9680938720703,302.4232177734375,307.0616912841797,265.51690673828125,310.15406799316406,318.14076232910156,305.87281799316406,296.7013702392578,313.0098114013672,320.44976806640625,301.3521270751953,313.4917755126953,334.5509338378906,313.22772216796875,311.78102111816406,335.33021545410156,303.3218994140625,259.50201416015625,261.7946319580078,261.86273193359375,281.5478973388672,262.11181640625,271.23358154296875,275.56288146972656,258.1329803466797,197.14385986328125,208.37020874023438,200.32232666015625,180.1959228515625,127.24786376953125,155.2965087890625,153.05178833007812,73.64822387695312,110.35409545898438,90.29043579101562,53.4007568359375,110.56182861328125,30.410675048828125,83.36618041992188,2.388214111328125,11.127532958984375,11.01507568359375,-15.6795654296875,9.33953857421875,-0.79962158203125,0.124053955078125,-40.66412353515625,-16.6405029296875,-29.2208251953125,17.16473388671875,-4.201904296875,-9.665863037109375,-34.1253662109375,-53.19061279296875,-26.80670166015625,-42.77410888671875,-44.0843505859375,-11.136383056640625,-85.15350341796875,-10.435882568359375,-24.64178466796875,-57.96240234375,-17.68194580078125,-22.68280029296875,-6.505584716796875,-38.143310546875,-43.67498779296875,-93.7838134765625,-124.9140625,-49.022705078125,-57.96331787109375,-82.39306640625,-68.53045654296875,-97.84625244140625,-48.6121826171875,-22.89111328125,-80.1954345703125,-83.09661865234375,-83.38690185546875,-149.3651123046875,-67.47149658203125,-91.35748291015625,-105.098876953125,-31.6796875,-13.93011474609375,-56.6153564453125,-101.23321533203125,-62.54437255859375,5.827056884765625,-56.232177734375,-66.3455810546875,-31.67547607421875,34.82275390625,-79.19830322265625,-45.15887451171875,-60.95013427734375,1.816680908203125,-41.86639404296875,-103.48590087890625,-75.00677490234375,-7.804962158203125,-6.513336181640625,-39.46893310546875,-132.673828125,40.5828857421875,-75.70001220703125,-138.40911865234375,-44.9595947265625,-154.87469482421875,-125.929443359375,-80.0244140625,-113.35009765625,-128.6578369140625,-11.106719970703125,-112.2117919921875,-11.103851318359375,-3.429962158203125,-80.761474609375,9.954864501953125,-24.79254150390625,-79.0064697265625,-54.2569580078125,-49.0751953125,-64.73199462890625
"S376",153.3731689453125,211.66372680664062,166.349365234375,173.56326293945312,145.18197631835938,187.36077880859375,215.033935546875,240.22738647460938,279.8216552734375,260.3891143798828,256.5828857421875,288.19920349121094,275.40476989746094,288.45420837402344,289.99505615234375,277.3639678955078,272.1816101074219,303.9680938720703,302.4232177734375,307.0616912841797,265.51690673828125,310.15406799316406,318.14076232910156,305.87281799316406,296.7013702392578,313.0098114013672,320.44976806640625,301.3521270751953,313.4917755126953,334.5509338378906,313.22772216796875,311.78102111816406,335.33021545410156,303.3218994140625,275.8916473388672,285.43341064453125,245.6240234375,281.5478973388672,262.11181640625,271.23358154296875,275.56288146972656,252.60275268554688,230.228271484375,235.48760986328125,200.32232666015625,180.1959228515625,131.5123291015625,155.2965087890625,153.05178833007812,73.64822387695312,110.35409545898438,90.29043579101562,53.4007568359375,110.56182861328125,42.51287841796875,83.36618041992188,38.80975341796875,40.101287841796875,47.1409912109375,13.286224365234375,9.33953857421875,31.7425537109375,29.681182861328125,1.7874755859375,-3.70074462890625,-10.21826171875,17.16473388671875,13.163360595703125,-9.665863037109375,-34.1253662109375,17.196014404296875,29.209869384765625,-8.275787353515625,-6.150665283203125,-11.136383056640625,-48.04254150390625,-8.991668701171875,-24.64178466796875,-57.96240234375,-17.68194580078125,-22.68280029296875,14.7823486328125,9.907470703125,-38.55401611328125,-31.88311767578125,-48.19683837890625,-24.58203125,2.453094482421875,-20.8709716796875,-13.203369140625,-77.9212646484375,-4.48388671875,-3.068450927734375,-18.94866943359375,-31.495849609375,-52.56597900390625,-124.459716796875,-67.47149658203125,-91.35748291015625,-51.99017333984375,-31.6796875,-13.93011474609375,-56.6153564453125,-84.31378173828125,-62.54437255859375,5.827056884765625,-14.99725341796875,-17.31646728515625,-15.06146240234375,34.82275390625,-51.1036376953125,-45.15887451171875,-60.95013427734375,1.816680908203125,-41.86639404296875,-81.848388671875,-75.00677490234375,-7.804962158203125,-6.513336181640625,-39.46893310546875,-88.36126708984375,40.5828857421875,-75.70001220703125,-80.0616455078125,-44.9595947265625,-108.0576171875,-98.39013671875,-64.0504150390625,-133.91729736328125,-128.6578369140625,-11.106719970703125,-81.64019775390625,-11.103851318359375,19.20562744140625,-50.04351806640625,9.954864501953125,-24.79254150390625,-79.0064697265625,-54.2569580078125,-49.0751953125,-64.73199462890625
"S377",66.3603515625,130.78790283203125,60.524688720703125,85.40231323242188,87.75457763671875,130.47271728515625,140.4957275390625,173.50146484375,191.28854370117188,171.775634765625,182.57666015625,151.35235595703125,191.1629638671875,208.392578125,190.10693359375,227.07635498046875,230.36270141601562,234.61944580078125,222.383544921875,230.77944946289062,261.06898498535156,261.9230194091797,265.3551788330078,269.34649658203125,271.7698059082031,260.05955505371094,264.6927185058594,269.5679016113281,280.4963073730469,295.63768005371094,277.73931884765625,264.69703674316406,292.2500305175781,282.2703094482422,275.8916473388672,285.43341064453125,245.6240234375,279.2124786376953,262.11181640625,256.0275573730469,275.56288146972656,252.60275268554688,230.228271484375,235.48760986328125,186.67056274414062,140.23724365234375,131.5123291015625,117.46725463867188,73.43682861328125,29.827117919921875,76.15933227539062,52.077117919921875,-4.98358154296875,22.600738525390625,42.51287841796875,39.3526611328125,38.80975341796875,40.101287841796875,47.1409912109375,13.286224365234375,-12.243896484375,31.7425537109375,29.681182861328125,1.7874755859375,-3.70074462890625,-10.21826171875,-1.43377685546875,13.163360595703125,-79.46026611328125,-80.801513671875,-17.0634765625,-31.10369873046875,-44.84002685546875,-57.98077392578125,-70.72076416015625,-83.4737548828125,-96.01171875,-108.1241455078125,-119.548095703125,-130.6409912109375,-141.2342529296875,-151.33941650390625,-161.06927490234375,-170.2655029296875,-178.2613525390625,-185.68072509765625,-192.89007568359375,-199.1395263671875,-204.824951171875,-209.51470947265625,-213.69390869140625,-216.74700927734375,-218.863037109375,-220.05133056640625,-220.22528076171875,-219.38214111328125,-217.290771484375,-214.420166015625,-210.0753173828125,-204.64093017578125,-198.4930419921875,-191.61181640625,-183.56719970703125,-174.8016357421875,-165.05657958984375,-154.93768310546875,-144.52606201171875,-133.61456298828125,-122.376220703125,-110.46929931640625,-97.946044921875,-148.79534912109375,-122.50689697265625,-116.8924560546875,-100.15850830078125,-81.848388671875,-136.322998046875,-140.5770263671875,-135.03936767578125,-143.18603515625,-88.36126708984375,-101.40093994140625,-86.476806640625,-80.0616455078125,-85.461669921875,-108.0576171875,-98.39013671875,-64.0504150390625,-148.69378662109375,-129.54595947265625,-39.66436767578125,-81.64019775390625,-41.358154296875,19.20562744140625,-50.04351806640625,9.0137939453125,-75.2000732421875,-93.299072265625,-54.2569580078125,-58.79119873046875,-64.73199462890625
"S378",218.7083740234375,302.0023193359375,299.58331298828125,309.0985870361328,317.1246032714844,320.4651336669922,302.1083221435547,297.45391845703125,328.5543670654297,330.6803741455078,332.58099365234375,334.27427673339844,335.7602081298828,337.0221710205078,337.87811279296875,338.5435333251953,339.07630920410156,339.39317321777344,339.6039123535156,339.57029724121094,339.5904846191406,339.4114685058594,339.18048095703125,338.764404296875,338.2912902832031,337.5944519042969,336.8194885253906,335.8702697753906,334.69044494628906,333.3146057128906,331.6248321533203,329.73883056640625,327.5811004638672,325.1298828125,322.33380126953125,319.2140655517578,315.7318878173828,311.9312438964844,307.794189453125,303.34999084472656,298.4513854980469,293.2659454345703,287.7969055175781,265.2815399169922,268.5160675048828,261.9876251220703,221.45855712890625,255.33856201171875,218.99227905273438,168.63284301757812,234.629150390625,203.87493896484375,195.44000244140625,173.68215942382812,125.57940673828125,138.98086547851562,96.7183837890625,109.05026245117188,162.1959228515625,136.0467529296875,147.34756469726562,132.78009033203125,126.31442260742188,115.01412963867188,103.63601684570312,91.64096069335938,67.29925537109375,66.56744384765625,53.47369384765625,22.910400390625,26.97418212890625,13.35772705078125,-0.100738525390625,-13.05999755859375,-25.87060546875,-38.678466796875,-51.34454345703125,-63.729248046875,-75.50115966796875,-86.9454345703125,-97.890625,-108.5172119140625,-118.8636474609375,-128.530029296875,-137.21124267578125,-145.357177734375,-153.26129150390625,-160.52423095703125,-167.28533935546875,-173.20635986328125,-178.68048095703125,-183.13470458984375,-186.79461669921875,-189.70391845703125,-191.78167724609375,-192.93707275390625,-192.759765625,-191.99237060546875,-189.74627685546875,-186.4366455078125,-182.27349853515625,-177.29827880859375,-171.18505859375,-164.06939697265625,-155.96575927734375,-147.35858154296875,-138.43017578125,-128.8641357421875,-118.91302490234375,-108.1805419921875,-96.8492431640625,-85.24688720703125,-73.3753662109375,-60.955810546875,-48.816162109375,-35.7581787109375,-22.68353271484375,-9.4412841796875,4.026519775390625,17.793304443359375,31.87786865234375,46.035400390625,60.46331787109375,74.58438110351562,88.3380126953125,102.44293212890625,116.34848022460938,119.62234497070312,127.56222534179688,155.26004028320312,134.56680297851562,178.72201538085938,178.360107421875,200.44003295898438,151.45211791992188,131.20724487304688,190.4801025390625,161.10012817382812,196.66937255859375,164.4063720703125,206.959716796875
"S379",218.7083740234375,302.0023193359375,299.58331298828125,309.0985870361328,330.71080017089844,324.4663848876953,302.1083221435547,297.45391845703125,341.0778045654297,347.5620880126953,336.31129455566406,346.4845428466797,346.3828430175781,354.29527282714844,356.87193298339844,354.0770263671875,367.4807586669922,349.2286682128906,348.23828125,364.3684539794922,357.33445739746094,350.2996368408203,364.1384735107422,347.4524688720703,358.2364807128906,368.58351135253906,363.0771484375,348.1481018066406,364.48231506347656,356.5570526123047,351.2665100097656,358.73509216308594,364.23695373535156,370.98419189453125,365.3648376464844,350.27122497558594,367.9919738769531,357.4743957519531,334.0733947753906,353.65003967285156,322.79931640625,332.82176208496094,316.4216613769531,265.2815399169922,268.5160675048828,261.9876251220703,221.45855712890625,255.33856201171875,218.99227905273438,168.63284301757812,261.4919128417969,203.87493896484375,195.44000244140625,173.68215942382812,125.57940673828125,138.98086547851562,96.7183837890625,109.05026245117188,162.1959228515625,136.0467529296875,175.16073608398438,132.78009033203125,162.31326293945312,167.7099609375,150.67083740234375,122.44747924804688,67.29925537109375,76.51235961914062,121.09518432617188,22.910400390625,37.379913330078125,55.919708251953125,16.891693115234375,54.785125732421875,51.28924560546875,26.108612060546875,88.70895385742188,83.40200805664062,66.84622192382812,94.01275634765625,100.53976440429688,25.1156005859375,-9.38201904296875,42.570770263671875,76.46319580078125,153.46572875976562,101.20263671875,120.11691284179688,86.99948120117188,108.7156982421875,130.06298828125,137.430908203125,70.21481323242188,143.81442260742188,166.48159790039062,144.3931884765625,135.58563232421875,168.61495971679688,116.22457885742188,159.03533935546875,155.20855712890625,115.78652954101562,185.63787841796875,131.67526245117188,129.54388427734375,168.57962036132812,170.73638916015625,163.40353393554688,75.16195678710938,68.87603759765625,121.4542236328125,115.306640625,75.12680053710938,148.48089599609375,112.31918334960938,155.21505737304688,48.3201904296875,136.2091064453125,124.02523803710938,135.446044921875,114.05828857421875,216.27191162109375,170.72760009765625,169.48410034179688,197.46270751953125,172.890380859375,135.03363037109375,119.62234497070312,127.56222534179688,189.0328369140625,134.56680297851562,182.270751953125,178.360107421875,221.55474853515625,151.45211791992188,131.20724487304688,190.4801025390625,161.10012817382812,196.66937255859375,164.4063720703125,206.959716796875
"S380",187.41098022460938,244.1727294921875,262.0640106201172,309.0985870361328,292.1073303222656,315.04087829589844,302.1083221435547,297.45391845703125,341.0778045654297,347.5620880126953,315.7155303955078,346.4845428466797,346.3828430175781,328.44105529785156,356.87193298339844,354.0770263671875,347.1468811035156,349.2286682128906,346.6096954345703,347.5922393798828,357.33445739746094,341.7361602783203,336.1875762939453,345.3269958496094,358.2364807128906,334.5303649902344,363.0771484375,348.1481018066406,345.9720153808594,356.5570526123047,351.2665100097656,358.73509216308594,364.23695373535156,370.98419189453125,365.3648376464844,350.27122497558594,367.9919738769531,357.4743957519531,334.0733947753906,353.65003967285156,291.7904052734375,312.1620635986328,316.4216613769531,252.83236694335938,239.08328247070312,232.43914794921875,203.791748046875,133.67178344726562,70.50341796875,62.762969970703125,68.02734375,22.200408935546875,56.361480712890625,78.49380493164062,17.09234619140625,0.02642822265625,14.762298583984375,25.2825927734375,-11.203155517578125,0.093841552734375,-0.375701904296875,-48.99176025390625,-37.65887451171875,-42.68817138671875,14.68682861328125,-22.48138427734375,-29.578857421875,41.4512939453125,-20.85955810546875,-48.3363037109375,37.379913330078125,-45.5106201171875,5.638763427734375,3.9840087890625,43.06219482421875,26.108612060546875,24.172576904296875,-17.85369873046875,34.86273193359375,-18.12957763671875,-21.47259521484375,-58.05816650390625,-46.388427734375,-43.04278564453125,-9.735626220703125,-12.62298583984375,-35.17950439453125,-57.11016845703125,-4.40045166015625,0.93804931640625,20.564849853515625,-45.025634765625,-118.68255615234375,80.6697998046875,-52.74853515625,-25.85150146484375,-12.993896484375,17.98907470703125,-15.62139892578125,25.49945068359375,34.891937255859375,-41.28857421875,39.52581787109375,0.82867431640625,36.19305419921875,7.92913818359375,59.16766357421875,26.043914794921875,-47.9915771484375,-33.60888671875,26.67431640625,-18.0333251953125,-8.06671142578125,33.94720458984375,2.001678466796875,24.83270263671875,18.259063720703125,44.31390380859375,61.709381103515625,38.602020263671875,49.94732666015625,120.00604248046875,76.66064453125,106.285888671875,108.51144409179688,93.83016967773438,43.78643798828125,87.9720458984375,127.56222534179688,156.69207763671875,81.62594604492188,163.39520263671875,96.78591918945312,150.99261474609375,151.45211791992188,73.41079711914062,99.47378540039062,115.03103637695312,154.60629272460938,136.34677124023438,100.15084838867188
"S381",180.03445434570312,164.7569580078125,234.92794799804688,231.41665649414062,237.6148681640625,265.8235321044922,259.4925994873047,247.47695922851562,270.6591033935547,271.21588134765625,298.4490509033203,285.1505126953125,286.1000671386719,301.54310607910156,296.7857360839844,306.0527648925781,306.5936584472656,295.3887634277344,298.6120147705078,295.04359436035156,305.3377990722656,315.5979309082031,323.39720153808594,311.7491760253906,339.67405700683594,329.56915283203125,336.3353576660156,346.4695281982422,336.6913146972656,326.6693115234375,344.4952850341797,341.6411895751953,339.4167022705078,355.18365478515625,320.1182556152344,340.44850158691406,340.8228302001953,331.7000274658203,329.12591552734375,322.7158966064453,265.54856872558594,284.29949951171875,280.45143127441406,243.80853271484375,239.08328247070312,232.43914794921875,203.791748046875,133.67178344726562,70.50341796875,62.762969970703125,68.02734375,22.200408935546875,56.361480712890625,78.49380493164062,17.09234619140625,0.02642822265625,14.762298583984375,25.2825927734375,-33.23016357421875,0.093841552734375,-0.375701904296875,-61.32537841796875,-37.65887451171875,-42.68817138671875,14.68682861328125,-22.48138427734375,-37.34814453125,0.34051513671875,-49.53546142578125,-48.3363037109375,-57.60919189453125,-64.49432373046875,5.638763427734375,-31.9110107421875,10.70587158203125,-50.29754638671875,-99.67169189453125,-120.46185302734375,-66.75054931640625,-87.03936767578125,-21.47259521484375,-58.05816650390625,-46.388427734375,-43.04278564453125,-45.715576171875,-90.67193603515625,-35.17950439453125,-74.94842529296875,-4.40045166015625,-46.50067138671875,-18.49786376953125,-111.25799560546875,-118.68255615234375,-24.08123779296875,-75.607666015625,-25.85150146484375,-28.79345703125,-6.0316162109375,-66.74639892578125,-1.600677490234375,-61.18804931640625,-142.9930419921875,-81.7701416015625,-171.0634765625,-106.29736328125,-131.02105712890625,-64.7757568359375,-54.260498046875,-47.9915771484375,-107.74163818359375,23.8072509765625,-97.847412109375,-23.3748779296875,-39.85113525390625,-36.0645751953125,24.83270263671875,18.259063720703125,-111.5384521484375,37.6611328125,38.602020263671875,5.6024169921875,-5.056610107421875,37.894256591796875,29.1202392578125,65.24575805664062,74.97357177734375,43.78643798828125,87.9720458984375,76.70538330078125,90.78973388671875,81.62594604492188,116.58819580078125,96.78591918945312,22.50299072265625,124.4267578125,64.38967895507812,31.40899658203125,62.3739013671875,54.638824462890625,34.78863525390625,45.8076171875
"S382",37.04608154296875,94.73422241210938,246.90054321289062,228.34579467773438,206.80880737304688,234.75863647460938,169.35321044921875,194.10342407226562,210.46490478515625,207.577392578125,211.70864868164062,221.43380737304688,230.49432373046875,243.08056640625,262.03038024902344,251.2967987060547,263.9021911621094,278.4147491455078,271.37290954589844,278.3453369140625,272.31732177734375,284.4848327636719,293.9231262207031,305.19151306152344,305.3459777832031,323.1613006591797,316.8116455078125,296.55015563964844,321.2441711425781,330.9178771972656,301.69618225097656,299.08717346191406,335.2642822265625,317.16668701171875,320.1182556152344,323.0763397216797,310.8445587158203,304.75494384765625,318.83604431152344,312.0734405517578,306.5472869873047,297.07554626464844,195.93954467773438,221.18795776367188,239.64044189453125,201.05337524414062,197.643798828125,133.62533569335938,70.50341796875,110.73269653320312,92.71368408203125,47.052520751953125,56.361480712890625,78.49380493164062,77.87744140625,-6.9210205078125,16.323516845703125,25.2825927734375,-22.10955810546875,-29.35821533203125,-0.375701904296875,19.069000244140625,-2.49310302734375,-57.33160400390625,-57.1849365234375,-32.185791015625,-37.34814453125,-80.47833251953125,-19.90234375,-62.9005126953125,-82.57763671875,-118.7921142578125,-41.255615234375,-31.9110107421875,-59.905517578125,-88.80859375,-102.9306640625,-147.52435302734375,-77.767578125,-121.71014404296875,-100.7359619140625,-96.60748291015625,-149.401611328125,-132.6649169921875,-136.9962158203125,-98.25872802734375,-164.94970703125,-158.48211669921875,-88.08856201171875,-129.99859619140625,-124.376953125,-111.25799560546875,-118.68255615234375,-165.56634521484375,-104.31817626953125,-111.22857666015625,-134.436279296875,-141.64251708984375,-112.0802001953125,-102.3958740234375,-69.28106689453125,-33.69818115234375,-124.50079345703125,-122.80108642578125,-15.159423828125,-100.8333740234375,-90.7581787109375,-88.7889404296875,-138.32794189453125,-178.2388916015625,-60.734619140625,-138.17852783203125,-122.8759765625,-115.66278076171875,-103.14019775390625,-110.7093505859375,-84.88299560546875,-105.5423583984375,-70.10137939453125,-55.78857421875,-48.618896484375,45.098419189453125,22.160919189453125,38.0008544921875,40.080474853515625,43.57037353515625,37.257293701171875,18.914337158203125,-51.79730224609375,-8.350799560546875,77.58843994140625,8.16094970703125,20.769866943359375,120.40744018554688,139.86288452148438,108.93243408203125,36.965545654296875,154.103515625,149.48779296875,153.87521362304688,188.8614501953125
"S383",79.81488037109375,170.71099853515625,246.90054321289062,256.8956756591797,321.0577850341797,234.75863647460938,236.08688354492188,285.1742401123047,307.7261657714844,263.71458435058594,321.0723876953125,317.03851318359375,318.3028564453125,348.9470520019531,332.03370666503906,326.80348205566406,321.7759094238281,338.0309295654297,332.5063171386719,367.91111755371094,363.60963439941406,355.5701904296875,363.22552490234375,344.3842468261719,351.10455322265625,370.90281677246094,367.0090789794922,377.2334671020508,376.0456237792969,358.9764709472656,359.43919372558594,362.5885772705078,370.24664306640625,363.3749084472656,376.41465759277344,355.3722381591797,355.3629150390625,338.6566925048828,360.2554473876953,328.2586669921875,363.86669921875,297.07554626464844,318.3533020019531,308.6518249511719,276.775146484375,283.24456787109375,244.99977111816406,208.94940185546875,186.76031494140625,180.1646728515625,120.96246337890625,105.31622314453125,125.11935424804688,83.77899169921875,77.87744140625,78.43692016601562,16.323516845703125,-2.862213134765625,10.955352783203125,-39.7467041015625,0.42791748046875,34.839263916015625,-2.49310302734375,-56.15142822265625,-57.1849365234375,-32.185791015625,-25.95733642578125,-47.2034912109375,-19.90234375,-121.68304443359375,-85.3583984375,-189.7119140625,-62.23638916015625,-60.973876953125,-73.4632568359375,-131.8397216796875,-31.66497802734375,-40.46331787109375,-33.62457275390625,-98.51177978515625,-77.214599609375,-62.67645263671875,-113.0699462890625,-129.4013671875,-171.048583984375,-66.5225830078125,-138.3240966796875,-97.05682373046875,-111.1983642578125,-141.579833984375,-165.33551025390625,-139.00006103515625,-136.79083251953125,-156.4990234375,-107.77386474609375,-111.22857666015625,-134.436279296875,-141.64251708984375,-112.0802001953125,-162.2657470703125,-69.28106689453125,-33.69818115234375,-124.50079345703125,-122.80108642578125,-15.159423828125,-100.8333740234375,-88.4261474609375,-86.18670654296875,-138.32794189453125,-154.97100830078125,-56.69049072265625,-138.17852783203125,-93.731689453125,-115.66278076171875,-103.14019775390625,-63.86358642578125,-83.19610595703125,-6.355438232421875,52.4775390625,25.244049072265625,45.714447021484375,71.1265869140625,34.333251953125,38.0008544921875,54.12652587890625,91.01318359375,37.257293701171875,51.38812255859375,23.648529052734375,66.96466064453125,135.37493896484375,52.97808837890625,63.836456298828125,120.66815185546875,139.86288452148438,108.93243408203125,93.1927490234375,154.103515625,149.48779296875,179.85052490234375,188.8614501953125
"S384",79.81488037109375,170.71099853515625,246.90054321289062,256.8956756591797,321.0577850341797,234.75863647460938,236.08688354492188,285.1742401123047,307.7261657714844,263.71458435058594,321.0723876953125,317.03851318359375,318.3028564453125,348.9470520019531,332.03370666503906,326.80348205566406,321.7759094238281,338.0309295654297,332.5063171386719,367.91111755371094,363.60963439941406,355.5701904296875,363.22552490234375,344.3842468261719,351.10455322265625,370.90281677246094,367.0090789794922,377.2334671020508,376.0456237792969,358.9764709472656,359.43919372558594,362.5885772705078,370.24664306640625,363.3749084472656,376.41465759277344,355.3722381591797,355.3629150390625,338.6566925048828,360.2554473876953,328.2586669921875,363.86669921875,297.07554626464844,318.3533020019531,308.6518249511719,276.775146484375,283.24456787109375,244.99977111816406,208.94940185546875,186.76031494140625,180.1646728515625,120.96246337890625,105.31622314453125,125.11935424804688,83.77899169921875,77.87744140625,78.43692016601562,16.323516845703125,-2.862213134765625,10.955352783203125,-39.7467041015625,0.42791748046875,34.839263916015625,-2.49310302734375,-56.15142822265625,-57.1849365234375,-32.185791015625,-25.95733642578125,-47.2034912109375,-19.90234375,-121.68304443359375,-85.3583984375,-189.7119140625,-62.23638916015625,-60.973876953125,-73.4632568359375,-131.8397216796875,-31.66497802734375,-40.46331787109375,-33.62457275390625,-98.51177978515625,-77.214599609375,-62.67645263671875,-113.0699462890625,-129.4013671875,-171.048583984375,-66.5225830078125,-138.3240966796875,-97.05682373046875,-111.1983642578125,-141.579833984375,-165.33551025390625,-139.00006103515625,-136.79083251953125,-156.4990234375,-107.77386474609375,-111.22857666015625,-134.436279296875,-141.64251708984375,-112.0802001953125,-162.2657470703125,-69.28106689453125,-33.69818115234375,-124.50079345703125,-122.80108642578125,-15.159423828125,-100.8333740234375,-88.4261474609375,-86.18670654296875,-138.32794189453125,-154.97100830078125,-56.69049072265625,-138.17852783203125,-93.731689453125,-115.66278076171875,-103.14019775390625,-63.86358642578125,-83.19610595703125,-6.355438232421875,52.4775390625,25.244049072265625,45.714447021484375,71.1265869140625,34.333251953125,38.0008544921875,54.12652587890625,91.01318359375,37.257293701171875,51.38812255859375,23.648529052734375,66.96466064453125,135.37493896484375,52.97808837890625,63.836456298828125,120.66815185546875,139.86288452148438,108.93243408203125,93.1927490234375,154.103515625,149.48779296875,179.85052490234375,188.8614501953125
"S385",79.81488037109375,170.71099853515625,219.27642822265625,256.8956756591797,321.0577850341797,230.42178344726562,236.08688354492188,285.1742401123047,307.7261657714844,263.71458435058594,321.0723876953125,317.03851318359375,318.3028564453125,348.9470520019531,332.03370666503906,326.80348205566406,321.7759094238281,338.0309295654297,332.5063171386719,367.91111755371094,363.60963439941406,355.5701904296875,363.22552490234375,344.3842468261719,351.10455322265625,370.90281677246094,367.0090789794922,377.2334671020508,376.0456237792969,358.9764709472656,359.43919372558594,362.5885772705078,370.24664306640625,363.3749084472656,376.41465759277344,355.3722381591797,355.3629150390625,338.6566925048828,360.2554473876953,328.2586669921875,363.86669921875,293.0909423828125,318.3533020019531,308.6518249511719,276.775146484375,283.24456787109375,244.99977111816406,208.94940185546875,186.76031494140625,180.1646728515625,120.96246337890625,105.31622314453125,125.11935424804688,83.77899169921875,73.70404052734375,78.43692016601562,-42.94903564453125,-2.862213134765625,10.955352783203125,-68.27752685546875,0.42791748046875,34.839263916015625,-16.14471435546875,-56.15142822265625,-125.85540771484375,-35.48687744140625,-25.95733642578125,-47.2034912109375,-84.67852783203125,-145.19769287109375,-85.3583984375,-189.7119140625,-62.23638916015625,-60.973876953125,-73.4632568359375,-131.8397216796875,-31.66497802734375,-40.46331787109375,-33.62457275390625,-98.51177978515625,-77.214599609375,-62.67645263671875,-113.0699462890625,-129.4013671875,-171.048583984375,-66.5225830078125,-138.3240966796875,-97.05682373046875,-111.1983642578125,-141.579833984375,-165.33551025390625,-139.00006103515625,-136.79083251953125,-156.4990234375,-195.28369140625,-194.593017578125,-208.416748046875,-182.2589111328125,-307.62615966796875,-206.05902099609375,-161.854736328125,-89.54193115234375,-181.79351806640625,-156.56878662109375,-97.7598876953125,-138.734130859375,-88.4261474609375,-86.18670654296875,-197.31817626953125,-154.97100830078125,-56.69049072265625,-144.37384033203125,-93.731689453125,-118.4130859375,-117.9420166015625,-63.86358642578125,-83.19610595703125,-6.355438232421875,52.4775390625,25.244049072265625,45.714447021484375,71.1265869140625,34.333251953125,-9.1927490234375,54.12652587890625,91.01318359375,9.969818115234375,51.38812255859375,23.648529052734375,66.96466064453125,135.37493896484375,52.97808837890625,63.836456298828125,120.66815185546875,127.48800659179688,76.73355102539062,93.1927490234375,127.43414306640625,140.62875366210938,179.85052490234375,117.02700805664062
"S386",124.43463134765625,272.4873962402344,249.1221466064453,243.14730834960938,310.8743438720703,295.2048034667969,316.76824951171875,325.9166717529297,293.8297119140625,325.01318359375,353.6350555419922,336.9868927001953,343.6398620605469,362.62408447265625,347.5300598144531,356.60218811035156,370.7421875,341.2128601074219,359.9433135986328,365.54930114746094,343.3196258544922,353.5149688720703,356.18601989746094,355.3932189941406,361.59149169921875,367.72291564941406,351.22166442871094,358.9484100341797,358.59942626953125,350.63209533691406,347.27783203125,365.4556427001953,355.35435485839844,357.1129150390625,363.87353515625,345.0233917236328,335.42811584472656,348.35044860839844,345.96192932128906,320.99473571777344,323.0078430175781,307.5271301269531,297.0480194091797,305.165283203125,269.9471740722656,236.63558959960938,234.19192504882812,183.8153076171875,150.09494018554688,109.8597412109375,108.19815063476562,83.41561889648438,95.44970703125,14.16070556640625,-30.32696533203125,33.50146484375,42.046905517578125,-13.54254150390625,52.565216064453125,35.51617431640625,75.51904296875,17.132293701171875,16.136566162109375,-68.09906005859375,-48.9986572265625,-3.80718994140625,-126.33502197265625,-21.66015625,2.052886962890625,4.80914306640625,8.706756591796875,-40.53363037109375,-51.03131103515625,-93.15924072265625,-14.7869873046875,-75.82073974609375,-48.96246337890625,-127.6629638671875,-103.181640625,-153.58538818359375,-197.90234375,-133.978271484375,-240.9339599609375,-185.4788818359375,-272.797119140625,-251.438232421875,-181.679443359375,-162.42816162109375,-127.5401611328125,-94.08843994140625,-101.552978515625,-110.832275390625,-86.45751953125,-86.1357421875,-83.791259765625,-68.07366943359375,-77.9320068359375,-114.51507568359375,-137.4166259765625,-97.08245849609375,-136.279052734375,-110.10723876953125,-92.87176513671875,-106.18280029296875,-80.27325439453125,-41.63238525390625,-92.15948486328125,-108.455810546875,-117.02398681640625,-112.51043701171875,-59.41455078125,-29.5272216796875,-120.688720703125,-12.1453857421875,-60.26611328125,16.974853515625,41.832305908203125,-33.6824951171875,30.86480712890625,17.22906494140625,-30.0697021484375,17.410308837890625,-2.34442138671875,-33.57794189453125,8.06878662109375,1.060882568359375,24.08575439453125,29.4844970703125,46.11737060546875,23.263092041015625,15.360687255859375,43.8565673828125,45.855926513671875,98.80859375,37.068572998046875,104.4163818359375,115.18353271484375,107.21182250976562,138.12045288085938,104.62261962890625,128.37423706054688
"S387",124.43463134765625,272.4873962402344,249.1221466064453,243.14730834960938,310.8743438720703,295.2048034667969,316.76824951171875,325.9166717529297,293.8297119140625,325.01318359375,353.6350555419922,336.9868927001953,343.6398620605469,362.62408447265625,347.5300598144531,356.60218811035156,370.7421875,341.2128601074219,359.9433135986328,365.54930114746094,343.3196258544922,353.5149688720703,356.18601989746094,355.3932189941406,361.59149169921875,367.72291564941406,351.22166442871094,358.9484100341797,358.59942626953125,350.63209533691406,347.27783203125,365.4556427001953,355.35435485839844,357.1129150390625,363.87353515625,345.0233917236328,335.42811584472656,348.35044860839844,345.96192932128906,320.99473571777344,323.0078430175781,307.5271301269531,297.0480194091797,305.165283203125,269.9471740722656,236.63558959960938,234.19192504882812,183.8153076171875,150.09494018554688,109.8597412109375,108.19815063476562,83.41561889648438,95.44970703125,14.16070556640625,-30.32696533203125,33.50146484375,42.046905517578125,-13.54254150390625,52.565216064453125,35.51617431640625,75.51904296875,17.132293701171875,16.136566162109375,-68.09906005859375,-48.9986572265625,-3.80718994140625,-126.33502197265625,-21.66015625,2.052886962890625,4.80914306640625,8.706756591796875,-40.53363037109375,-51.03131103515625,-93.15924072265625,-14.7869873046875,-75.82073974609375,-48.96246337890625,-127.6629638671875,-103.181640625,-153.58538818359375,-197.90234375,-133.978271484375,-240.9339599609375,-185.4788818359375,-272.797119140625,-251.438232421875,-181.679443359375,-162.42816162109375,-127.5401611328125,-94.08843994140625,-101.552978515625,-110.832275390625,-86.45751953125,-86.1357421875,-83.791259765625,-68.07366943359375,-77.9320068359375,-114.51507568359375,-137.4166259765625,-97.08245849609375,-136.279052734375,-110.10723876953125,-92.87176513671875,-106.18280029296875,-80.27325439453125,-41.63238525390625,-92.15948486328125,-108.455810546875,-117.02398681640625,-112.51043701171875,-59.41455078125,-29.5272216796875,-120.688720703125,-12.1453857421875,-60.26611328125,16.974853515625,41.832305908203125,-33.6824951171875,30.86480712890625,17.22906494140625,-30.0697021484375,17.410308837890625,-2.34442138671875,-33.57794189453125,8.06878662109375,1.060882568359375,24.08575439453125,29.4844970703125,46.11737060546875,23.263092041015625,15.360687255859375,43.8565673828125,45.855926513671875,98.80859375,40.27301025390625,104.4163818359375,121.49832153320312,107.21182250976562,138.12045288085938,104.62261962890625,128.37423706054688
"S388",346.8894348144531,348.14393615722656,372.8886489868164,363.0385284423828,332.30760192871094,344.26429748535156,355.89659118652344,382.5509033203125,365.1978454589844,367.23907470703125,389.7176971435547,403.7495346069336,398.50975036621094,393.58795166015625,405.23319244384766,393.8956069946289,400.0642395019531,405.6252136230469,397.01885986328125,396.42100524902344,405.3257293701172,403.10728454589844,404.81067657470703,404.41937255859375,403.9809036254883,400.89966583251953,402.7371139526367,395.3951721191406,401.02649688720703,399.95460510253906,398.6765670776367,397.25733184814453,395.6600646972656,393.8718032836914,391.85721588134766,389.64476013183594,380.6515426635742,384.5751190185547,381.7435607910156,332.92816162109375,367.3264923095703,357.61766052246094,314.9291687011719,312.49208068847656,272.9899444580078,236.63558959960938,234.19192504882812,195.62667846679688,150.09494018554688,109.8597412109375,108.19815063476562,83.41561889648438,95.44970703125,14.16070556640625,-30.32696533203125,33.50146484375,42.046905517578125,-13.54254150390625,52.565216064453125,35.51617431640625,75.51904296875,17.132293701171875,16.136566162109375,-68.09906005859375,-48.9986572265625,-3.80718994140625,-126.33502197265625,-21.66015625,2.052886962890625,4.80914306640625,8.706756591796875,-40.53363037109375,-51.03131103515625,-93.15924072265625,-14.7869873046875,-75.82073974609375,-48.96246337890625,-127.6629638671875,-103.181640625,-153.58538818359375,-197.90234375,-133.978271484375,-240.9339599609375,-185.4788818359375,-272.797119140625,-251.438232421875,-181.679443359375,-162.42816162109375,-127.5401611328125,-94.08843994140625,-101.552978515625,-110.832275390625,-86.45751953125,-86.1357421875,-83.791259765625,-68.07366943359375,-77.9320068359375,-114.51507568359375,-137.4166259765625,-97.08245849609375,-136.279052734375,-110.10723876953125,-92.87176513671875,-106.18280029296875,-80.27325439453125,-41.63238525390625,-92.15948486328125,-108.455810546875,-102.2613525390625,-55.965576171875,-59.41455078125,-29.5272216796875,-120.688720703125,-11.1229248046875,-60.26611328125,16.974853515625,41.832305908203125,77.2568359375,87.95611572265625,145.16958618164062,108.0645751953125,140.51568603515625,167.8238525390625,129.5809326171875,150.35842895507812,181.87838745117188,221.34771728515625,216.14630126953125,229.77731323242188,163.517822265625,234.037841796875,255.80880737304688,231.17864990234375,248.19564819335938,291.3401336669922,276.8991241455078,213.75299072265625,286.2036437988281,272.86024475097656,245.73660278320312,299.58750915527344
"S389",346.8894348144531,348.14393615722656,372.8886489868164,363.0385284423828,332.30760192871094,344.26429748535156,355.89659118652344,382.5509033203125,365.1978454589844,367.23907470703125,388.23136138916016,389.35054779052734,390.3693542480469,391.2262878417969,391.7608871459961,392.21288299560547,392.56553649902344,392.77831268310547,392.9046936035156,392.92476654052734,392.9159851074219,392.79088592529297,392.6304397583008,392.3658676147461,392.05408477783203,391.58557891845703,391.0431900024414,390.4137878417969,389.62474060058594,388.7075729370117,387.5865478515625,386.31087493896484,384.8759078979492,383.2603759765625,381.3958206176758,379.31934356689453,376.9912109375,374.44639587402344,371.6766815185547,332.92816162109375,365.4682159423828,357.61766052246094,314.9291687011719,312.49208068847656,272.9899444580078,220.180908203125,199.76705932617188,195.62667846679688,40.111297607421875,101.74880981445312,21.448760986328125,-34.560791015625,-15.8529052734375,-149.8984375,-192.2357177734375,-87.89703369140625,-164.30206298828125,-158.7816162109375,-162.7777099609375,-167.8834228515625,-115.58514404296875,-166.23480224609375,-148.22027587890625,-231.364990234375,-153.62567138671875,-146.68853759765625,-153.84033203125,-172.5888671875,-176.27117919921875,-165.36346435546875,-155.61688232421875,-189.98284912109375,-181.5623779296875,-227.51983642578125,-147.890380859375,-246.94573974609375,-246.95843505859375,-316.68145751953125,-288.73846435546875,-327.307861328125,-321.45660400390625,-290.28570556640625,-305.6429443359375,-371.48638916015625,-462.31878662109375,-468.63677978515625,-360.1773681640625,-329.3818359375,-328.84332275390625,-230.52630615234375,-258.34136962890625,-267.8863525390625,-183.91253662109375,-197.93182373046875,-260.78497314453125,-206.6544189453125,-198.20758056640625,-188.59625244140625,-205.3590087890625,-182.181640625,-212.9967041015625,-201.21551513671875,-185.95733642578125,-191.918212890625,-156.37030029296875,-152.7908935546875,-196.72186279296875,-141.83544921875,-102.2613525390625,-55.965576171875,-118.3548583984375,-112.110595703125,-145.445068359375,-11.1229248046875,-112.257080078125,-40.5408935546875,38.5364990234375,77.2568359375,87.95611572265625,145.16958618164062,108.0645751953125,140.51568603515625,167.8238525390625,129.5809326171875,150.35842895507812,181.87838745117188,221.34771728515625,216.14630126953125,229.77731323242188,163.517822265625,234.037841796875,255.80880737304688,231.17864990234375,248.19564819335938,291.3401336669922,276.8991241455078,213.75299072265625,286.2036437988281,272.86024475097656,245.73660278320312,299.58750915527344
"S390",393.96068572998047,348.14393615722656,372.8886489868164,385.9838638305664,374.6759948730469,421.215087890625,422.33846282958984,423.39759063720703,424.2606658935547,425.00337982177734,425.68558502197266,426.2533187866211,426.7718276977539,427.1864242553711,427.3856430053711,406.49044036865234,427.65846252441406,427.68302154541016,427.65208435058594,427.56822967529297,427.4519729614258,427.2607955932617,427.0429916381836,426.7518844604492,426.4173278808594,425.9611282348633,425.4360809326172,424.8442840576172,424.1240692138672,423.3015670776367,422.32654571533203,421.2231750488281,420.00145721435547,418.6471710205078,417.1038131713867,415.41085052490234,413.53746795654297,411.51293182373047,408.77584075927734,407.04186248779297,404.55528259277344,401.94412994384766,399.2522888183594,396.38895416259766,393.4022903442383,390.3568115234375,306.8230438232422,383.9730911254883,368.48944091796875,377.4318084716797,349.5871276855469,300.13099670410156,290.1108856201172,267.19432067871094,234.86553955078125,268.1156311035156,263.8601531982422,264.7467803955078,223.12246704101562,258.01219177246094,234.22225952148438,198.28799438476562,235.97503662109375,82.21432495117188,26.627471923828125,54.595794677734375,138.2445068359375,91.45184326171875,229.71096801757812,141.87884521484375,107.37551879882812,227.6893310546875,202.1573486328125,224.06924438476562,237.17022705078125,-53.028076171875,216.40304565429688,187.12384033203125,150.65643310546875,141.49407958984375,62.789459228515625,181.26925659179688,214.41476440429688,208.279052734375,206.9969482421875,203.80978393554688,200.67330932617188,157.73440551757812,192.79150390625,131.90142822265625,187.2669677734375,190.70602416992188,189.56982421875,189.35498046875,186.3143310546875,189.8236083984375,152.05584716796875,172.84124755859375,193.94436645507812,196.38046264648438,199.06988525390625,202.06304931640625,148.35574340820312,183.46697998046875,165.215576171875,167.304443359375,136.58200073242188,159.9429931640625,199.2012939453125,225.75469970703125,197.68783569335938,201.19894409179688,212.8328857421875,224.87091064453125,216.77896118164062,226.38095092773438,267.77345275878906,265.6782989501953,226.40512084960938,261.9658660888672,257.4602508544922,284.84967041015625,285.3102111816406,227.55923461914062,196.73995971679688,269.0901336669922,339.5174560546875,344.7422790527344,331.40203857421875,355.7436828613281,360.6554260253906,342.8711242675781,369.9501647949219,374.23265075683594,291.3401336669922,304.7397918701172,380.69933319091797,375.97296142578125,372.83483123779297,390.9071502685547,387.8776397705078
"S391",393.96068572998047,380.2690200805664,400.0571517944336,407.52083587646484,374.6759948730469,433.6690902709961,434.6877670288086,435.6577377319336,436.4697914123535,437.1822967529297,437.8233413696289,438.3834991455078,438.8792152404785,439.2897491455078,439.53966522216797,429.16202545166016,439.8831977844238,439.95783615112305,439.9906234741211,439.9484405517578,439.91040802001953,439.8034210205078,439.6770210266113,439.48344802856445,439.2622833251953,438.9491653442383,438.599178314209,438.1837043762207,437.6709098815918,437.0806198120117,436.3658752441406,435.5645217895508,434.66160583496094,433.64476013183594,432.4861602783203,431.20751190185547,429.7838821411133,428.23870849609375,417.7587356567383,424.7867660522461,422.8401336669922,420.7916717529297,418.0299301147461,416.40111541748047,414.0107650756836,399.47503662109375,358.308349609375,390.62703704833984,368.48944091796875,382.32550048828125,349.5871276855469,300.13099670410156,290.1108856201172,267.19432067871094,234.86553955078125,268.1156311035156,263.8601531982422,264.7467803955078,223.12246704101562,258.01219177246094,234.22225952148438,198.28799438476562,235.97503662109375,145.3125,169.96755981445312,173.22622680664062,178.31448364257812,153.24490356445312,229.71096801757812,180.240966796875,159.602783203125,227.6893310546875,202.1573486328125,224.06924438476562,237.17022705078125,-53.028076171875,216.40304565429688,187.12384033203125,150.65643310546875,141.49407958984375,133.1436767578125,181.26925659179688,263.4464111328125,208.279052734375,216.80499267578125,243.72747802734375,211.9224853515625,163.05508422851562,192.79150390625,145.3134765625,187.2669677734375,204.76739501953125,189.56982421875,198.955810546875,186.3143310546875,201.85650634765625,152.05584716796875,172.84124755859375,213.8927001953125,201.32778930664062,230.86941528320312,222.922607421875,154.97647094726562,183.46697998046875,202.48431396484375,167.304443359375,136.58200073242188,168.4346923828125,199.2012939453125,225.75469970703125,197.68783569335938,201.19894409179688,212.8328857421875,224.87091064453125,216.77896118164062,226.38095092773438,267.77345275878906,265.6782989501953,226.40512084960938,261.9658660888672,257.4602508544922,284.84967041015625,285.3102111816406,280.5161895751953,232.92950439453125,271.71441650390625,339.98834228515625,344.7422790527344,331.40203857421875,373.4396209716797,374.48050689697266,342.8711242675781,379.5707702636719,377.04911041259766,326.9038543701172,324.3598937988281,380.69933319091797,375.97296142578125,372.83483123779297,390.9071502685547,387.8776397705078
"S392",393.96068572998047,380.2690200805664,400.0571517944336,407.52083587646484,374.6759948730469,424.7999954223633,425.9547653198242,427.052001953125,427.96642303466797,428.7667922973633,429.49635314941406,430.1241912841797,430.68994140625,431.15633392333984,431.42655181884766,429.16202545166016,431.8114242553711,431.89253997802734,431.92247772216797,431.8838653564453,431.8322296142578,431.7066116333008,431.5585250854492,431.33988189697266,431.0877151489258,430.7295837402344,430.3218231201172,429.8490982055664,429.2652282714844,428.59325408935547,427.7825241088867,426.8665542602539,425.84095764160156,424.69141387939453,423.37603759765625,421.9237823486328,420.3058166503906,418.54842376708984,416.6468200683594,414.6284408569336,412.42252349853516,410.0971450805664,407.6775665283203,405.1122283935547,402.4042434692383,399.47503662109375,358.308349609375,390.62703704833984,368.48944091796875,382.32550048828125,349.5871276855469,300.13099670410156,290.1108856201172,267.19432067871094,234.86553955078125,268.1156311035156,263.8601531982422,264.7467803955078,223.12246704101562,258.01219177246094,234.22225952148438,198.28799438476562,235.97503662109375,145.3125,169.96755981445312,173.22622680664062,178.31448364257812,153.24490356445312,229.71096801757812,180.240966796875,159.602783203125,227.6893310546875,202.1573486328125,224.06924438476562,237.17022705078125,-53.028076171875,216.40304565429688,187.12384033203125,150.65643310546875,141.49407958984375,133.1436767578125,181.26925659179688,235.21847534179688,208.279052734375,216.80499267578125,224.67080688476562,211.9224853515625,163.05508422851562,192.79150390625,145.3134765625,187.2669677734375,204.76739501953125,189.56982421875,198.955810546875,186.3143310546875,201.85650634765625,152.05584716796875,172.84124755859375,210.92965698242188,201.32778930664062,214.9901123046875,217.4735107421875,154.97647094726562,183.46697998046875,202.48431396484375,167.304443359375,136.58200073242188,168.4346923828125,199.2012939453125,225.75469970703125,197.68783569335938,201.19894409179688,212.8328857421875,224.87091064453125,216.77896118164062,226.38095092773438,267.77345275878906,265.6782989501953,226.40512084960938,261.9658660888672,257.4602508544922,284.84967041015625,285.3102111816406,280.5161895751953,232.92950439453125,271.71441650390625,339.98834228515625,344.7422790527344,331.40203857421875,360.18858337402344,364.98252868652344,342.8711242675781,374.14588928222656,377.04911041259766,326.9038543701172,324.3598937988281,380.69933319091797,375.97296142578125,372.83483123779297,390.9071502685547,387.8776397705078
"S393",364.83787536621094,380.2690200805664,400.0571517944336,407.52083587646484,373.80113220214844,390.6210250854492,384.8495635986328,374.28759002685547,409.5385208129883,390.7982940673828,415.1688995361328,394.3838882446289,421.71514892578125,415.45062255859375,424.0699234008789,424.3900375366211,424.6467590332031,424.80492401123047,424.9096908569336,424.90625762939453,419.5243606567383,424.84033966064453,424.7386169433594,424.5523986816406,424.33740997314453,409.0857391357422,423.6585159301758,423.22113037109375,422.67288970947266,422.03560638427734,421.2501449584961,412.5335235595703,419.36795806884766,418.2279586791992,416.9232864379883,415.47215270996094,413.8463592529297,412.0718688964844,410.14075469970703,400.9415817260742,398.4988021850586,403.36609649658203,400.67279052734375,368.503662109375,395.2677917480469,386.45721435546875,358.308349609375,354.06298828125,327.00360107421875,308.52549743652344,327.19921875,290.23858642578125,275.00331115722656,231.10977172851562,225.9610595703125,225.64849853515625,224.9688720703125,200.9071044921875,167.677978515625,209.12225341796875,165.498046875,165.83502197265625,177.78152465820312,145.3125,169.96755981445312,173.22622680664062,178.31448364257812,153.24490356445312,167.11135864257812,180.240966796875,159.602783203125,172.40286254882812,154.44622802734375,167.30300903320312,189.904296875,-81.70672607421875,70.6702880859375,170.65911865234375,122.79940795898438,126.89895629882812,133.1436767578125,118.62081909179688,138.90621948242188,185.63973999023438,133.23138427734375,161.81463623046875,196.39779663085938,163.05508422851562,118.55484008789062,145.3134765625,107.94464111328125,165.02761840820312,160.03134155273438,136.42013549804688,141.4793701171875,158.34262084960938,151.00479125976562,164.25839233398438,177.21881103515625,172.62973022460938,168.33453369140625,142.51126098632812,154.97647094726562,111.88882446289062,195.983154296875,155.13882446289062,129.82937622070312,168.4346923828125,144.43499755859375,155.39236450195312,181.36431884765625,163.22091674804688,115.1121826171875,192.68161010742188,183.93069458007812,196.523681640625,213.947265625,206.98712158203125,207.25009155273438,212.21319580078125,171.54986572265625,193.00003051757812,236.24337768554688,280.5161895751953,232.92950439453125,271.71441650390625,262.1937561035156,294.3775329589844,294.7926940917969,317.2842559814453,308.1105651855469,297.3639678955078,303.1253204345703,339.20599365234375,326.9038543701172,324.3598937988281,326.9242401123047,333.75897216796875,275.29498291015625,342.62042236328125,354.8130645751953
"S394",170.22238159179688,130.96200561523438,186.71548461914062,185.89093017578125,140.55953979492188,190.54547119140625,179.32101440429688,203.46340942382812,204.13143920898438,197.15045166015625,237.45864868164062,205.691650390625,219.34445190429688,218.814208984375,237.87197875976562,218.12557983398438,242.9083251953125,231.9002685546875,253.30067443847656,290.109619140625,272.5398712158203,277.7596893310547,295.0233154296875,302.8639221191406,275.65203857421875,311.18701171875,314.54798889160156,277.5172882080078,295.0672912597656,262.9356231689453,269.39341735839844,283.70928955078125,302.96595764160156,267.35450744628906,286.9726104736328,308.58998107910156,267.4028015136719,310.0271301269531,275.3655700683594,270.11756896972656,286.7416229248047,258.1329803466797,222.1708984375,236.09719848632812,223.34243774414062,230.24090576171875,149.82083129882812,64.28732299804688,92.9322509765625,32.54034423828125,71.06869506835938,-33.68377685546875,34.926300048828125,-72.08599853515625,-56.80572509765625,-99.14013671875,-135.75238037109375,-109.96893310546875,-86.49462890625,-94.744140625,-127.1639404296875,-176.46099853515625,-264.732421875,-217.2059326171875,-294.69427490234375,-301.0548095703125,-118.243408203125,-174.93463134765625,-163.59197998046875,-176.0145263671875,-188.44805908203125,-227.89013671875,-127.22607421875,-146.27178955078125,-154.39727783203125,-235.5828857421875,-169.80859375,-249.130126953125,-335.86431884765625,-408.21453857421875,-335.37103271484375,-254.322265625,-305.72027587890625,-430.645751953125,-303.296630859375,-407.58770751953125,-181.81121826171875,-177.93170166015625,-254.22088623046875,-180.011962890625,-215.85205078125,-191.2830810546875,-164.85760498046875,-288.73858642578125,-205.31964111328125,-225.8375244140625,-242.2392578125,-233.7135009765625,-199.77642822265625,-248.11260986328125,-209.68060302734375,-217.481201171875,-156.757568359375,-215.24176025390625,-117.09173583984375,-178.89227294921875,-211.14459228515625,-148.62548828125,-278.2783203125,-259.9178466796875,-291.220458984375,-262.74407958984375,-173.25750732421875,-139.84228515625,-201.6693115234375,-144.14044189453125,-90.22711181640625,-137.7127685546875,-253.24554443359375,-240.483154296875,-131.40509033203125,-156.23895263671875,-167.30816650390625,-149.1846923828125,-167.21990966796875,-137.106201171875,-139.3741455078125,-68.8660888671875,-61.31353759765625,-37.8255615234375,-50.62451171875,-90.1591796875,-30.32550048828125,49.534576416015625,16.386810302734375,18.513702392578125,46.304962158203125,39.134124755859375,33.493499755859375,2.98004150390625,59.20562744140625
"S395",153.3731689453125,211.66372680664062,166.349365234375,173.56326293945312,145.18197631835938,187.36077880859375,215.033935546875,240.22738647460938,279.8216552734375,260.3891143798828,256.5828857421875,288.19920349121094,275.40476989746094,288.45420837402344,289.99505615234375,277.3639678955078,272.1816101074219,303.9680938720703,302.4232177734375,307.0616912841797,265.51690673828125,310.15406799316406,318.14076232910156,305.87281799316406,296.7013702392578,313.0098114013672,320.44976806640625,301.3521270751953,313.4917755126953,334.5509338378906,313.22772216796875,311.78102111816406,335.33021545410156,303.3218994140625,244.05360412597656,244.88319396972656,261.86273193359375,281.5478973388672,262.10516357421875,271.23358154296875,252.51023864746094,258.1329803466797,197.14385986328125,186.08212280273438,200.32232666015625,180.1959228515625,123.02786254882812,155.2965087890625,153.05178833007812,73.64822387695312,110.35409545898438,90.29043579101562,53.4007568359375,110.56182861328125,30.410675048828125,83.36618041992188,-71.971923828125,11.127532958984375,3.34661865234375,-56.359375,9.33953857421875,-0.79962158203125,-29.2723388671875,-48.11962890625,-19.25311279296875,-29.2208251953125,17.16473388671875,-4.201904296875,-9.665863037109375,-34.1253662109375,-53.19061279296875,-64.70526123046875,-42.77410888671875,-111.286376953125,-11.136383056640625,-85.15350341796875,-10.435882568359375,-158.77105712890625,-57.96240234375,-17.68194580078125,-44.30584716796875,-6.505584716796875,-65.24554443359375,-60.7176513671875,-119.06591796875,-186.60650634765625,-64.58062744140625,-120.62677001953125,-296.58856201171875,-150.96441650390625,-97.84625244140625,-84.03497314453125,-45.2249755859375,-120.22857666015625,-83.09661865234375,-177.748046875,-164.48431396484375,-160.741455078125,-91.35748291015625,-192.75128173828125,-31.6796875,-13.93011474609375,-56.6153564453125,-165.4971923828125,-62.54437255859375,5.827056884765625,-188.29779052734375,-66.3455810546875,-31.67547607421875,34.82275390625,-145.51947021484375,-45.15887451171875,-60.95013427734375,1.816680908203125,-41.86639404296875,-104.000244140625,-75.00677490234375,-7.804962158203125,-6.513336181640625,-39.46893310546875,-152.4407958984375,40.5828857421875,-75.70001220703125,-185.98419189453125,-44.9595947265625,-163.452392578125,-139.38677978515625,-90.01739501953125,-113.35009765625,-128.6578369140625,-11.106719970703125,-112.2117919921875,-11.103851318359375,-85.082763671875,-148.1885986328125,9.954864501953125,-27.44635009765625,-79.0064697265625,-56.0556640625,2.98004150390625,-56.9549560546875
"S396",153.3731689453125,211.66372680664062,166.349365234375,173.56326293945312,145.18197631835938,187.36077880859375,215.033935546875,240.22738647460938,279.8216552734375,260.3891143798828,256.5828857421875,288.19920349121094,275.40476989746094,288.45420837402344,289.99505615234375,277.3639678955078,272.1816101074219,303.9680938720703,302.4232177734375,307.0616912841797,265.51690673828125,310.15406799316406,318.14076232910156,305.87281799316406,296.7013702392578,313.0098114013672,320.44976806640625,301.3521270751953,313.4917755126953,334.5509338378906,313.22772216796875,311.78102111816406,335.33021545410156,303.3218994140625,277.1567840576172,276.11688232421875,261.86273193359375,281.5478973388672,271.2936096191406,271.23358154296875,275.56288146972656,258.1329803466797,227.49087524414062,208.37020874023438,200.32232666015625,180.1959228515625,127.24786376953125,155.2965087890625,153.05178833007812,73.64822387695312,110.35409545898438,90.29043579101562,53.4007568359375,110.56182861328125,30.410675048828125,83.36618041992188,2.388214111328125,11.127532958984375,11.01507568359375,-15.6795654296875,9.33953857421875,-0.79962158203125,0.124053955078125,-40.66412353515625,-16.6405029296875,-29.2208251953125,17.16473388671875,-4.201904296875,-9.665863037109375,-34.1253662109375,-53.19061279296875,-26.80670166015625,-42.77410888671875,-44.0843505859375,-11.136383056640625,-85.15350341796875,-10.435882568359375,-24.64178466796875,-57.96240234375,-17.68194580078125,-44.30584716796875,-6.505584716796875,-65.24554443359375,-60.7176513671875,-93.7838134765625,-124.9140625,-64.58062744140625,-57.96331787109375,-82.39306640625,-68.53045654296875,-97.84625244140625,-56.5888671875,-22.89111328125,-80.1954345703125,-83.09661865234375,-83.38690185546875,-149.3651123046875,-67.47149658203125,-91.35748291015625,-105.098876953125,-31.6796875,-13.93011474609375,-56.6153564453125,-117.924072265625,-62.54437255859375,5.827056884765625,-56.232177734375,-66.3455810546875,-31.67547607421875,34.82275390625,-79.19830322265625,-45.15887451171875,-60.95013427734375,1.816680908203125,-41.86639404296875,-103.48590087890625,-75.00677490234375,-7.804962158203125,-6.513336181640625,-39.46893310546875,-132.673828125,40.5828857421875,-75.70001220703125,-138.40911865234375,-44.9595947265625,-83.79925537109375,-74.47991943359375,-44.75579833984375,-75.13922119140625,-50.1827392578125,-11.106719970703125,-51.35687255859375,-11.103851318359375,-3.429962158203125,-21.19500732421875,9.954864501953125,-27.44635009765625,-79.0064697265625,-56.0556640625,-65.86358642578125,-47.35113525390625
"S397",153.3731689453125,211.66372680664062,166.349365234375,173.56326293945312,145.18197631835938,187.36077880859375,215.033935546875,240.22738647460938,279.8216552734375,260.3891143798828,256.5828857421875,288.19920349121094,275.40476989746094,288.45420837402344,289.99505615234375,277.3639678955078,272.1816101074219,303.9680938720703,302.4232177734375,307.0616912841797,265.51690673828125,310.15406799316406,318.14076232910156,305.87281799316406,296.7013702392578,313.0098114013672,320.44976806640625,301.3521270751953,313.4917755126953,334.5509338378906,313.22772216796875,311.78102111816406,335.33021545410156,303.3218994140625,277.1567840576172,285.43341064453125,246.61944580078125,281.5478973388672,271.2936096191406,271.23358154296875,275.56288146972656,252.60275268554688,230.228271484375,235.48760986328125,200.32232666015625,180.1959228515625,131.5123291015625,155.2965087890625,153.05178833007812,73.64822387695312,110.35409545898438,90.29043579101562,53.4007568359375,110.56182861328125,42.51287841796875,83.36618041992188,38.80975341796875,40.101287841796875,47.1409912109375,13.286224365234375,9.33953857421875,31.7425537109375,29.681182861328125,1.7874755859375,-3.70074462890625,-10.21826171875,17.16473388671875,13.163360595703125,-9.665863037109375,-34.1253662109375,17.196014404296875,29.209869384765625,-8.275787353515625,-6.150665283203125,-11.136383056640625,-48.04254150390625,-8.991668701171875,-24.64178466796875,-57.96240234375,-17.68194580078125,-44.30584716796875,14.7823486328125,9.907470703125,-38.55401611328125,-31.88311767578125,-48.19683837890625,-24.58203125,2.453094482421875,-20.8709716796875,-13.203369140625,-77.9212646484375,-8.4288330078125,-11.1524658203125,-18.94866943359375,-31.495849609375,-52.56597900390625,-124.459716796875,-67.47149658203125,-91.35748291015625,-51.99017333984375,-31.6796875,-13.93011474609375,-56.6153564453125,-84.31378173828125,-62.54437255859375,5.827056884765625,-14.99725341796875,-17.31646728515625,-15.06146240234375,34.82275390625,-51.1036376953125,-45.15887451171875,-60.95013427734375,1.816680908203125,-41.86639404296875,-81.848388671875,-75.00677490234375,-7.804962158203125,-6.513336181640625,-39.46893310546875,-88.36126708984375,40.5828857421875,-75.70001220703125,-80.0616455078125,-44.9595947265625,-83.79925537109375,-74.47991943359375,-44.75579833984375,-75.13922119140625,-50.1827392578125,-11.106719970703125,-51.35687255859375,-11.103851318359375,19.20562744140625,-21.19500732421875,9.954864501953125,-27.44635009765625,-79.0064697265625,-72.6063232421875,-58.79119873046875,-47.35113525390625
"S398",35.831146240234375,104.89938354492188,87.2099609375,130.77239990234375,122.97369384765625,170.69586181640625,209.5555419921875,213.559814453125,235.5302734375,222.15585327148438,229.40106201171875,151.10772705078125,232.068359375,229.82086181640625,190.10693359375,227.07635498046875,236.4566650390625,234.61944580078125,240.47467041015625,253.3824920654297,261.06898498535156,261.9230194091797,265.3551788330078,269.34649658203125,271.7698059082031,272.2586975097656,266.3264923095703,269.5679016113281,280.4963073730469,295.63768005371094,277.73931884765625,276.0018768310547,292.2500305175781,282.2703094482422,277.1567840576172,285.43341064453125,246.61944580078125,279.2124786376953,271.2936096191406,256.0275573730469,275.56288146972656,252.60275268554688,230.228271484375,235.48760986328125,186.67056274414062,140.23724365234375,131.5123291015625,117.46725463867188,73.43682861328125,29.827117919921875,76.15933227539062,52.077117919921875,-4.98358154296875,22.600738525390625,42.51287841796875,39.3526611328125,38.80975341796875,40.101287841796875,47.1409912109375,13.286224365234375,-12.243896484375,31.7425537109375,29.681182861328125,1.7874755859375,-3.70074462890625,-10.21826171875,-1.43377685546875,13.163360595703125,-80.81756591796875,-146.47100830078125,17.196014404296875,29.209869384765625,-8.275787353515625,-6.150665283203125,-24.58251953125,-48.04254150390625,-21.8511962890625,-32.4288330078125,-102.6942138671875,-52.14849853515625,-61.45709228515625,-70.2672119140625,-78.7271728515625,-86.82427978515625,-93.81280517578125,-100.31231689453125,-106.663330078125,-112.07342529296875,-117.0128173828125,-121.07257080078125,-124.71728515625,-127.4033203125,-129.263916015625,-130.28985595703125,-130.3944091796875,-129.612548828125,-127.83111572265625,-125.284912109375,-121.4554443359375,-116.650146484375,-111.2601318359375,-105.23626708984375,-141.96905517578125,-90.5130615234375,-84.563720703125,-82.64569091796875,-63.9478759765625,-54.38836669921875,-44.549560546875,-48.40313720703125,-51.1036376953125,-148.79534912109375,-122.50689697265625,-116.8924560546875,-163.07208251953125,-81.848388671875,-136.322998046875,-140.5770263671875,-135.03936767578125,-143.18603515625,-88.36126708984375,-61.766357421875,-86.476806640625,-80.0616455078125,-85.461669921875,-83.79925537109375,-74.47991943359375,-44.75579833984375,-75.13922119140625,-50.1827392578125,-39.66436767578125,-51.35687255859375,-41.358154296875,19.20562744140625,-21.19500732421875,9.0137939453125,-75.2000732421875,-86.671142578125,-72.6175537109375,-58.79119873046875,-47.35113525390625
"S399",218.7083740234375,162.878662109375,239.45333862304688,309.0985870361328,292.1073303222656,315.04087829589844,302.1083221435547,297.45391845703125,341.0778045654297,346.42457580566406,315.7155303955078,346.4845428466797,346.3828430175781,328.44105529785156,352.0746307373047,352.5345153808594,347.1468811035156,349.2286682128906,346.6096954345703,347.5922393798828,352.8604278564453,341.7361602783203,330.03277587890625,345.3269958496094,351.20086669921875,344.5022430419922,349.53179931640625,348.1481018066406,347.22984313964844,345.7663269042969,344.0049285888672,342.0238952636719,339.79486083984375,337.29681396484375,334.44932556152344,331.29608154296875,327.7959747314453,323.9946746826172,319.88055419921875,315.5089416503906,310.72923278808594,305.68861389160156,300.43426513671875,265.2815399169922,244.03916931152344,222.184326171875,204.94647216796875,179.19143676757812,123.08380126953125,121.15487670898438,160.31619262695312,122.41848754882812,124.79763793945312,88.0919189453125,53.42413330078125,31.5037841796875,-22.74981689453125,47.113922119140625,66.9974365234375,25.573883056640625,31.01092529296875,15.799102783203125,-29.7156982421875,-52.7728271484375,66.57070922851562,7.2659912109375,22.793731689453125,41.4512939453125,20.827484130859375,-44.1260986328125,37.379913330078125,19.63861083984375,16.891693115234375,15.815765380859375,7.113922119140625,-4.419464111328125,-15.78558349609375,-26.79345703125,-37.24005126953125,-47.40472412109375,-57.14837646484375,-66.44830322265625,-75.42889404296875,-83.98760986328125,-91.49920654296875,-98.53076171875,-105.40753173828125,-111.44964599609375,-117.0435791015625,-121.80364990234375,-126.17474365234375,-129.6138916015625,-132.26678466796875,-134.13677978515625,-135.1319580078125,-135.25469970703125,-134.32086181640625,-132.66571044921875,-129.68341064453125,-125.69793701171875,-121.05029296875,-115.71307373046875,-109.28125,-102.17132568359375,-94.10870361328125,-85.67279052734375,-76.91156005859375,-67.6851806640625,-112.35565185546875,-47.97784423828125,-37.2161865234375,-50.37835693359375,-15.03216552734375,-3.467254638671875,-5.8624267578125,-29.38653564453125,32.409088134765625,44.76275634765625,57.26324462890625,70.0120849609375,82.98211669921875,96.04425048828125,87.60812377929688,73.54360961914062,28.29241943359375,101.33746337890625,135.03363037109375,119.62234497070312,127.56222534179688,174.5206298828125,134.56680297851562,163.39520263671875,99.97769165039062,174.99710083007812,151.45211791992188,96.57086181640625,190.4801025390625,148.09799194335938,192.32867431640625,161.78103637695312,182.1781005859375
"S400",218.7083740234375,218.69265747070312,255.73931884765625,309.0985870361328,292.1073303222656,315.04087829589844,304.13238525390625,331.1376495361328,341.0778045654297,347.5620880126953,315.7155303955078,346.4845428466797,346.3828430175781,336.0744934082031,356.87193298339844,354.0770263671875,353.64190673828125,349.2286682128906,346.6096954345703,373.9563217163086,357.33445739746094,348.71214294433594,377.7370300292969,365.8783416748047,358.2364807128906,381.7713088989258,363.0771484375,367.3636932373047,373.9628372192383,356.5570526123047,358.9309539794922,394.32820892333984,364.23695373535156,370.98419189453125,373.4517288208008,357.75599670410156,367.9919738769531,364.12571716308594,334.0733947753906,353.65003967285156,369.0288543701172,332.82176208496094,316.4216613769531,299.7627716064453,260.9301300048828,232.43914794921875,204.94647216796875,224.10989379882812,199.25234985351562,228.13079833984375,213.86306762695312,189.35980224609375,225.20050048828125,108.79440307617188,133.668701171875,31.5037841796875,-22.74981689453125,47.113922119140625,66.9974365234375,25.573883056640625,63.48541259765625,82.51556396484375,70.91229248046875,-12.966064453125,66.57070922851562,52.52734375,120.63162231445312,50.1832275390625,43.631622314453125,69.16143798828125,63.101593017578125,98.30902099609375,116.19198608398438,114.7080078125,120.1085205078125,149.72030639648438,48.0823974609375,167.43112182617188,62.39508056640625,145.02536010742188,100.01202392578125,142.55462646484375,95.41644287109375,108.63836669921875,76.46319580078125,64.97640991210938,115.13253784179688,68.86700439453125,76.27581787109375,72.849609375,65.08065795898438,63.27093505859375,-10.999053955078125,80.6697998046875,66.90985107421875,55.1710205078125,82.78277587890625,86.349609375,78.8707275390625,150.45953369140625,136.55984497070312,122.28375244140625,113.70541381835938,78.45339965820312,143.72357177734375,128.37506103515625,91.23257446289062,34.59326171875,-47.9915771484375,12.419036865234375,114.1016845703125,60.2386474609375,113.385498046875,47.1356201171875,55.544769287109375,24.83270263671875,48.3201904296875,94.19265747070312,114.28399658203125,124.2191162109375,114.05828857421875,127.86373901367188,87.60812377929688,73.54360961914062,65.24575805664062,101.33746337890625,135.03363037109375,119.62234497070312,127.56222534179688,174.5206298828125,134.56680297851562,175.60711669921875,110.90069580078125,174.99710083007812,173.84695434570312,96.57086181640625,190.4801025390625,148.53414916992188,192.32867431640625,161.78103637695312,230.17074584960938
"S401",203.16162109375,218.69265747070312,255.73931884765625,309.0985870361328,292.1073303222656,315.04087829589844,304.13238525390625,331.1376495361328,341.0778045654297,347.5620880126953,315.7155303955078,346.4845428466797,346.3828430175781,336.0744934082031,356.87193298339844,354.0770263671875,353.64190673828125,349.2286682128906,346.6096954345703,373.9563217163086,357.33445739746094,348.71214294433594,377.7370300292969,365.8783416748047,358.2364807128906,381.7713088989258,363.0771484375,367.3636932373047,373.9628372192383,356.5570526123047,358.9309539794922,394.32820892333984,364.23695373535156,370.98419189453125,373.4517288208008,357.75599670410156,367.9919738769531,364.12571716308594,334.0733947753906,353.65003967285156,369.0288543701172,320.77476501464844,316.4216613769531,299.7627716064453,276.4435119628906,232.43914794921875,203.791748046875,224.10989379882812,199.25234985351562,228.13079833984375,213.86306762695312,189.35980224609375,225.20050048828125,111.41354370117188,133.668701171875,32.954376220703125,69.84063720703125,25.2825927734375,25.23211669921875,0.093841552734375,63.48541259765625,82.51556396484375,70.91229248046875,-12.966064453125,14.68682861328125,52.52734375,120.63162231445312,50.1832275390625,43.631622314453125,69.16143798828125,63.101593017578125,98.30902099609375,116.19198608398438,114.7080078125,120.1085205078125,149.72030639648438,106.17324829101562,167.43112182617188,62.39508056640625,145.02536010742188,100.01202392578125,142.55462646484375,95.41644287109375,108.63836669921875,50.73773193359375,64.05059814453125,115.13253784179688,55.144134521484375,9.52508544921875,72.849609375,20.564849853515625,63.27093505859375,-72.03436279296875,80.6697998046875,23.0257568359375,33.432464599609375,-10.701080322265625,79.60733032226562,52.76434326171875,150.45953369140625,136.55984497070312,122.28375244140625,113.70541381835938,78.45339965820312,143.72357177734375,128.37506103515625,87.17681884765625,78.06842041015625,-47.9915771484375,38.400970458984375,114.1016845703125,60.2386474609375,113.385498046875,69.62875366210938,55.544769287109375,24.83270263671875,18.259063720703125,12.450408935546875,84.46139526367188,124.2191162109375,100.84579467773438,108.43795776367188,70.80975341796875,71.42849731445312,65.24575805664062,74.97357177734375,60.86749267578125,87.9720458984375,127.56222534179688,156.69207763671875,81.62594604492188,175.60711669921875,110.90069580078125,106.59573364257812,173.84695434570312,88.81082153320312,173.77117919921875,148.53414916992188,154.60629272460938,138.56369018554688,230.17074584960938
"S402",215.65628051757812,251.42098999023438,271.7858428955078,296.92344665527344,308.6191864013672,320.46388244628906,329.6454162597656,331.1376495361328,346.77227783203125,317.96221923828125,338.6881561279297,355.04554748535156,357.09767150878906,372.83817291259766,354.4717559814453,351.3714294433594,367.60520935058594,353.28118896484375,358.8666076660156,374.4453811645508,364.11781311035156,362.4244842529297,384.80692291259766,381.62418365478516,362.1474304199219,381.7713088989258,362.98052978515625,380.44766998291016,373.9628372192383,366.4408264160156,360.12554931640625,394.32820892333984,349.7425231933594,377.07201385498047,373.4517288208008,369.1361541748047,383.9843978881836,364.12571716308594,356.59474182128906,368.6185302734375,369.0288543701172,344.4221954345703,332.06085205078125,342.8355255126953,312.01739501953125,286.6053924560547,233.53317260742188,235.96176147460938,221.099853515625,228.13079833984375,213.86306762695312,231.08065795898438,225.20050048828125,146.06484985351562,133.668701171875,95.9609375,75.05145263671875,201.841552734375,115.60995483398438,121.79324340820312,162.82260131835938,161.73504638671875,154.90301513671875,133.85479736328125,161.36917114257812,169.04843139648438,170.00628662109375,89.93511962890625,130.05865478515625,136.63818359375,129.78854370117188,125.03814697265625,173.968017578125,177.05117797851562,132.06478881835938,149.72030639648438,216.16958618164062,184.76419067382812,62.39508056640625,223.28436279296875,204.08197021484375,184.43539428710938,195.32095336914062,193.96084594726562,146.0941162109375,143.28811645507812,187.506103515625,178.2996826171875,132.95382690429688,170.416015625,143.40911865234375,68.11956787109375,109.47119140625,69.47900390625,165.22418212890625,102.43270874023438,119.98880004882812,118.43313598632812,186.72137451171875,150.45953369140625,186.0699462890625,152.37619018554688,113.70541381835938,78.45339965820312,143.72357177734375,166.03961181640625,115.45086669921875,163.3951416015625,90.1788330078125,139.64874267578125,114.1016845703125,72.14089965820312,207.17129516601562,186.16567993164062,88.91311645507812,189.79400634765625,182.1785888671875,80.36459350585938,143.99105834960938,124.2191162109375,155.23712158203125,108.43795776367188,118.50213623046875,157.80255126953125,79.68634033203125,157.86761474609375,232.26217651367188,165.88531494140625,209.1005859375,277.4212188720703,254.8064727783203,246.48721313476562,252.0485382080078,192.84347534179688,194.88739013671875,249.4160919189453,236.92587280273438,254.3916778564453,244.22848510742188,244.6030731201172,260.62615966796875
"S403",254.72103881835938,251.42098999023438,339.0667724609375,315.6404724121094,332.2398376464844,323.46763610839844,329.6454162597656,329.11529541015625,346.77227783203125,317.96221923828125,341.4102020263672,369.38694763183594,357.09767150878906,372.83817291259766,371.3396301269531,371.4171905517578,384.1016387939453,392.6943130493164,372.109619140625,388.8220443725586,384.1175842285156,377.51656341552734,387.7289581298828,396.9698791503906,395.75230407714844,394.9591598510742,397.06883239746094,399.548828125,393.5862045288086,396.20294189453125,360.9027404785156,368.61744689941406,348.3916015625,384.31451416015625,375.09688568115234,397.8930892944336,393.4001770019531,373.97593688964844,370.616943359375,397.71707916259766,376.7891387939453,375.7975845336914,379.88932037353516,348.6290283203125,312.01739501953125,300.93878173828125,296.6029052734375,237.74844360351562,221.099853515625,243.84671020507812,171.02011108398438,231.08065795898438,239.44793701171875,181.14437866210938,129.79544067382812,149.97723388671875,138.9158935546875,201.841552734375,184.98529052734375,177.9979248046875,163.95892333984375,161.73504638671875,224.41207885742188,196.34976196289062,194.63461303710938,169.04843139648438,175.02493286132812,161.10183715820312,130.05865478515625,147.36392211914062,170.27908325195312,125.03814697265625,173.968017578125,179.97567749023438,132.06478881835938,126.69134521484375,216.16958618164062,184.76419067382812,151.17172241210938,223.28436279296875,204.08197021484375,184.43539428710938,195.32095336914062,193.96084594726562,166.7867431640625,146.86541748046875,187.506103515625,178.2996826171875,132.95382690429688,170.416015625,151.78366088867188,205.099365234375,173.20883178710938,176.59194946289062,165.22418212890625,102.43270874023438,119.98880004882812,118.43313598632812,186.72137451171875,171.00189208984375,186.0699462890625,161.2476806640625,101.90744018554688,77.17779541015625,113.74960327148438,166.03961181640625,115.45086669921875,163.3951416015625,118.0545654296875,139.64874267578125,130.06072998046875,85.70108032226562,207.17129516601562,186.16567993164062,130.67019653320312,189.79400634765625,182.1785888671875,80.36459350585938,143.99105834960938,109.48858642578125,155.23712158203125,132.94796752929688,231.32052612304688,233.77520751953125,195.57275390625,242.06143188476562,232.26217651367188,212.43222045898438,253.9592742919922,277.4212188720703,265.82972717285156,246.48721313476562,252.0485382080078,192.84347534179688,194.88739013671875,249.4160919189453,236.92587280273438,254.3916778564453,244.22848510742188,244.6030731201172,260.62615966796875
"S404",293.12315368652344,273.61476135253906,339.0667724609375,315.6404724121094,332.2398376464844,338.79869079589844,333.0074462890625,332.6341552734375,346.77227783203125,362.0342559814453,353.3808898925781,375.5173797607422,359.89263916015625,373.54791259765625,371.3396301269531,386.2755355834961,384.1016387939453,397.5991897583008,393.68927001953125,388.8220443725586,386.8194808959961,396.9009475708008,387.7289581298828,396.9698791503906,404.028564453125,394.9591598510742,397.06883239746094,410.5425338745117,393.5862045288086,405.43912506103516,394.52538299560547,368.61744689941406,379.0080032348633,385.6902618408203,384.0873336791992,399.4531555175781,393.4001770019531,386.3484649658203,381.9672317504883,397.71707916259766,376.7891387939453,375.7975845336914,379.88932037353516,348.6290283203125,312.01739501953125,300.93878173828125,296.6029052734375,237.74844360351562,221.099853515625,243.84671020507812,146.57589721679688,231.08065795898438,239.44793701171875,181.14437866210938,129.79544067382812,149.97723388671875,138.9158935546875,201.841552734375,184.98529052734375,177.9979248046875,163.95892333984375,161.73504638671875,224.41207885742188,196.34976196289062,194.63461303710938,169.04843139648438,175.02493286132812,161.10183715820312,130.05865478515625,147.36392211914062,170.27908325195312,125.03814697265625,173.968017578125,179.97567749023438,132.06478881835938,126.69134521484375,216.16958618164062,184.76419067382812,151.17172241210938,206.39358520507812,201.25460815429688,184.43539428710938,191.44027709960938,186.9486083984375,166.7867431640625,146.86541748046875,175.67489624023438,172.42453002929688,132.95382690429688,166.886962890625,151.78366088867188,162.83175659179688,161.4862060546875,160.53973388671875,160.0125732421875,102.43270874023438,119.98880004882812,118.43313598632812,163.11770629882812,165.25375366210938,167.78555297851562,161.2476806640625,101.90744018554688,77.17779541015625,113.74960327148438,166.03961181640625,115.45086669921875,163.3951416015625,118.0545654296875,139.64874267578125,130.06072998046875,85.70108032226562,207.17129516601562,186.16567993164062,130.67019653320312,189.79400634765625,182.1785888671875,80.36459350585938,143.99105834960938,109.48858642578125,155.23712158203125,132.94796752929688,231.32052612304688,233.77520751953125,195.57275390625,242.06143188476562,232.26217651367188,212.43222045898438,253.9592742919922,277.4212188720703,265.82972717285156,246.48721313476562,252.0485382080078,192.84347534179688,194.88739013671875,249.4160919189453,236.92587280273438,254.3916778564453,244.22848510742188,244.6030731201172,260.62615966796875
"S405",298.4651794433594,289.09100341796875,339.0667724609375,315.6404724121094,332.2398376464844,338.79869079589844,349.3857116699219,348.23931884765625,328.5465850830078,380.26277923583984,353.3808898925781,375.5173797607422,365.0048370361328,374.0777282714844,371.3396301269531,386.2755355834961,384.1016387939453,397.5991897583008,397.33386993408203,388.8220443725586,386.8194808959961,396.9009475708008,387.7289581298828,396.9698791503906,404.028564453125,394.9591598510742,397.06883239746094,410.5425338745117,393.5862045288086,405.43912506103516,407.42811584472656,382.96741485595703,388.12086486816406,385.6902618408203,385.74706268310547,399.4531555175781,393.4001770019531,387.64185333251953,381.9672317504883,397.71707916259766,376.7891387939453,375.7975845336914,379.88932037353516,348.6290283203125,299.44679260253906,300.93878173828125,296.6029052734375,237.74844360351562,209.05557250976562,243.84671020507812,146.57589721679688,210.3865966796875,239.44793701171875,181.14437866210938,77.82693481445312,149.97723388671875,138.9158935546875,122.140625,184.98529052734375,177.9979248046875,163.95892333984375,140.63485717773438,224.41207885742188,196.34976196289062,194.63461303710938,160.79049682617188,175.02493286132812,161.10183715820312,101.91287231445312,147.36392211914062,170.27908325195312,122.53543090820312,141.10464477539062,179.97567749023438,97.71234130859375,56.0955810546875,183.97848510742188,76.11361694335938,151.17172241210938,165.17904663085938,106.26751708984375,96.33294677734375,104.34133911132812,145.14785766601562,166.7867431640625,146.86541748046875,148.676513671875,132.74227905273438,0.6624755859375,124.48876953125,151.78366088867188,162.83175659179688,161.4862060546875,160.53973388671875,11.244354248046875,-87.20208740234375,88.9158935546875,99.1253662109375,149.77188110351562,165.25375366210938,155.61764526367188,161.2476806640625,101.90744018554688,77.17779541015625,84.42669677734375,103.63973999023438,110.4749755859375,112.8006591796875,118.0545654296875,81.0003662109375,130.06072998046875,85.70108032226562,75.04940795898438,43.68646240234375,130.67019653320312,159.27993774414062,168.42572021484375,72.8636474609375,71.50344848632812,18.710113525390625,113.58111572265625,132.94796752929688,231.32052612304688,233.77520751953125,195.57275390625,242.06143188476562,214.75576782226562,212.43222045898438,253.9592742919922,271.7859191894531,265.82972717285156,193.00308227539062,160.38812255859375,137.15524291992188,148.04922485351562,206.03695678710938,216.45556640625,229.26266479492188,237.34823608398438,222.43234252929688,184.3673095703125
"S406",298.4651794433594,289.09100341796875,266.1244659423828,302.1607971191406,198.86749267578125,338.79869079589844,349.3857116699219,348.23931884765625,328.5465850830078,380.26277923583984,353.3808898925781,375.5173797607422,365.0048370361328,374.0777282714844,370.98292541503906,386.2755355834961,376.12779235839844,397.5991897583008,397.33386993408203,297.1075897216797,386.8194808959961,396.9009475708008,375.0253601074219,385.51839447021484,404.028564453125,383.48372650146484,392.7184829711914,410.5425338745117,377.9234313964844,405.43912506103516,407.42811584472656,382.96741485595703,388.12086486816406,385.6902618408203,385.74706268310547,399.4531555175781,391.0504455566406,387.64185333251953,381.9672317504883,379.7795715332031,350.18524169921875,347.77850341796875,333.06407165527344,295.5606689453125,299.44679260253906,275.0787811279297,274.2493438720703,234.07025146484375,184.44845581054688,190.1796875,113.72756958007812,181.608154296875,141.49176025390625,44.74658203125,77.82693481445312,129.56802368164062,136.06884765625,122.140625,154.33767700195312,124.349853515625,109.31423950195312,116.75543212890625,63.788055419921875,32.960906982421875,96.656982421875,140.61614990234375,134.45257568359375,91.122802734375,86.72683715820312,127.3721923828125,148.27850341796875,96.0966796875,68.307861328125,140.66433715820312,97.71234130859375,56.0955810546875,118.13116455078125,76.11361694335938,131.09066772460938,74.3406982421875,106.26751708984375,95.92489624023438,14.893218994140625,71.2496337890625,71.55172729492188,67.84634399414062,47.85211181640625,80.8087158203125,0.6624755859375,42.50750732421875,22.6649169921875,86.94711303710938,85.23287963867188,138.3048095703125,11.244354248046875,-132.78173828125,-91.79815673828125,22.342529296875,-2.43701171875,-15.04620361328125,75.76776123046875,105.85247802734375,42.253082275390625,36.299591064453125,17.287567138671875,40.708251953125,39.657501220703125,31.65875244140625,10.319793701171875,49.2305908203125,47.300323486328125,1.479095458984375,63.125885009765625,26.92669677734375,57.81951904296875,104.75460815429688,127.8284912109375,72.8636474609375,71.50344848632812,18.710113525390625,113.58111572265625,109.66970825195312,202.77288818359375,176.40478515625,185.43051147460938,209.70718383789062,197.57589721679688,202.81240844726562,222.16436767578125,223.02508544921875,234.24130249023438,170.8048095703125,147.10134887695312,137.15524291992188,148.04922485351562,206.03695678710938,197.35687255859375,229.26266479492188,211.26751708984375,203.40228271484375,184.3673095703125
"S407",298.4651794433594,289.09100341796875,211.7510986328125,286.8445587158203,204.48028564453125,331.25787353515625,349.3857116699219,348.23931884765625,328.5465850830078,380.26277923583984,351.19435119628906,370.2009735107422,365.0048370361328,374.0777282714844,363.17616271972656,382.7724151611328,365.0519561767578,392.65025329589844,397.33386993408203,268.6247100830078,380.7569885253906,396.1220245361328,361.8180847167969,372.43798828125,396.00704193115234,367.81764221191406,379.89894104003906,408.7955856323242,366.0938720703125,402.3812713623047,407.42811584472656,382.96741485595703,388.12086486816406,377.2064208984375,385.74706268310547,390.2486343383789,380.92027282714844,387.64185333251953,379.59661865234375,353.62945556640625,327.2840881347656,319.0283660888672,291.0077667236328,264.28192138671875,292.1815948486328,236.63558959960938,235.64486694335938,206.3546142578125,134.21978759765625,118.89456176757812,94.70510864257812,111.53427124023438,95.44970703125,-10.55450439453125,40.99725341796875,44.943145751953125,57.026153564453125,59.354705810546875,69.23333740234375,40.955902099609375,75.51904296875,34.23095703125,16.136566162109375,-68.09906005859375,-19.46392822265625,73.50796508789062,60.776580810546875,-9.17547607421875,16.368072509765625,40.809661865234375,47.951690673828125,27.74444580078125,-51.03131103515625,42.856353759765625,59.70147705078125,5.180999755859375,17.154815673828125,14.65911865234375,42.49395751953125,-43.835205078125,45.987579345703125,27.4949951171875,-93.59844970703125,-45.48297119140625,-39.2215576171875,-39.2193603515625,-85.047607421875,-23.244140625,-52.73284912109375,-66.74517822265625,-101.552978515625,-51.38641357421875,-38.98687744140625,46.575897216796875,-8.793701171875,-68.07366943359375,-77.9320068359375,-72.05084228515625,-134.57537841796875,-97.08245849609375,-32.78167724609375,20.64825439453125,-46.9305419921875,-36.16046142578125,-58.96746826171875,-40.7191162109375,-56.5357666015625,-78.07958984375,-114.034912109375,-28.802734375,-59.19732666015625,-29.5272216796875,-22.251953125,-12.1453857421875,-47.24169921875,16.974853515625,41.832305908203125,22.317169189453125,46.22314453125,17.22906494140625,106.12698364257812,33.97760009765625,116.9927978515625,82.9881591796875,100.82553100585938,140.56619262695312,152.21810913085938,153.26004028320312,148.048828125,155.95980834960938,178.58145141601562,130.43496704101562,120.45553588867188,137.15524291992188,127.96914672851562,206.03695678710938,156.92807006835938,222.40936279296875,177.57742309570312,177.23492431640625,178.87991333007812
"S408",376.00746154785156,385.06813049316406,386.76854705810547,387.95743560791016,376.79027557373047,377.68257904052734,390.06578063964844,394.09849548339844,373.70361328125,384.09336853027344,391.11647033691406,380.94347381591797,384.97745513916016,387.65965270996094,371.3067932128906,380.70542907714844,398.46704864501953,390.35670471191406,392.6217498779297,379.9363098144531,390.52734375,402.42418670654297,400.56668853759766,389.6253662109375,400.1804428100586,394.22811126708984,401.60157012939453,407.55735778808594,409.65673065185547,407.8247756958008,419.64258575439453,425.1527099609375,414.3833541870117,428.7333755493164,421.1587219238281,414.29268646240234,423.11305236816406,413.52435302734375,400.54063415527344,400.0343322753906,380.47806549072266,374.45557403564453,353.74461364746094,335.3422546386719,313.2481994628906,298.62205505371094,258.6146240234375,203.17901611328125,143.46939086914062,109.8597412109375,94.70510864257812,41.2054443359375,95.44970703125,-10.55450439453125,-41.7164306640625,33.50146484375,42.046905517578125,-13.54254150390625,52.565216064453125,35.51617431640625,75.51904296875,17.132293701171875,16.136566162109375,-68.09906005859375,-48.9986572265625,-3.80718994140625,-126.33502197265625,-21.66015625,2.052886962890625,4.80914306640625,8.706756591796875,-40.53363037109375,-51.03131103515625,-93.15924072265625,-14.7869873046875,-75.82073974609375,-48.96246337890625,-127.6629638671875,-103.181640625,-153.58538818359375,-197.90234375,-133.978271484375,-240.9339599609375,-185.4788818359375,-310.58642578125,-251.438232421875,-181.679443359375,-162.42816162109375,-127.5401611328125,-94.08843994140625,-101.552978515625,-110.832275390625,-86.45751953125,-86.1357421875,-83.791259765625,-68.07366943359375,-77.9320068359375,-114.51507568359375,-137.4166259765625,-97.08245849609375,-185.58245849609375,-110.10723876953125,-92.87176513671875,-142.99725341796875,-80.27325439453125,-41.63238525390625,-126.9927978515625,-108.455810546875,-117.02398681640625,-112.51043701171875,-59.41455078125,-29.5272216796875,-120.688720703125,-12.1453857421875,-60.26611328125,16.974853515625,41.832305908203125,-33.6824951171875,30.86480712890625,17.22906494140625,-30.0697021484375,17.410308837890625,-0.747467041015625,-8.68341064453125,27.1729736328125,126.19622802734375,162.29025268554688,159.7139892578125,175.4471435546875,161.0728759765625,185.944091796875,191.38394165039062,203.67398071289062,187.45877075195312,221.41842651367188,250.1172637939453,235.34707641601562,267.9969940185547,263.81207275390625,255.26673889160156,290.06011962890625
"S409",376.00746154785156,385.06813049316406,386.76854705810547,387.95743560791016,376.79027557373047,389.17445373535156,390.06578063964844,394.09849548339844,379.8141403198242,384.09336853027344,393.6334762573242,414.2593307495117,398.50975036621094,408.9292449951172,406.39070892333984,393.8956069946289,415.9723129272461,417.3084487915039,407.80277252197266,416.83162689208984,423.102783203125,409.7007293701172,428.6076431274414,421.45174407958984,409.45899963378906,418.64099884033203,421.89122009277344,410.8804397583008,424.7064895629883,422.46956634521484,419.64258575439453,427.72435760498047,417.72728729248047,428.7333755493164,421.1587219238281,417.47667694091797,423.11305236816406,415.3958511352539,400.54063415527344,400.0343322753906,390.8024368286133,392.86966705322266,353.74461364746094,335.3422546386719,318.55726623535156,298.62205505371094,258.6146240234375,216.19293212890625,143.46939086914062,109.8597412109375,99.08596801757812,41.2054443359375,95.44970703125,-10.55450439453125,-41.7164306640625,33.50146484375,42.046905517578125,-13.54254150390625,52.565216064453125,35.51617431640625,75.51904296875,17.132293701171875,16.136566162109375,-68.09906005859375,-48.9986572265625,-3.80718994140625,-126.33502197265625,-21.66015625,2.052886962890625,4.80914306640625,8.706756591796875,-40.53363037109375,-51.03131103515625,-93.15924072265625,-14.7869873046875,-75.82073974609375,-48.96246337890625,-127.6629638671875,-103.181640625,-153.58538818359375,-197.90234375,-133.978271484375,-240.9339599609375,-185.4788818359375,-310.58642578125,-251.438232421875,-181.679443359375,-162.42816162109375,-127.5401611328125,-94.08843994140625,-101.552978515625,-110.832275390625,-86.45751953125,-86.1357421875,-83.791259765625,-68.07366943359375,-77.9320068359375,-114.51507568359375,-137.4166259765625,-97.08245849609375,-185.58245849609375,-110.10723876953125,-92.87176513671875,-126.45989990234375,-80.27325439453125,-41.63238525390625,-126.9927978515625,-74.3157958984375,-27.52496337890625,-18.22064208984375,-52.47735595703125,-29.5272216796875,-63.242431640625,87.00299072265625,40.57904052734375,82.3831787109375,155.7105712890625,145.455078125,159.56643676757812,178.30331420898438,180.0570068359375,220.37066650390625,215.19180297851562,256.69813537597656,237.03512573242188,278.19871520996094,273.5989532470703,305.6122589111328,310.25079345703125,265.0378723144531,306.6072235107422,285.00071716308594,291.30596923828125,295.55511474609375,313.98069763183594,310.4229278564453,308.78875732421875,311.2292175292969,316.0172424316406,255.26673889160156,338.00132751464844
"S410",349.21014404296875,352.30970764160156,355.34857177734375,358.22694396972656,360.82765197753906,363.38597106933594,365.6214904785156,367.7466125488281,369.52964782714844,371.10658264160156,372.5859680175781,373.8414840698242,375.01585388183594,375.9969482421875,376.56774139404297,377.0821075439453,377.4738082885742,377.70760345458984,377.83131408691406,377.88346099853516,377.8488540649414,377.69457244873047,377.4987564086914,377.2011947631836,376.84285736083984,376.3006134033203,375.65137481689453,374.9305114746094,374.02490234375,372.97306060791016,371.6955871582031,370.2209167480469,368.58164978027344,366.7518005371094,364.6227264404297,362.250732421875,359.58729553222656,356.6722717285156,353.4995422363281,350.1323699951172,346.4300537109375,342.48809814453125,338.3948211669922,333.96372985839844,318.55726623535156,298.62205505371094,258.6146240234375,216.19293212890625,143.46939086914062,109.46514892578125,99.08596801757812,-5.808319091796875,6.607208251953125,-132.011962890625,-139.8487548828125,-87.89703369140625,-164.30206298828125,-140.26904296875,-127.5899658203125,-161.41351318359375,-115.58514404296875,-166.23480224609375,-148.22027587890625,-231.364990234375,-153.62567138671875,-146.68853759765625,-153.84033203125,-172.5888671875,-176.27117919921875,-165.36346435546875,-155.61688232421875,-189.98284912109375,-181.5623779296875,-205.06353759765625,-147.890380859375,-246.94573974609375,-246.95843505859375,-316.68145751953125,-288.73846435546875,-311.24853515625,-273.025634765625,-290.28570556640625,-305.6429443359375,-371.48638916015625,-421.0869140625,-376.81976318359375,-360.1773681640625,-329.3818359375,-321.715087890625,-230.52630615234375,-206.203369140625,-250.75286865234375,-183.91253662109375,-188.6573486328125,-205.95111083984375,-166.951416015625,-198.20758056640625,-188.59625244140625,-196.4610595703125,-182.181640625,-199.26885986328125,-178.74603271484375,-185.95733642578125,-126.45989990234375,-104.84490966796875,-121.2034912109375,-130.44281005859375,-74.3157958984375,-27.52496337890625,-18.22064208984375,-52.47735595703125,-78.35833740234375,-63.242431640625,74.46920776367188,40.57904052734375,82.3831787109375,103.70449829101562,113.810302734375,124.01956176757812,134.50030517578125,145.16671752929688,156.077880859375,166.99432373046875,177.70111083984375,188.02377319335938,198.818115234375,209.34512329101562,219.43060302734375,229.22018432617188,238.7813720703125,247.88107299804688,256.7024230957031,265.16163635253906,273.1829833984375,280.76515197753906,287.9987030029297,294.96958923339844,301.38243103027344,307.3870544433594,255.26673889160156,318.4356689453125
"S411",346.8894348144531,367.04742431640625,377.09327697753906,379.36095428466797,345.21885681152344,389.17445373535156,366.68385314941406,382.5509033203125,379.8141403198242,382.02207946777344,393.6334762573242,403.7495346069336,403.68782806396484,404.93087005615234,405.23319244384766,405.4445037841797,405.5904846191406,405.6252136230469,405.6035690307617,405.4512023925781,405.3257293701172,405.08507537841797,404.81067657470703,404.41937255859375,403.9809036254883,403.3912124633789,402.7371139526367,401.9629440307617,401.02649688720703,399.95460510253906,398.6765670776367,397.25733184814453,395.6600646972656,393.8718032836914,391.85721588134766,389.64476013183594,387.2060775756836,384.5751190185547,381.7435607910156,372.0060272216797,375.4803695678711,372.0677261352539,341.1438903808594,328.39398193359375,329.44456481933594,333.7314453125,236.47213745117188,280.5027313232422,248.42105102539062,233.6790771484375,213.55416870117188,126.19210815429688,124.682861328125,11.482208251953125,20.6566162109375,49.62432861328125,11.949615478515625,-28.7708740234375,-72.5355224609375,-24.0789794921875,-30.7891845703125,-64.91162109375,-83.76397705078125,-228.193603515625,-252.56060791015625,-186.48028564453125,-153.84033203125,-223.09661865234375,-110.36602783203125,-193.864501953125,-261.2896728515625,-119.6082763671875,-161.71337890625,-94.8529052734375,-85.2320556640625,-256.4073486328125,-175.09710693359375,-97.71478271484375,-201.86260986328125,-162.28179931640625,-154.76275634765625,-194.4669189453125,-153.99871826171875,-127.89752197265625,-177.978515625,-118.860595703125,-136.18896484375,-190.13189697265625,-178.25213623046875,-122.944580078125,-158.306396484375,-216.9163818359375,-167.99700927734375,-127.021484375,-194.6312255859375,-133.6259765625,-159.8349609375,-128.60833740234375,-190.22454833984375,-116.5811767578125,-128.51123046875,-178.74603271484375,-178.7578125,-126.45989990234375,-88.150634765625,-121.2034912109375,-130.44281005859375,-74.3157958984375,-27.52496337890625,-18.22064208984375,-39.84112548828125,-78.35833740234375,-63.242431640625,87.00299072265625,40.57904052734375,82.3831787109375,155.7105712890625,145.455078125,159.56643676757812,178.30331420898438,180.0570068359375,220.37066650390625,215.19180297851562,256.69813537597656,237.03512573242188,278.19871520996094,273.5989532470703,296.84503173828125,303.92254638671875,265.0378723144531,306.6072235107422,285.00071716308594,291.30596923828125,295.55511474609375,313.98069763183594,310.4229278564453,308.78875732421875,311.2292175292969,316.0172424316406,254.2621307373047,338.00132751464844
"S412",364.83787536621094,380.2690200805664,400.0571517944336,407.52083587646484,373.80113220214844,390.6210250854492,384.8495635986328,374.28759002685547,409.5385208129883,390.7982940673828,415.1688995361328,389.6834259033203,419.56237030029297,415.45062255859375,420.2560272216797,420.4362335205078,420.5584182739258,420.58826446533203,420.5662155151367,420.4502487182617,419.5243606567383,420.13460540771484,419.90211486816406,419.5768280029297,419.20921325683594,409.0857391357422,418.1549072265625,417.5049057006836,416.71665954589844,415.81529235839844,414.7420654296875,412.5335235595703,412.2009963989258,410.70250701904297,409.0081024169922,407.1485366821289,405.0956497192383,402.87979888916016,400.4951171875,397.97298431396484,395.23390197753906,392.36512756347656,389.386474609375,366.68238830566406,382.9695587158203,379.58199310302734,358.308349609375,354.06298828125,327.00360107421875,308.52549743652344,327.19921875,285.007080078125,275.00331115722656,191.91354370117188,213.92266845703125,225.64849853515625,205.745361328125,182.22848510742188,151.83981323242188,186.05780029296875,165.498046875,157.00625610351562,164.3623046875,124.77688598632812,117.781494140625,157.57073974609375,147.51821899414062,153.24490356445312,151.08407592773438,147.45571899414062,55.158966064453125,129.15493774414062,94.77145385742188,136.8880615234375,150.80661010742188,-145.348388671875,70.6702880859375,170.65911865234375,122.79940795898438,126.89895629882812,129.52053833007812,95.21981811523438,133.87442016601562,181.73422241210938,110.84381103515625,141.684326171875,148.15093994140625,106.88504028320312,95.16232299804688,145.3134765625,96.95846557617188,81.591552734375,120.69110107421875,136.42013549804688,109.5943603515625,136.44076538085938,118.17147827148438,160.96078491210938,134.45794677734375,160.42892456054688,127.24468994140625,14.656402587890625,88.3463134765625,20.539581298828125,177.19064331054688,146.27252197265625,129.82937622070312,151.8837890625,127.29806518554688,115.47409057617188,181.36431884765625,121.37667846679688,64.53402709960938,192.68161010742188,183.93069458007812,196.523681640625,213.947265625,206.98712158203125,207.25009155273438,212.21319580078125,171.54986572265625,193.00003051757812,236.24337768554688,280.5161895751953,232.92950439453125,271.71441650390625,262.1937561035156,294.3775329589844,294.7926940917969,317.2842559814453,308.1105651855469,297.3639678955078,303.1253204345703,339.20599365234375,326.9038543701172,324.3598937988281,326.9242401123047,333.75897216796875,275.29498291015625,342.62042236328125,354.8130645751953
"S413",364.83787536621094,373.3807144165039,375.8951644897461,378.2695541381836,373.80113220214844,382.50379180908203,384.3025588989258,374.28759002685547,387.42405700683594,388.66609954833984,389.8009567260742,389.6834259033203,391.64798736572266,392.3705368041992,392.7816619873047,393.1204833984375,393.3686065673828,393.4857864379883,393.5228958129883,393.4602737426758,393.3714828491211,393.1676254272461,392.92786407470703,392.58036041259766,392.1802520751953,391.61470794677734,390.9649658203125,390.2194366455078,389.30162811279297,388.24388122558594,386.9717254638672,385.5317077636719,383.92091369628906,382.1202163696289,380.0588836669922,377.7791748046875,375.2430648803711,372.4874572753906,369.50535583496094,366.34368896484375,362.8887176513672,359.242431640625,355.4532775878906,351.4282989501953,347.18096923828125,342.8153076171875,338.330810546875,333.6572570800781,327.00360107421875,308.52549743652344,319.2044982910156,285.007080078125,275.00331115722656,191.91354370117188,213.92266845703125,225.64849853515625,205.745361328125,182.22848510742188,151.83981323242188,186.05780029296875,165.498046875,157.00625610351562,164.3623046875,124.77688598632812,117.781494140625,157.57073974609375,147.51821899414062,153.24490356445312,151.08407592773438,147.45571899414062,55.158966064453125,129.15493774414062,94.77145385742188,136.8880615234375,143.7303466796875,-145.348388671875,70.6702880859375,119.26754760742188,111.73126220703125,104.38729858398438,97.3280029296875,90.653564453125,84.22454833984375,78.01101684570312,72.609619140625,67.53689575195312,62.54833984375,58.250213623046875,54.255584716796875,50.86895751953125,47.7373046875,45.2591552734375,43.35174560546875,42.03106689453125,41.36907958984375,41.33441162109375,41.981964111328125,43.21990966796875,45.413787841796875,48.349334716796875,51.72674560546875,14.656402587890625,60.28778076171875,20.539581298828125,71.25372314453125,77.35787963867188,83.73794555664062,90.41848754882812,97.31610107421875,104.66656494140625,112.4718017578125,120.38253784179688,64.53402709960938,136.86605834960938,145.19989013671875,153.99978637695312,162.8271484375,171.76144409179688,180.79104614257812,190.00482177734375,171.54986572265625,193.00003051757812,218.32363891601562,227.5885009765625,232.92950439453125,245.74185180664062,254.72267150878906,263.25254821777344,271.5257568359375,279.6067352294922,287.16278076171875,294.5432434082031,301.58570861816406,308.240478515625,314.52870178222656,320.5389099121094,326.2980499267578,331.62884521484375,275.29498291015625,341.2521514892578,345.77613830566406
"S414",364.83787536621094,380.2690200805664,400.0571517944336,407.52083587646484,373.80113220214844,390.6210250854492,384.8495635986328,374.28759002685547,409.5385208129883,390.7982940673828,415.1688995361328,389.6834259033203,419.16785430908203,415.45062255859375,420.22015380859375,420.5559997558594,420.8246841430664,420.9897918701172,421.0982131958008,421.09593200683594,419.5243606567383,421.0238342285156,420.915771484375,420.71996307373047,420.4935607910156,409.0857391357422,419.77716064453125,419.31703186035156,418.7404022216797,418.07005310058594,417.2445373535156,412.5335235595703,415.26483154296875,414.0674514770508,412.6962127685547,411.17073822021484,406.59786224365234,407.5960922241211,405.56581115722656,400.9415817260742,398.4988021850586,398.44661712646484,391.1370620727539,366.68238830566406,389.93570709228516,386.45721435546875,358.308349609375,354.06298828125,327.00360107421875,308.52549743652344,327.19921875,285.007080078125,275.00331115722656,191.91354370117188,213.92266845703125,225.64849853515625,205.745361328125,182.22848510742188,151.83981323242188,186.05780029296875,165.498046875,157.00625610351562,164.3623046875,124.77688598632812,117.781494140625,157.57073974609375,147.51821899414062,153.24490356445312,151.08407592773438,147.45571899414062,55.158966064453125,129.15493774414062,94.77145385742188,136.8880615234375,150.80661010742188,-145.348388671875,70.6702880859375,170.65911865234375,122.79940795898438,126.89895629882812,129.52053833007812,95.21981811523438,133.87442016601562,185.63973999023438,110.84381103515625,141.684326171875,148.15093994140625,106.88504028320312,95.16232299804688,145.3134765625,96.95846557617188,81.591552734375,120.69110107421875,136.42013549804688,109.5943603515625,136.44076538085938,118.17147827148438,160.96078491210938,134.45794677734375,160.42892456054688,127.24468994140625,14.656402587890625,88.3463134765625,20.539581298828125,177.19064331054688,146.27252197265625,129.82937622070312,151.8837890625,127.29806518554688,115.47409057617188,181.36431884765625,121.37667846679688,64.53402709960938,192.68161010742188,183.93069458007812,196.523681640625,213.947265625,206.98712158203125,207.25009155273438,212.21319580078125,171.54986572265625,193.00003051757812,236.24337768554688,280.5161895751953,232.92950439453125,271.71441650390625,262.1937561035156,294.3775329589844,294.7926940917969,317.2842559814453,308.1105651855469,297.3639678955078,303.1253204345703,339.20599365234375,326.9038543701172,324.3598937988281,326.9242401123047,333.75897216796875,275.29498291015625,342.62042236328125,354.8130645751953
"S415",170.22238159179688,130.96200561523438,186.71548461914062,185.89093017578125,173.30416870117188,190.54547119140625,188.307861328125,203.46340942382812,215.27606201171875,257.70697021484375,237.45864868164062,205.691650390625,244.03431701660156,256.2857971191406,252.98446655273438,274.0332489013672,283.1092071533203,231.9002685546875,253.30067443847656,290.109619140625,286.6146545410156,277.7596893310547,295.0233154296875,302.8639221191406,275.65203857421875,311.18701171875,314.54798889160156,280.54742431640625,310.31944274902344,271.7338104248047,279.87451171875,283.70928955078125,302.96595764160156,267.98667907714844,286.9726104736328,308.58998107910156,267.4028015136719,310.0271301269531,275.3655700683594,270.11756896972656,286.7416229248047,258.1329803466797,222.1708984375,236.09719848632812,223.34243774414062,230.24090576171875,149.82083129882812,64.28732299804688,92.9322509765625,7.34112548828125,71.06869506835938,-33.68377685546875,34.926300048828125,-89.2803955078125,-56.80572509765625,-99.14013671875,-135.75238037109375,-109.96893310546875,-86.49462890625,-99.9195556640625,-127.1639404296875,-176.46099853515625,-376.84503173828125,-276.494140625,-439.092529296875,-432.91741943359375,-281.37518310546875,-245.56072998046875,-258.09893798828125,-256.64697265625,-269.84954833984375,-320.82952880859375,-195.8070068359375,-222.51593017578125,-247.0533447265625,-235.5828857421875,-228.19244384765625,-315.55474853515625,-335.86431884765625,-440.40875244140625,-335.37103271484375,-254.322265625,-305.72027587890625,-430.645751953125,-319.12908935546875,-473.5552978515625,-181.81121826171875,-177.93170166015625,-254.22088623046875,-203.9827880859375,-215.85205078125,-191.2830810546875,-204.6298828125,-288.73858642578125,-205.31964111328125,-225.8375244140625,-242.2392578125,-233.7135009765625,-199.77642822265625,-248.11260986328125,-209.68060302734375,-217.481201171875,-156.757568359375,-215.24176025390625,-117.09173583984375,-178.89227294921875,-289.80633544921875,-148.62548828125,-280.216796875,-279.266357421875,-291.220458984375,-262.74407958984375,-173.25750732421875,-139.84228515625,-201.6693115234375,-144.14044189453125,-90.22711181640625,-137.7127685546875,-253.24554443359375,-240.483154296875,-131.40509033203125,-156.23895263671875,-167.30816650390625,-149.1846923828125,-167.21990966796875,-137.106201171875,-139.3741455078125,-68.8660888671875,-61.31353759765625,-37.8255615234375,-50.62451171875,-90.1591796875,-30.32550048828125,49.534576416015625,16.386810302734375,18.513702392578125,46.304962158203125,39.134124755859375,33.493499755859375,-17.01409912109375,59.20562744140625
"S416",83.91958618164062,125.19497680664062,102.49295043945312,119.42678833007812,134.9385986328125,155.04925537109375,162.2587890625,169.95932006835938,203.1151123046875,189.76614379882812,204.11968994140625,204.04495239257812,218.25900268554688,220.39208984375,217.780517578125,231.03817749023438,216.10943603515625,231.09521484375,236.93765258789062,209.50390625,223.39590454101562,234.93707275390625,228.71047973632812,236.75534057617188,230.90640258789062,249.56809997558594,257.1391143798828,249.87384033203125,251.33013916015625,262.9356231689453,255.5711669921875,244.47593688964844,275.4660339355469,267.35450744628906,237.85098266601562,243.65081787109375,261.86273193359375,239.40704345703125,239.56912231445312,249.58860778808594,252.51023864746094,258.1329803466797,197.14385986328125,184.56149291992188,193.00619506835938,156.70266723632812,123.02786254882812,100.80770874023438,92.9322509765625,56.175079345703125,71.06869506835938,6.120452880859375,34.926300048828125,-78.48052978515625,-56.80572509765625,-86.14495849609375,-71.971923828125,-109.96893310546875,-57.47283935546875,-56.359375,-108.69464111328125,-176.46099853515625,-200.33306884765625,-221.299560546875,-278.9598388671875,-256.37103271484375,-281.37518310546875,-245.56072998046875,-258.09893798828125,-256.64697265625,-269.84954833984375,-303.42669677734375,-195.8070068359375,-152.12646484375,-150.973876953125,-235.5828857421875,-228.19244384765625,-315.55474853515625,-335.86431884765625,-440.40875244140625,-335.37103271484375,-254.322265625,-305.72027587890625,-433.54315185546875,-203.2432861328125,-380.74658203125,-224.87701416015625,-316.2581787109375,-296.58856201171875,-212.06463623046875,-277.16656494140625,-250.00189208984375,-113.5146484375,-310.43572998046875,-205.8359375,-210.947509765625,-193.2640380859375,-304.689697265625,-310.85931396484375,-192.75128173828125,-194.31988525390625,-225.50640869140625,-229.667236328125,-322.26800537109375,-332.50714111328125,-232.68701171875,-209.37908935546875,-282.0369873046875,-246.66265869140625,-136.352783203125,-271.93414306640625,-322.447998046875,-322.26031494140625,-294.633544921875,-234.39166259765625,-186.67279052734375,-257.119140625,-94.3768310546875,-185.26422119140625,-225.72503662109375,-272.5587158203125,-168.9432373046875,-192.18389892578125,-220.23809814453125,-193.33123779296875,-268.199462890625,-248.33197021484375,-90.01739501953125,-113.35009765625,-177.04998779296875,-212.691650390625,-145.45269775390625,-96.26971435546875,-173.29931640625,-172.81768798828125,-139.6260986328125,-110.10504150390625,-178.28350830078125,-56.0556640625,-67.73065185546875,-56.9549560546875
"S417",83.91958618164062,125.19497680664062,102.49295043945312,130.77239990234375,134.9385986328125,170.69586181640625,209.5555419921875,213.559814453125,235.5302734375,222.15585327148438,229.40106201171875,204.04495239257812,232.068359375,229.82086181640625,217.780517578125,231.03817749023438,236.4566650390625,231.09521484375,240.47467041015625,253.3824920654297,242.48443603515625,239.0460205078125,260.22483825683594,254.9790496826172,252.0264434814453,272.2586975097656,266.3264923095703,254.44403076171875,272.5962829589844,279.3631134033203,260.45399475097656,276.0018768310547,281.8777618408203,267.35450744628906,277.1567840576172,276.11688232421875,261.86273193359375,272.0010681152344,271.2936096191406,251.21878051757812,275.56288146972656,258.1329803466797,227.49087524414062,208.37020874023438,193.00619506835938,124.92291259765625,127.24786376953125,107.63409423828125,92.9322509765625,56.175079345703125,71.06869506835938,37.237091064453125,34.926300048828125,-24.99462890625,-25.58642578125,-36.6982421875,2.388214111328125,-1.35858154296875,11.01507568359375,-15.6795654296875,-42.0887451171875,-40.34698486328125,0.124053955078125,-51.278564453125,-41.2066650390625,-79.28411865234375,-147.3060302734375,-53.1837158203125,-175.86260986328125,-217.65972900390625,-84.0362548828125,-26.80670166015625,-78.54290771484375,-44.0843505859375,-24.58251953125,-86.1136474609375,-88.505126953125,-93.48150634765625,-126.49578857421875,-131.8565673828125,-145.52484130859375,-52.13397216796875,-118.76983642578125,-128.4427490234375,-93.7838134765625,-124.9140625,-65.45196533203125,-57.96331787109375,-82.39306640625,-68.53045654296875,-130.74072265625,-56.5888671875,-22.89111328125,-80.1954345703125,-83.5826416015625,-83.38690185546875,-149.3651123046875,-168.85943603515625,-148.97515869140625,-105.098876953125,-65.57708740234375,-127.21514892578125,-229.667236328125,-144.996826171875,-130.50341796875,-99.38153076171875,-56.232177734375,-76.1827392578125,-59.79302978515625,-48.40313720703125,-79.19830322265625,-186.29608154296875,-183.9110107421875,-136.21722412109375,-180.46044921875,-103.48590087890625,-169.41650390625,-94.3768310546875,-185.26422119140625,-194.1717529296875,-132.673828125,-61.766357421875,-137.43792724609375,-138.40911865234375,-122.02886962890625,-83.79925537109375,-74.47991943359375,-44.75579833984375,-75.13922119140625,-50.1827392578125,-93.93798828125,-51.35687255859375,-59.68402099609375,-3.429962158203125,-21.19500732421875,-2.019500732421875,-95.4320068359375,-150.99957275390625,-56.0556640625,-85.51129150390625,-46.48004150390625
"S418",52.843475341796875,104.89938354492188,101.95571899414062,136.16592407226562,145.1304931640625,170.69586181640625,209.5555419921875,213.559814453125,235.5302734375,222.15585327148438,229.40106201171875,204.04495239257812,232.068359375,229.82086181640625,217.780517578125,231.03817749023438,236.4566650390625,234.61944580078125,240.47467041015625,263.0811462402344,258.21278381347656,261.95555114746094,269.03802490234375,266.4478454589844,282.3130187988281,276.80775451660156,266.3264923095703,280.8177185058594,272.5962829589844,279.3631134033203,271.35809326171875,276.0018768310547,281.8777618408203,262.5769805908203,277.1567840576172,279.8959045410156,246.61944580078125,279.2124786376953,271.2936096191406,256.0275573730469,275.56288146972656,252.60275268554688,227.49087524414062,235.48760986328125,193.00619506835938,140.23724365234375,131.5123291015625,117.46725463867188,88.099853515625,56.175079345703125,76.15933227539062,52.077117919921875,-4.98358154296875,22.600738525390625,42.51287841796875,39.3526611328125,38.80975341796875,40.101287841796875,47.1409912109375,13.286224365234375,-12.243896484375,31.7425537109375,29.681182861328125,1.7874755859375,-3.70074462890625,-10.21826171875,-87.7554931640625,13.163360595703125,-175.86260986328125,-217.65972900390625,17.196014404296875,29.209869384765625,-8.275787353515625,-6.150665283203125,-24.58251953125,-48.04254150390625,-8.991668701171875,-44.7109375,-102.6942138671875,-46.40057373046875,-53.22222900390625,14.7823486328125,9.907470703125,-38.55401611328125,-31.88311767578125,-48.19683837890625,-24.58203125,2.453094482421875,-20.8709716796875,-13.203369140625,-77.9212646484375,-4.48388671875,-3.068450927734375,-18.94866943359375,-31.495849609375,-52.56597900390625,-124.459716796875,-127.13250732421875,-96.7601318359375,-51.99017333984375,-65.57708740234375,-77.45513916015625,-229.667236328125,-84.31378173828125,-130.50341796875,-82.64569091796875,-14.99725341796875,-17.31646728515625,-15.06146240234375,-48.40313720703125,-51.1036376953125,-148.79534912109375,-122.50689697265625,-111.47589111328125,-180.46044921875,-81.848388671875,-136.322998046875,-94.3768310546875,-105.8951416015625,-103.4820556640625,-88.36126708984375,-57.14385986328125,-85.9488525390625,-80.0616455078125,-85.461669921875,-83.79925537109375,-74.47991943359375,-44.75579833984375,-75.13922119140625,-50.1827392578125,-39.66436767578125,-51.35687255859375,-41.358154296875,19.20562744140625,-21.19500732421875,9.0137939453125,-55.5135498046875,-57.14471435546875,-65.4056396484375,-58.79119873046875,-46.48004150390625
"S419",52.843475341796875,104.89938354492188,101.95571899414062,136.16592407226562,145.1304931640625,170.69586181640625,209.5555419921875,213.559814453125,235.5302734375,222.15585327148438,229.40106201171875,175.62255859375,232.068359375,229.82086181640625,190.10693359375,227.07635498046875,236.4566650390625,234.61944580078125,240.47467041015625,263.0811462402344,258.21278381347656,261.95555114746094,269.03802490234375,266.4478454589844,282.3130187988281,276.80775451660156,266.3264923095703,280.8177185058594,272.5962829589844,279.3631134033203,271.35809326171875,276.0018768310547,281.8777618408203,262.5769805908203,277.1567840576172,279.8959045410156,246.61944580078125,279.2124786376953,271.2936096191406,256.0275573730469,275.56288146972656,252.60275268554688,227.49087524414062,235.48760986328125,186.67056274414062,140.23724365234375,131.5123291015625,117.46725463867188,73.43682861328125,29.827117919921875,76.15933227539062,52.077117919921875,-4.98358154296875,22.600738525390625,42.51287841796875,39.3526611328125,38.80975341796875,40.101287841796875,47.1409912109375,13.286224365234375,-12.243896484375,31.7425537109375,29.681182861328125,1.7874755859375,-3.70074462890625,-10.21826171875,-87.7554931640625,13.163360595703125,-175.86260986328125,-217.65972900390625,17.196014404296875,29.209869384765625,-8.275787353515625,-6.150665283203125,-24.58251953125,-48.04254150390625,-21.8511962890625,-44.7109375,-102.6942138671875,-52.14849853515625,-61.45709228515625,-70.2672119140625,-78.7271728515625,-86.82427978515625,-93.81280517578125,-100.31231689453125,-106.663330078125,-112.07342529296875,-117.0128173828125,-121.07257080078125,-124.71728515625,-127.4033203125,-129.263916015625,-130.28985595703125,-130.3944091796875,-129.612548828125,-127.83111572265625,-127.13250732421875,-121.4554443359375,-116.650146484375,-111.2601318359375,-105.23626708984375,-243.63824462890625,-90.5130615234375,-130.50341796875,-82.64569091796875,-63.9478759765625,-54.38836669921875,-44.549560546875,-48.40313720703125,-51.1036376953125,-148.79534912109375,-122.50689697265625,-111.47589111328125,-180.46044921875,-81.848388671875,-136.322998046875,-148.366455078125,-105.8951416015625,-103.4820556640625,-88.36126708984375,-57.14385986328125,-85.9488525390625,-80.0616455078125,-85.461669921875,-83.79925537109375,-74.47991943359375,-44.75579833984375,-75.13922119140625,-50.1827392578125,-39.66436767578125,-51.35687255859375,-41.358154296875,19.20562744140625,-21.19500732421875,9.0137939453125,-55.5135498046875,-57.14471435546875,-65.4056396484375,-58.79119873046875,-46.48004150390625
"S420",129.07135009765625,162.878662109375,215.0426025390625,235.91567993164062,219.76736450195312,197.17068481445312,218.7115478515625,265.08740234375,259.9522705078125,283.8147888183594,290.1684265136719,290.1209716796875,277.5337829589844,294.968994140625,249.7508544921875,296.4983673095703,296.98321533203125,297.2049255371094,297.32598876953125,297.0658721923828,296.97312927246094,296.6057891845703,296.17254638671875,295.46836853027344,294.69464111328125,293.6303253173828,292.48052978515625,291.04847717285156,289.30706787109375,287.29066467285156,284.8460235595703,282.1622619628906,279.0787811279297,275.5806579589844,271.6499481201172,267.2907257080078,262.4753723144531,257.25636291503906,251.607421875,245.550048828125,238.91445922851562,231.9462890625,224.59527587890625,217.03717041015625,196.936767578125,132.830810546875,191.68576049804688,179.19143676757812,99.72186279296875,63.26519775390625,77.85443115234375,58.824310302734375,29.86572265625,18.077423095703125,47.763580322265625,-14.42999267578125,-121.23785400390625,-56.20062255859375,-100.76202392578125,-94.352294921875,-130.74298095703125,-83.52288818359375,-104.30450439453125,-52.7728271484375,-52.9141845703125,-110.380859375,-55.73748779296875,-65.1239013671875,-81.90814208984375,-98.7696533203125,-146.2513427734375,-140.019287109375,-149.97344970703125,-166.11505126953125,-182.22589111328125,-198.0994873046875,-213.76519775390625,-229.13421630859375,-243.58551025390625,-257.56341552734375,-270.80548095703125,-283.85968017578125,-296.61505126953125,-308.14691162109375,-318.56591796875,-328.23797607421875,-337.46978759765625,-346.1627197265625,-354.09490966796875,-360.9267578125,-367.02008056640625,-371.644287109375,-375.21636962890625,-377.83953857421875,-379.4661865234375,-379.8604736328125,-378.2132568359375,-376.0897216796875,-372.07391357421875,-366.81414794921875,-360.39422607421875,-352.97198486328125,-344.31878662109375,-334.211181640625,-323.12652587890625,-311.42645263671875,-299.544189453125,-286.79437255859375,-273.5743408203125,-259.40948486328125,-244.65655517578125,-229.50115966796875,-214.15643310546875,-197.9017333984375,-182.275634765625,-165.3472900390625,-148.47186279296875,-131.43609619140625,-114.109375,-96.49456787109375,-78.49700927734375,-60.62420654296875,-50.1463623046875,-78.0513916015625,-89.334716796875,10.319671630859375,27.606353759765625,43.094146728515625,20.583465576171875,75.54464721679688,24.57037353515625,99.02630615234375,99.97769165039062,130.34539794921875,125.57257080078125,18.088531494140625,163.3927001953125,148.09799194335938,107.78826904296875,161.78103637695312,173.0003662109375
"S421",203.16162109375,218.69265747070312,255.73931884765625,264.0938262939453,268.1776123046875,273.2769775390625,304.13238525390625,331.1376495361328,318.23829650878906,304.52569580078125,300.7972106933594,290.1209716796875,318.1351318359375,336.0744934082031,344.4510040283203,323.8545837402344,353.64190673828125,341.4571838378906,339.17047119140625,373.9563217163086,344.76263427734375,348.71214294433594,377.7370300292969,365.8783416748047,336.34844970703125,381.7713088989258,340.8343811035156,367.3636932373047,373.9628372192383,355.7713165283203,358.9309539794922,376.7179489135742,349.7425231933594,347.30340576171875,371.3770294189453,357.75599670410156,344.894775390625,363.845703125,314.6356201171875,346.36517333984375,354.1019592285156,309.2786560058594,303.63111877441406,299.7627716064453,260.9301300048828,132.830810546875,195.36508178710938,224.10989379882812,199.25234985351562,228.13079833984375,213.86306762695312,189.35980224609375,225.20050048828125,108.79440307617188,133.668701171875,-14.42999267578125,-121.23785400390625,10.669830322265625,25.23211669921875,-61.08599853515625,63.48541259765625,82.51556396484375,70.91229248046875,-12.966064453125,-52.9141845703125,52.52734375,120.63162231445312,50.1832275390625,43.631622314453125,69.16143798828125,63.101593017578125,98.30902099609375,116.19198608398438,114.7080078125,120.1085205078125,111.00448608398438,-27.44671630859375,92.95758056640625,62.39508056640625,76.1978759765625,68.25363159179688,60.641265869140625,53.2591552734375,46.22137451171875,39.97979736328125,34.099578857421875,28.345306396484375,23.19708251953125,9.52508544921875,14.176483154296875,10.253021240234375,7.029022216796875,-37.8001708984375,-80.67755126953125,-75.607666015625,0.131805419921875,-10.701080322265625,0.807525634765625,2.476470947265625,4.944061279296875,7.9686279296875,11.566650390625,16.049530029296875,21.139556884765625,27.01910400390625,33.238494873046875,39.756134033203125,-89.453369140625,-57.8592529296875,-31.404296875,69.828857421875,60.2386474609375,86.8360595703125,46.3924560546875,55.544769287109375,-29.38653564453125,-7.84210205078125,0.98406982421875,80.59078979492188,124.2191162109375,100.84579467773438,108.43795776367188,70.80975341796875,71.42849731445312,37.467987060546875,85.99832153320312,68.04251098632812,70.7445068359375,93.71945190429688,107.38067626953125,78.31369018554688,175.60711669921875,110.90069580078125,174.99710083007812,173.84695434570312,88.81082153320312,173.77117919921875,148.53414916992188,107.78826904296875,161.78103637695312,230.17074584960938
"S422",203.16162109375,218.69265747070312,255.73931884765625,264.0938262939453,268.1776123046875,273.2769775390625,304.13238525390625,331.1376495361328,318.23829650878906,304.52569580078125,297.1060028076172,288.20458984375,318.1351318359375,336.0744934082031,344.4510040283203,316.01148986816406,353.64190673828125,341.4571838378906,309.2593688964844,373.9563217163086,344.76263427734375,348.71214294433594,377.7370300292969,365.8783416748047,333.78160095214844,381.7713088989258,340.8343811035156,367.3636932373047,373.9628372192383,355.7713165283203,358.9309539794922,394.32820892333984,349.7425231933594,347.30340576171875,373.4517288208008,357.75599670410156,344.894775390625,364.12571716308594,309.0364074707031,346.36517333984375,369.0288543701172,320.77476501464844,303.63111877441406,299.7627716064453,276.4435119628906,215.6932373046875,172.80593872070312,224.10989379882812,199.25234985351562,228.13079833984375,213.86306762695312,189.35980224609375,225.20050048828125,111.41354370117188,133.668701171875,32.954376220703125,69.84063720703125,25.2825927734375,25.23211669921875,-11.4290771484375,63.48541259765625,82.51556396484375,70.91229248046875,-12.966064453125,-52.9141845703125,52.52734375,120.63162231445312,50.1832275390625,43.631622314453125,69.16143798828125,63.101593017578125,98.30902099609375,116.19198608398438,114.7080078125,120.1085205078125,149.72030639648438,106.17324829101562,167.43112182617188,62.39508056640625,145.02536010742188,100.01202392578125,142.55462646484375,95.41644287109375,108.63836669921875,50.73773193359375,64.05059814453125,115.13253784179688,55.144134521484375,9.52508544921875,72.849609375,17.990692138671875,63.27093505859375,-72.03436279296875,-13.86273193359375,23.0257568359375,33.432464599609375,-10.701080322265625,79.60733032226562,52.76434326171875,150.45953369140625,136.55984497070312,122.28375244140625,113.70541381835938,78.45339965820312,143.72357177734375,128.37506103515625,87.17681884765625,78.06842041015625,-57.8592529296875,38.400970458984375,114.1016845703125,60.2386474609375,113.385498046875,69.62875366210938,55.544769287109375,-19.30712890625,-7.84210205078125,-12.136962890625,84.46139526367188,124.2191162109375,100.84579467773438,108.43795776367188,70.80975341796875,71.42849731445312,37.467987060546875,44.74432373046875,60.86749267578125,70.7445068359375,93.71945190429688,107.38067626953125,78.31369018554688,175.60711669921875,110.90069580078125,106.59573364257812,173.84695434570312,88.81082153320312,173.77117919921875,148.53414916992188,58.264678955078125,138.56369018554688,230.17074584960938
"S423",215.65628051757812,251.42098999023438,271.7858428955078,296.92344665527344,308.6191864013672,320.46388244628906,329.6454162597656,331.1376495361328,346.77227783203125,317.96221923828125,338.6881561279297,355.04554748535156,357.09767150878906,372.83817291259766,354.4717559814453,351.3714294433594,367.60520935058594,353.28118896484375,358.8666076660156,374.4453811645508,364.11781311035156,362.4244842529297,384.80692291259766,381.62418365478516,362.1474304199219,381.7713088989258,362.98052978515625,380.44766998291016,373.9628372192383,366.4408264160156,360.12554931640625,394.32820892333984,349.7425231933594,377.07201385498047,373.4517288208008,369.1361541748047,383.9843978881836,364.12571716308594,356.59474182128906,368.6185302734375,369.0288543701172,344.4221954345703,332.06085205078125,342.8355255126953,312.01739501953125,286.6053924560547,233.53317260742188,235.96176147460938,221.099853515625,228.13079833984375,213.86306762695312,231.08065795898438,225.20050048828125,146.06484985351562,133.668701171875,95.9609375,75.05145263671875,201.841552734375,115.60995483398438,121.79324340820312,162.82260131835938,161.73504638671875,154.90301513671875,133.85479736328125,161.36917114257812,169.04843139648438,170.00628662109375,89.93511962890625,130.05865478515625,136.63818359375,129.78854370117188,125.03814697265625,173.968017578125,177.05117797851562,132.06478881835938,149.72030639648438,194.3203125,184.76419067382812,62.39508056640625,176.6400146484375,171.15301513671875,166.06170654296875,161.201416015625,156.40682983398438,146.0941162109375,143.28811645507812,144.79153442382812,141.72610473632812,132.95382690429688,136.60455322265625,134.505615234375,68.11956787109375,109.47119140625,69.47900390625,131.30987548828125,102.43270874023438,119.98880004882812,118.43313598632812,136.67987060546875,139.57412719726562,142.7528076171875,146.28964233398438,113.70541381835938,78.45339965820312,143.72357177734375,165.16848754882812,115.45086669921875,163.3951416015625,90.1788330078125,139.64874267578125,114.1016845703125,72.14089965820312,207.17129516601562,186.16567993164062,88.91311645507812,189.79400634765625,182.1785888671875,80.36459350585938,143.99105834960938,124.2191162109375,155.23712158203125,108.43795776367188,118.50213623046875,157.80255126953125,79.68634033203125,157.86761474609375,232.26217651367188,165.88531494140625,209.1005859375,277.4212188720703,254.8064727783203,246.48721313476562,252.0485382080078,192.84347534179688,194.88739013671875,249.4160919189453,236.92587280273438,254.3916778564453,244.22848510742188,244.6030731201172,260.62615966796875
"S424",254.72103881835938,251.42098999023438,339.0667724609375,315.6404724121094,332.2398376464844,323.46763610839844,329.6454162597656,329.11529541015625,346.77227783203125,317.96221923828125,341.4102020263672,369.38694763183594,357.09767150878906,372.83817291259766,371.3396301269531,371.4171905517578,384.1016387939453,392.6943130493164,372.109619140625,388.8220443725586,384.1175842285156,377.51656341552734,387.7289581298828,396.9698791503906,395.75230407714844,394.9591598510742,397.06883239746094,399.548828125,393.5862045288086,396.20294189453125,360.9027404785156,368.61744689941406,348.3916015625,384.31451416015625,375.09688568115234,397.8930892944336,393.4001770019531,373.97593688964844,370.616943359375,389.82051849365234,376.7891387939453,375.7975845336914,379.88932037353516,348.6290283203125,312.01739501953125,300.93878173828125,296.6029052734375,237.74844360351562,221.099853515625,243.84671020507812,171.02011108398438,231.08065795898438,239.44793701171875,181.14437866210938,129.79544067382812,149.97723388671875,138.9158935546875,201.841552734375,184.98529052734375,177.9979248046875,163.95892333984375,161.73504638671875,224.41207885742188,196.34976196289062,194.63461303710938,169.04843139648438,175.02493286132812,161.10183715820312,130.05865478515625,147.36392211914062,170.27908325195312,125.03814697265625,173.968017578125,179.97567749023438,132.06478881835938,126.69134521484375,194.3203125,184.76419067382812,151.17172241210938,176.6400146484375,171.15301513671875,166.06170654296875,161.201416015625,156.40682983398438,152.3489990234375,146.86541748046875,144.79153442382812,141.72610473632812,132.95382690429688,136.60455322265625,134.505615234375,132.93353271484375,131.84982299804688,131.28802490234375,131.30987548828125,102.43270874023438,119.98880004882812,118.43313598632812,136.67987060546875,139.57412719726562,142.7528076171875,146.28964233398438,101.90744018554688,77.17779541015625,113.74960327148438,165.16848754882812,115.45086669921875,163.3951416015625,118.0545654296875,139.64874267578125,130.06072998046875,85.70108032226562,207.17129516601562,186.16567993164062,130.67019653320312,189.79400634765625,182.1785888671875,80.36459350585938,143.99105834960938,109.48858642578125,155.23712158203125,132.94796752929688,231.32052612304688,233.77520751953125,195.57275390625,242.06143188476562,232.26217651367188,212.43222045898438,253.9592742919922,277.4212188720703,265.82972717285156,246.48721313476562,252.0485382080078,192.84347534179688,194.88739013671875,249.4160919189453,236.92587280273438,254.3916778564453,244.22848510742188,244.6030731201172,260.62615966796875
"S425",293.12315368652344,273.61476135253906,339.0667724609375,315.6404724121094,332.2398376464844,338.79869079589844,333.0074462890625,332.6341552734375,346.77227783203125,362.0342559814453,353.3808898925781,375.5173797607422,359.89263916015625,373.54791259765625,371.3396301269531,386.2755355834961,384.1016387939453,397.5991897583008,393.68927001953125,388.8220443725586,386.8194808959961,396.9009475708008,387.7289581298828,396.9698791503906,404.028564453125,394.9591598510742,397.06883239746094,410.5425338745117,393.5862045288086,405.43912506103516,394.52538299560547,368.61744689941406,379.0080032348633,385.6902618408203,384.0873336791992,399.4531555175781,393.4001770019531,386.3484649658203,381.9672317504883,389.82051849365234,376.7891387939453,375.7975845336914,379.88932037353516,348.6290283203125,312.01739501953125,300.93878173828125,296.6029052734375,237.74844360351562,221.099853515625,243.84671020507812,146.57589721679688,231.08065795898438,239.44793701171875,181.14437866210938,129.79544067382812,149.97723388671875,138.9158935546875,201.841552734375,184.98529052734375,177.9979248046875,163.95892333984375,161.73504638671875,224.41207885742188,196.34976196289062,194.63461303710938,169.04843139648438,175.02493286132812,161.10183715820312,130.05865478515625,147.36392211914062,170.27908325195312,125.03814697265625,173.968017578125,179.97567749023438,132.06478881835938,126.69134521484375,194.3203125,184.76419067382812,151.17172241210938,176.6400146484375,171.15301513671875,166.06170654296875,161.201416015625,156.40682983398438,152.3489990234375,146.86541748046875,144.79153442382812,141.72610473632812,132.95382690429688,136.60455322265625,134.505615234375,132.93353271484375,131.84982299804688,131.28802490234375,131.30987548828125,102.43270874023438,119.98880004882812,118.43313598632812,136.67987060546875,139.57412719726562,142.7528076171875,146.28964233398438,101.90744018554688,77.17779541015625,113.74960327148438,165.16848754882812,115.45086669921875,163.3951416015625,118.0545654296875,139.64874267578125,130.06072998046875,85.70108032226562,207.17129516601562,186.16567993164062,130.67019653320312,189.79400634765625,182.1785888671875,80.36459350585938,143.99105834960938,109.48858642578125,155.23712158203125,132.94796752929688,231.32052612304688,233.77520751953125,195.57275390625,242.06143188476562,232.26217651367188,212.43222045898438,253.9592742919922,277.4212188720703,265.82972717285156,246.48721313476562,252.0485382080078,192.84347534179688,194.88739013671875,249.4160919189453,236.92587280273438,254.3916778564453,244.22848510742188,244.6030731201172,260.62615966796875
"S426",298.4651794433594,289.09100341796875,339.0667724609375,315.6404724121094,332.2398376464844,338.79869079589844,349.3857116699219,348.23931884765625,328.5465850830078,380.26277923583984,353.3808898925781,375.5173797607422,365.0048370361328,374.0777282714844,371.3396301269531,386.2755355834961,384.1016387939453,397.5991897583008,397.33386993408203,388.8220443725586,386.8194808959961,396.9009475708008,387.7289581298828,396.9698791503906,404.028564453125,394.9591598510742,397.06883239746094,410.5425338745117,393.5862045288086,405.43912506103516,407.42811584472656,382.96741485595703,388.12086486816406,385.6902618408203,385.74706268310547,399.4531555175781,393.4001770019531,387.64185333251953,381.9672317504883,397.71707916259766,376.7891387939453,375.7975845336914,379.88932037353516,348.6290283203125,299.44679260253906,300.93878173828125,296.6029052734375,237.74844360351562,209.05557250976562,243.84671020507812,146.57589721679688,210.3865966796875,239.44793701171875,181.14437866210938,77.82693481445312,149.97723388671875,138.9158935546875,122.140625,184.98529052734375,177.9979248046875,163.95892333984375,140.63485717773438,224.41207885742188,196.34976196289062,194.63461303710938,160.79049682617188,175.02493286132812,161.10183715820312,101.91287231445312,147.36392211914062,170.27908325195312,122.53543090820312,141.10464477539062,179.97567749023438,97.71234130859375,56.0955810546875,183.97848510742188,76.11361694335938,151.17172241210938,165.17904663085938,106.26751708984375,96.33294677734375,104.34133911132812,145.14785766601562,166.7867431640625,146.86541748046875,148.676513671875,132.74227905273438,0.6624755859375,124.48876953125,151.78366088867188,162.83175659179688,161.4862060546875,160.53973388671875,11.244354248046875,-87.20208740234375,88.9158935546875,99.1253662109375,149.77188110351562,165.25375366210938,155.61764526367188,161.2476806640625,101.90744018554688,77.17779541015625,84.42669677734375,103.63973999023438,110.4749755859375,112.8006591796875,118.0545654296875,81.0003662109375,130.06072998046875,85.70108032226562,75.04940795898438,43.68646240234375,130.67019653320312,159.27993774414062,168.42572021484375,72.8636474609375,71.50344848632812,18.710113525390625,113.58111572265625,132.94796752929688,231.32052612304688,233.77520751953125,195.57275390625,242.06143188476562,214.75576782226562,212.43222045898438,253.9592742919922,271.7859191894531,265.82972717285156,193.00308227539062,160.38812255859375,137.15524291992188,148.04922485351562,206.03695678710938,216.45556640625,229.26266479492188,237.34823608398438,222.43234252929688,184.3673095703125
"S427",298.4651794433594,289.09100341796875,266.1244659423828,302.1607971191406,198.86749267578125,338.79869079589844,349.3857116699219,348.23931884765625,328.5465850830078,380.26277923583984,353.3808898925781,375.5173797607422,365.0048370361328,374.0777282714844,370.98292541503906,386.2755355834961,376.12779235839844,397.5991897583008,397.33386993408203,297.1075897216797,386.8194808959961,396.9009475708008,375.0253601074219,385.51839447021484,404.028564453125,383.48372650146484,392.7184829711914,408.4673843383789,377.9234313964844,405.43912506103516,405.76483154296875,382.96741485595703,388.12086486816406,385.6902618408203,385.74706268310547,398.1087341308594,391.0504455566406,387.64185333251953,381.9672317504883,379.7795715332031,350.18524169921875,347.77850341796875,333.06407165527344,295.5606689453125,299.44679260253906,275.0787811279297,274.2493438720703,234.07025146484375,184.44845581054688,190.1796875,113.72756958007812,181.608154296875,141.49176025390625,44.74658203125,77.82693481445312,129.56802368164062,136.06884765625,122.140625,154.33767700195312,124.349853515625,109.31423950195312,116.75543212890625,63.788055419921875,32.960906982421875,96.656982421875,140.61614990234375,134.45257568359375,91.122802734375,86.72683715820312,127.3721923828125,148.27850341796875,96.0966796875,68.307861328125,140.66433715820312,97.71234130859375,56.0955810546875,118.13116455078125,76.11361694335938,131.09066772460938,74.3406982421875,106.26751708984375,95.92489624023438,14.893218994140625,71.2496337890625,71.55172729492188,67.84634399414062,47.85211181640625,80.8087158203125,0.6624755859375,42.50750732421875,22.6649169921875,86.94711303710938,85.23287963867188,118.8167724609375,11.244354248046875,-132.78173828125,-91.79815673828125,22.342529296875,-2.43701171875,-15.04620361328125,75.76776123046875,105.85247802734375,42.253082275390625,36.299591064453125,17.287567138671875,40.708251953125,39.657501220703125,31.65875244140625,10.319793701171875,49.2305908203125,47.300323486328125,1.479095458984375,63.125885009765625,26.92669677734375,57.81951904296875,104.75460815429688,127.8284912109375,72.8636474609375,71.50344848632812,18.710113525390625,113.58111572265625,109.66970825195312,202.77288818359375,176.40478515625,185.43051147460938,209.70718383789062,197.57589721679688,202.81240844726562,222.16436767578125,223.02508544921875,234.24130249023438,170.8048095703125,147.10134887695312,137.15524291992188,148.04922485351562,206.03695678710938,197.35687255859375,229.26266479492188,211.26751708984375,203.40228271484375,184.3673095703125
"S428",298.4651794433594,289.09100341796875,211.7510986328125,286.8445587158203,204.48028564453125,331.25787353515625,349.3857116699219,348.23931884765625,328.5465850830078,380.26277923583984,351.19435119628906,370.2009735107422,365.0048370361328,374.0777282714844,363.17616271972656,382.7724151611328,365.0519561767578,392.65025329589844,397.33386993408203,268.6247100830078,380.7569885253906,396.1220245361328,361.8180847167969,372.43798828125,396.00704193115234,367.81764221191406,379.89894104003906,408.7955856323242,366.0938720703125,402.3812713623047,407.42811584472656,382.96741485595703,388.12086486816406,377.2064208984375,385.74706268310547,390.2486343383789,380.92027282714844,387.64185333251953,379.59661865234375,353.62945556640625,327.2840881347656,319.0283660888672,291.0077667236328,248.91810607910156,292.1815948486328,226.16720581054688,235.64486694335938,206.3546142578125,134.21978759765625,118.89456176757812,50.40692138671875,111.53427124023438,26.070281982421875,-86.795654296875,40.99725341796875,44.943145751953125,57.026153564453125,59.354705810546875,69.23333740234375,40.955902099609375,22.97576904296875,34.23095703125,-80.2633056640625,-117.4681396484375,-19.46392822265625,73.50796508789062,60.776580810546875,-9.17547607421875,16.368072509765625,40.809661865234375,47.951690673828125,27.74444580078125,-53.5513916015625,42.856353759765625,59.70147705078125,5.180999755859375,17.154815673828125,14.65911865234375,42.49395751953125,-43.835205078125,45.987579345703125,27.4949951171875,-93.59844970703125,-45.48297119140625,-39.2215576171875,-39.2193603515625,-85.047607421875,-23.244140625,-52.73284912109375,-66.74517822265625,-119.5545654296875,-51.38641357421875,-38.98687744140625,46.575897216796875,-8.793701171875,-194.48388671875,-238.82342529296875,-72.05084228515625,-134.57537841796875,-187.454833984375,-32.78167724609375,20.64825439453125,-46.9305419921875,-36.16046142578125,-58.96746826171875,-40.7191162109375,-56.5357666015625,-78.07958984375,-114.034912109375,-28.802734375,-59.19732666015625,-105.41961669921875,-22.251953125,-44.719482421875,-47.24169921875,9.873260498046875,19.688446044921875,22.317169189453125,46.22314453125,4.89996337890625,106.12698364257812,33.97760009765625,116.9927978515625,82.9881591796875,100.82553100585938,140.56619262695312,152.21810913085938,153.26004028320312,148.048828125,155.95980834960938,178.58145141601562,130.43496704101562,120.45553588867188,137.15524291992188,127.96914672851562,206.03695678710938,156.92807006835938,222.40936279296875,177.57742309570312,177.23492431640625,178.87991333007812
"S429",376.00746154785156,385.06813049316406,386.76854705810547,387.95743560791016,376.79027557373047,377.68257904052734,390.06578063964844,394.09849548339844,373.70361328125,384.09336853027344,391.11647033691406,380.94347381591797,384.97745513916016,387.65965270996094,371.3067932128906,380.70542907714844,398.46704864501953,390.35670471191406,392.6217498779297,379.9363098144531,390.52734375,402.42418670654297,400.56668853759766,389.6253662109375,400.1804428100586,394.22811126708984,401.60157012939453,407.55735778808594,409.65673065185547,407.8247756958008,419.64258575439453,425.1527099609375,414.3833541870117,428.7333755493164,421.1587219238281,414.29268646240234,423.11305236816406,413.52435302734375,400.54063415527344,400.0343322753906,380.47806549072266,374.45557403564453,353.74461364746094,335.3422546386719,313.2481994628906,298.62205505371094,258.6146240234375,203.17901611328125,143.46939086914062,109.46514892578125,52.229522705078125,-76.677001953125,-148.54193115234375,-321.15032958984375,-377.9697265625,-563.9381103515625,-345.7396240234375,-284.003662109375,-278.83984375,-299.27191162109375,-340.11126708984375,-440.29461669921875,-377.960693359375,-530.89990234375,-489.25616455078125,-411.3701171875,-517.8978271484375,-481.0079345703125,-417.9329833984375,-484.68267822265625,-515.0512084960938,-542.8609619140625,-664.3489990234375,-576.71826171875,-466.53338623046875,-564.2955322265625,-627.7205810546875,-632.28369140625,-592.4091796875,-598.1116943359375,-593.868896484375,-530.151123046875,-682.567138671875,-679.4576416015625,-703.6881103515625,-658.670654296875,-566.87744140625,-795.9803466796875,-580.5555419921875,-603.1680908203125,-573.3447265625,-628.27294921875,-586.5213623046875,-501.9886474609375,-555.122802734375,-556.5709228515625,-559.9698486328125,-615.94970703125,-605.7899169921875,-554.457275390625,-645.7222900390625,-561.474853515625,-585.8037109375,-554.5789794921875,-496.7000732421875,-454.33251953125,-558.4859619140625,-478.97491455078125,-458.17474365234375,-417.56219482421875,-464.2001953125,-502.78826904296875,-448.52197265625,-255.955810546875,-375.02764892578125,-257.74322509765625,-145.25091552734375,-187.23388671875,-106.7286376953125,-55.75,-149.57666015625,-95.3572998046875,-0.747467041015625,-8.68341064453125,27.1729736328125,126.19622802734375,162.29025268554688,159.7139892578125,175.4471435546875,161.0728759765625,185.944091796875,191.38394165039062,203.67398071289062,187.45877075195312,221.41842651367188,250.1172637939453,235.34707641601562,267.9969940185547,263.81207275390625,255.26673889160156,290.06011962890625
"S430",376.00746154785156,385.06813049316406,386.76854705810547,387.95743560791016,376.79027557373047,389.17445373535156,390.06578063964844,394.09849548339844,379.8141403198242,384.09336853027344,393.6334762573242,414.2593307495117,398.50975036621094,408.9292449951172,406.39070892333984,393.8956069946289,415.9723129272461,417.3084487915039,407.80277252197266,416.83162689208984,423.102783203125,409.7007293701172,428.6076431274414,421.45174407958984,409.45899963378906,418.64099884033203,421.89122009277344,410.8804397583008,424.7064895629883,422.46956634521484,419.64258575439453,427.72435760498047,417.72728729248047,428.7333755493164,421.1587219238281,417.47667694091797,423.11305236816406,415.3958511352539,400.54063415527344,400.0343322753906,390.8024368286133,392.86966705322266,353.74461364746094,335.3422546386719,318.55726623535156,298.62205505371094,258.6146240234375,216.19293212890625,143.46939086914062,109.46514892578125,99.08596801757812,-5.808319091796875,6.607208251953125,-132.011962890625,-139.8487548828125,-298.399658203125,-184.32843017578125,-140.26904296875,-127.5899658203125,-161.41351318359375,-314.43524169921875,-507.1649169921875,-168.51416015625,-258.837158203125,-335.02056884765625,-234.35919189453125,-153.84033203125,-257.77716064453125,-189.13897705078125,-193.864501953125,-514.9747314453125,-271.35821533203125,-309.399658203125,-205.06353759765625,-174.49310302734375,-256.4073486328125,-265.8865966796875,-334.60040283203125,-376.16192626953125,-311.24853515625,-273.025634765625,-290.28570556640625,-305.6429443359375,-371.48638916015625,-421.0869140625,-376.81976318359375,-491.6268310546875,-378.00189208984375,-321.715087890625,-315.97235107421875,-206.203369140625,-250.75286865234375,-335.43707275390625,-188.6573486328125,-205.95111083984375,-166.951416015625,-250.176513671875,-253.25140380859375,-196.4610595703125,-215.77044677734375,-199.26885986328125,-178.74603271484375,-192.59197998046875,-126.45989990234375,-104.84490966796875,-121.2034912109375,-130.44281005859375,-74.3157958984375,-27.52496337890625,-18.22064208984375,-52.47735595703125,-78.35833740234375,-63.242431640625,87.00299072265625,40.57904052734375,82.3831787109375,155.7105712890625,145.455078125,159.56643676757812,178.30331420898438,180.0570068359375,220.37066650390625,215.19180297851562,256.69813537597656,237.03512573242188,278.19871520996094,273.5989532470703,305.6122589111328,310.25079345703125,265.0378723144531,306.6072235107422,285.00071716308594,291.30596923828125,295.55511474609375,313.98069763183594,310.4229278564453,308.78875732421875,311.2292175292969,316.0172424316406,255.26673889160156,338.00132751464844
"S431",349.21014404296875,352.30970764160156,355.34857177734375,358.22694396972656,360.82765197753906,363.38597106933594,365.6214904785156,367.7466125488281,369.52964782714844,371.10658264160156,372.5859680175781,373.8414840698242,375.01585388183594,375.9969482421875,376.56774139404297,377.0821075439453,377.4738082885742,377.70760345458984,377.83131408691406,377.88346099853516,377.8488540649414,377.69457244873047,377.4987564086914,377.2011947631836,376.84285736083984,376.3006134033203,375.65137481689453,374.9305114746094,374.02490234375,372.97306060791016,371.6955871582031,370.2209167480469,368.58164978027344,366.7518005371094,364.6227264404297,362.250732421875,359.58729553222656,356.6722717285156,353.4995422363281,350.1323699951172,346.4300537109375,342.48809814453125,338.3948211669922,333.96372985839844,318.55726623535156,298.62205505371094,258.6146240234375,216.19293212890625,143.46939086914062,109.46514892578125,99.08596801757812,-5.808319091796875,6.607208251953125,-132.011962890625,-139.8487548828125,-298.399658203125,-184.32843017578125,-140.26904296875,-127.5899658203125,-161.41351318359375,-314.43524169921875,-507.1649169921875,-168.51416015625,-258.837158203125,-335.02056884765625,-234.35919189453125,-153.84033203125,-257.77716064453125,-189.13897705078125,-193.864501953125,-435.67083740234375,-271.35821533203125,-309.399658203125,-205.06353759765625,-174.49310302734375,-256.4073486328125,-265.8865966796875,-334.60040283203125,-376.16192626953125,-311.24853515625,-273.025634765625,-290.28570556640625,-305.6429443359375,-371.48638916015625,-421.0869140625,-376.81976318359375,-491.6268310546875,-378.00189208984375,-321.715087890625,-315.97235107421875,-206.203369140625,-250.75286865234375,-335.43707275390625,-188.6573486328125,-205.95111083984375,-166.951416015625,-250.176513671875,-253.25140380859375,-196.4610595703125,-215.77044677734375,-199.26885986328125,-178.74603271484375,-192.59197998046875,-126.45989990234375,-104.84490966796875,-121.2034912109375,-130.44281005859375,-74.3157958984375,-27.52496337890625,-18.22064208984375,-52.47735595703125,-78.35833740234375,-63.242431640625,74.46920776367188,40.57904052734375,82.3831787109375,103.70449829101562,113.810302734375,124.01956176757812,134.50030517578125,145.16671752929688,156.077880859375,166.99432373046875,177.70111083984375,188.02377319335938,198.818115234375,209.34512329101562,219.43060302734375,229.22018432617188,238.7813720703125,247.88107299804688,256.7024230957031,265.16163635253906,273.1829833984375,280.76515197753906,287.9987030029297,294.96958923339844,301.38243103027344,307.3870544433594,255.26673889160156,318.4356689453125
"S432",346.8894348144531,367.04742431640625,377.09327697753906,379.36095428466797,345.21885681152344,389.17445373535156,366.68385314941406,382.5509033203125,379.8141403198242,382.02207946777344,393.6334762573242,403.7495346069336,398.50975036621094,404.93087005615234,405.23319244384766,393.8956069946289,405.5904846191406,405.6252136230469,405.6035690307617,405.4512023925781,405.3257293701172,405.08507537841797,404.81067657470703,404.41937255859375,403.9809036254883,403.3912124633789,402.7371139526367,401.9629440307617,401.02649688720703,399.95460510253906,398.6765670776367,397.25733184814453,395.6600646972656,393.8718032836914,391.85721588134766,389.64476013183594,387.2060775756836,384.5751190185547,381.7435607910156,371.8993377685547,375.4803695678711,372.0677261352539,341.1438903808594,328.39398193359375,318.55726623535156,281.4454040527344,215.62857055664062,216.19293212890625,122.93704223632812,101.74880981445312,99.08596801757812,-5.808319091796875,6.607208251953125,-132.011962890625,-139.8487548828125,-298.399658203125,-184.32843017578125,-140.26904296875,-127.5899658203125,-161.41351318359375,-314.43524169921875,-507.1649169921875,-168.51416015625,-258.837158203125,-335.02056884765625,-234.35919189453125,-153.84033203125,-257.77716064453125,-189.13897705078125,-193.864501953125,-435.67083740234375,-271.35821533203125,-309.399658203125,-205.06353759765625,-174.49310302734375,-256.4073486328125,-265.8865966796875,-334.60040283203125,-376.16192626953125,-311.24853515625,-273.025634765625,-290.28570556640625,-305.6429443359375,-371.48638916015625,-421.0869140625,-376.81976318359375,-491.6268310546875,-378.00189208984375,-321.715087890625,-315.97235107421875,-206.203369140625,-250.75286865234375,-335.43707275390625,-188.6573486328125,-205.95111083984375,-166.951416015625,-250.176513671875,-253.25140380859375,-196.4610595703125,-215.77044677734375,-199.26885986328125,-178.74603271484375,-192.59197998046875,-126.45989990234375,-104.84490966796875,-121.2034912109375,-130.44281005859375,-74.3157958984375,-27.52496337890625,-18.22064208984375,-52.47735595703125,-78.35833740234375,-63.242431640625,87.00299072265625,40.57904052734375,82.3831787109375,155.7105712890625,145.455078125,159.56643676757812,178.30331420898438,180.0570068359375,220.37066650390625,215.19180297851562,256.69813537597656,237.03512573242188,278.19871520996094,273.5989532470703,296.84503173828125,303.92254638671875,265.0378723144531,306.6072235107422,285.00071716308594,291.30596923828125,295.55511474609375,313.98069763183594,310.4229278564453,308.78875732421875,311.2292175292969,316.0172424316406,253.7932586669922,338.00132751464844
"S433",252.43724060058594,316.1405792236328,320.4728546142578,330.13819885253906,304.712890625,332.3133544921875,313.1119079589844,293.2157440185547,315.71473693847656,339.26776123046875,351.1852264404297,365.11705017089844,345.04107666015625,367.6182861328125,358.206787109375,353.06321716308594,372.36187744140625,368.1224670410156,372.43489837646484,376.9914855957031,378.6477966308594,369.13804626464844,391.04174041748047,378.12706756591797,372.7171936035156,381.4861145019531,375.8414001464844,378.82006072998047,388.2987060546875,383.7329635620117,344.2737274169922,327.78993225097656,325.9645538330078,369.6542053222656,375.21397399902344,378.7128372192383,372.3072738647461,382.66004180908203,362.6151580810547,326.19422912597656,342.09613037109375,347.75244140625,297.39561462402344,286.07362365722656,268.060791015625,261.47283935546875,165.87335205078125,140.98284912109375,111.03997802734375,3.740203857421875,18.758087158203125,-129.04638671875,-80.6778564453125,-225.51580810546875,-257.3953857421875,-337.7568359375,-372.81585693359375,-303.01092529296875,-301.39276123046875,-326.48419189453125,-472.36529541015625,-579.0906982421875,-420.22955322265625,-507.27716064453125,-604.9927978515625,-434.97607421875,-453.7740478515625,-548.2874755859375,-459.06964111328125,-439.30828857421875,-435.67083740234375,-475.0079345703125,-451.962890625,-423.302734375,-421.53411865234375,-498.33428955078125,-506.11102294921875,-526.6263427734375,-700.9539794921875,-577.7003173828125,-572.22998046875,-657.5377197265625,-699.4324951171875,-693.1199951171875,-635.8048095703125,-563.2166748046875,-838.4764404296875,-523.6184692382812,-543.5223388671875,-464.88531494140625,-409.9725341796875,-507.31915283203125,-563.69091796875,-448.19732666015625,-453.63671875,-419.70062255859375,-477.2080078125,-503.3199462890625,-450.55938720703125,-464.0458984375,-442.36676025390625,-444.301025390625,-402.55133056640625,-354.22137451171875,-313.68609619140625,-354.5418701171875,-307.8653564453125,-300.98974609375,-274.57318115234375,-257.841064453125,-160.402587890625,-152.71875,-218.9488525390625,-103.1270751953125,-95.47125244140625,-65.86566162109375,-3.01959228515625,-18.61993408203125,5.201416015625,12.55908203125,47.631683349609375,91.86917114257812,80.940185546875,161.79876708984375,97.4263916015625,187.6190185546875,161.54437255859375,174.93280029296875,178.81884765625,160.40618896484375,206.746337890625,156.37823486328125,179.60772705078125,167.58108520507812,177.74224853515625,178.84552001953125,210.0745849609375,192.25021362304688,179.62637329101562,93.01513671875,194.7813720703125
"S434",175.96249389648438,211.75173950195312,199.99545288085938,256.9236297607422,241.54534912109375,195.5828857421875,239.25616455078125,195.36517333984375,225.38729858398438,257.70697021484375,268.4393615722656,282.74147033691406,285.48728942871094,262.2978057861328,288.43955993652344,288.57501220703125,283.1092071533203,302.07228088378906,299.5448760986328,285.3729248046875,298.4923095703125,292.5089569091797,296.15821838378906,305.932373046875,308.4540710449219,299.12890625,293.2095184326172,318.53504943847656,314.2925262451172,315.1183319091797,279.87451171875,281.2365417480469,262.85107421875,293.2341613769531,279.9954833984375,288.76715087890625,267.21331787109375,307.68589782714844,280.2647399902344,256.8137512207031,231.64398193359375,231.28640747070312,197.3927001953125,155.47109985351562,128.62362670898438,113.87384033203125,26.3128662109375,-70.86529541015625,-83.68743896484375,-205.45513916015625,-229.93438720703125,-430.0283203125,-446.56622314453125,-652.6336669921875,-707.2572021484375,-795.8883056640625,-721.02880859375,-812.1497802734375,-823.900146484375,-773.57568359375,-813.2611083984375,-784.6790771484375,-863.199462890625,-1037.4383544921875,-884.808837890625,-913.57861328125,-970.7974853515625,-813.22314453125,-834.3076171875,-1044.512451171875,-978.8536376953125,-976.5240478515625,-897.004150390625,-999.830810546875,-951.5982666015625,-1272.50634765625,-1051.0714111328125,-1020.18896484375,-1075.2117919921875,-994.1943359375,-975.8912353515625,-1113.7442626953125,-1138.244384765625,-931.400390625,-1056.791259765625,-1014.3922119140625,-1157.5113525390625,-959.9273681640625,-1078.9354248046875,-955.3218994140625,-844.549072265625,-1045.68017578125,-974.9998779296875,-950.5482177734375,-1005.873779296875,-1168.6029052734375,-1171.117431640625,-1118.3411865234375,-993.1925048828125,-883.903564453125,-888.8228759765625,-942.2989501953125,-876.301025390625,-911.226318359375,-741.659912109375,-787.829833984375,-868.41796875,-796.0867919921875,-821.4791259765625,-810.720947265625,-699.3438720703125,-674.76904296875,-604.6160888671875,-668.3837890625,-548.1103515625,-482.70489501953125,-431.47869873046875,-401.77142333984375,-312.7869873046875,-346.48876953125,-301.8089599609375,-170.34368896484375,-198.53338623046875,-148.0223388671875,-169.6806640625,-88.751220703125,-138.90679931640625,-93.64178466796875,-86.1015625,-208.63848876953125,-88.130859375,-83.5225830078125,-103.91925048828125,-150.9620361328125,-74.3795166015625,-77.348388671875,-104.16375732421875,-43.0921630859375,-55.2447509765625,-126.01007080078125,-47.18048095703125
"S435",72.84524536132812,123.1307373046875,165.93252563476562,201.93695068359375,189.41152954101562,190.3353271484375,211.10147094726562,195.36517333984375,225.38729858398438,257.70697021484375,255.53607177734375,243.16131591796875,264.6592254638672,258.6084747314453,283.0105285644531,279.26072692871094,283.1092071533203,261.6634979248047,243.71746826171875,285.3729248046875,286.6146545410156,262.51988220214844,275.8351593017578,291.1558074951172,262.7617645263672,273.62818908691406,271.9978485107422,280.54742431640625,310.31944274902344,283.65838623046875,279.87451171875,281.2365417480469,268.8426818847656,267.98667907714844,270.0296630859375,249.29592895507812,234.98870849609375,271.88031005859375,248.11444091796875,223.37661743164062,205.74920654296875,215.49520874023438,177.25918579101562,154.33956909179688,110.13238525390625,64.99139404296875,-16.0494384765625,-126.05511474609375,-123.74652099609375,-221.87261962890625,-213.26922607421875,-420.9293212890625,-405.34686279296875,-430.39520263671875,-501.79071044921875,-594.896240234375,-511.7098388671875,-590.173095703125,-468.15234375,-575.507080078125,-680.15234375,-538.8013916015625,-644.892822265625,-806.362060546875,-699.7569580078125,-722.8453369140625,-769.3529052734375,-640.982421875,-737.7706298828125,-846.9224853515625,-576.921142578125,-644.59033203125,-897.004150390625,-785.4346923828125,-647.19677734375,-677.1937255859375,-712.4940185546875,-561.2630615234375,-621.324462890625,-786.8526611328125,-606.3470458984375,-689.8131103515625,-685.8609619140625,-643.5927734375,-589.7957763671875,-637.468505859375,-525.794189453125,-719.1754150390625,-574.5087890625,-459.5784912109375,-548.169189453125,-581.0648193359375,-573.275390625,-717.96484375,-552.9609375,-512.5631103515625,-614.7061767578125,-575.7545166015625,-444.49932861328125,-557.4307861328125,-539.888427734375,-554.209228515625,-571.2188720703125,-644.749267578125,-479.97955322265625,-527.6220703125,-699.7421875,-688.4642333984375,-669.4715576171875,-767.6119384765625,-531.1734619140625,-476.73876953125,-475.4005126953125,-496.79217529296875,-507.32843017578125,-455.933349609375,-454.0889892578125,-416.1346435546875,-349.67724609375,-392.15325927734375,-272.5587158203125,-308.9669189453125,-192.18389892578125,-261.70220947265625,-272.53204345703125,-224.24920654296875,-242.99810791015625,-237.36279296875,-220.779052734375,-196.29705810546875,-195.89263916015625,-145.65838623046875,-149.11553955078125,-188.4019775390625,-75.7816162109375,-139.6260986328125,-221.00653076171875,-101.95941162109375,-55.2447509765625,-126.01007080078125,-47.18048095703125
"S436",12.765716552734375,67.54486083984375,121.40249633789062,130.81005859375,173.30416870117188,190.3353271484375,188.307861328125,195.36517333984375,215.27606201171875,257.70697021484375,216.31820678710938,195.92172241210938,244.03431701660156,256.2857971191406,252.98446655273438,274.0332489013672,283.1092071533203,217.47500610351562,223.74423217773438,285.3729248046875,286.6146545410156,248.08140563964844,275.8351593017578,279.77137756347656,223.4027099609375,249.56809997558594,257.1449890136719,280.54742431640625,310.31944274902344,271.7338104248047,279.87451171875,281.2365417480469,268.8426818847656,267.98667907714844,241.96466064453125,243.65081787109375,234.98870849609375,182.37734985351562,172.36990356445312,223.37661743164062,205.74920654296875,186.45574951171875,153.93576049804688,154.33956909179688,103.09255981445312,45.79791259765625,-16.0494384765625,-233.72125244140625,-158.14129638671875,-261.00799560546875,-213.26922607421875,-314.8428955078125,-405.34686279296875,-430.39520263671875,-472.67205810546875,-594.896240234375,-460.88006591796875,-590.173095703125,-468.15234375,-517.02978515625,-611.463623046875,-538.8013916015625,-581.346923828125,-670.2618408203125,-699.7569580078125,-721.513427734375,-768.76953125,-603.8831787109375,-737.7706298828125,-701.675537109375,-576.921142578125,-644.59033203125,-663.5372314453125,-785.4346923828125,-647.19677734375,-677.1937255859375,-712.4940185546875,-561.2630615234375,-621.324462890625,-786.8526611328125,-606.3470458984375,-689.8131103515625,-685.8609619140625,-643.5927734375,-589.7957763671875,-586.124267578125,-525.794189453125,-719.1754150390625,-574.5087890625,-459.5784912109375,-548.169189453125,-581.0648193359375,-573.275390625,-717.96484375,-552.9609375,-512.5631103515625,-614.7061767578125,-575.7545166015625,-444.49932861328125,-557.4307861328125,-539.888427734375,-554.209228515625,-571.2188720703125,-644.749267578125,-479.97955322265625,-527.6220703125,-699.7421875,-688.4642333984375,-669.4715576171875,-767.6119384765625,-531.1734619140625,-476.73876953125,-475.4005126953125,-496.79217529296875,-507.32843017578125,-455.933349609375,-454.0889892578125,-416.1346435546875,-385.72540283203125,-392.15325927734375,-272.5587158203125,-308.9669189453125,-192.18389892578125,-321.6619873046875,-363.54315185546875,-268.199462890625,-283.65301513671875,-260.395751953125,-220.779052734375,-196.29705810546875,-212.691650390625,-152.901123046875,-195.88580322265625,-188.4019775390625,-109.41351318359375,-139.6260986328125,-221.00653076171875,-173.65655517578125,-55.2447509765625,-126.01007080078125,-56.9549560546875
"S437",-17.9544677734375,6.233062744140625,41.72344970703125,101.33523559570312,90.18267822265625,71.42584228515625,118.625244140625,107.11373901367188,143.44552612304688,149.0440673828125,157.34469604492188,132.34237670898438,189.11318969726562,148.4261474609375,149.32687377929688,180.41619873046875,184.99224853515625,210.37210083007812,232.29629516601562,209.50390625,223.39590454101562,234.93707275390625,220.04214477539062,236.75534057617188,230.90640258789062,249.56809997558594,257.1391143798828,249.87384033203125,234.6146240234375,248.75076293945312,240.89111328125,244.344482421875,268.8426818847656,255.8385772705078,237.81521606445312,243.65081787109375,234.98870849609375,225.68283081054688,225.30892944335938,223.37661743164062,224.91873168945312,205.45907592773438,188.92050170898438,154.33956909179688,103.09255981445312,37.37322998046875,-16.0494384765625,-129.2567138671875,-61.48797607421875,-92.2216796875,-141.86871337890625,-173.18621826171875,-277.864990234375,-389.687255859375,-387.43145751953125,-459.65264892578125,-262.185302734375,-365.05169677734375,-303.0203857421875,-260.6710205078125,-276.17584228515625,-326.58294677734375,-357.34228515625,-463.27996826171875,-489.64434814453125,-450.45880126953125,-504.9521484375,-383.6910400390625,-531.481201171875,-477.72100830078125,-445.56829833984375,-501.76043701171875,-485.18035888671875,-541.635498046875,-480.1009521484375,-558.4444580078125,-587.978271484375,-561.2630615234375,-621.324462890625,-571.87109375,-606.3470458984375,-544.257080078125,-685.8609619140625,-643.5927734375,-532.9835205078125,-435.1824951171875,-477.33551025390625,-478.914794921875,-540.552734375,-459.5784912109375,-500.16168212890625,-581.0648193359375,-468.7083740234375,-674.8955078125,-552.9609375,-512.5631103515625,-546.595703125,-575.7545166015625,-444.49932861328125,-557.4307861328125,-534.7547607421875,-554.209228515625,-571.2188720703125,-644.749267578125,-479.97955322265625,-527.6220703125,-603.8031005859375,-593.5440673828125,-669.4715576171875,-477.44586181640625,-517.1072998046875,-476.73876953125,-475.4005126953125,-496.79217529296875,-507.32843017578125,-455.933349609375,-454.0889892578125,-416.1346435546875,-385.72540283203125,-392.15325927734375,-272.5587158203125,-308.9669189453125,-192.18389892578125,-220.23809814453125,-283.39117431640625,-268.199462890625,-248.33197021484375,-169.5626220703125,-196.2086181640625,-196.29705810546875,-212.691650390625,-183.49932861328125,-195.88580322265625,-216.842041015625,-172.81768798828125,-139.6260986328125,-189.8017578125,-234.4207763671875,-104.6995849609375,-116.9853515625,-56.9549560546875
"S438",-23.72552490234375,104.89938354492188,87.2099609375,130.77239990234375,122.97369384765625,170.69586181640625,209.5555419921875,213.559814453125,235.5302734375,222.15585327148438,229.40106201171875,132.34237670898438,232.068359375,229.82086181640625,152.79397583007812,178.06369018554688,236.4566650390625,210.37210083007812,240.47467041015625,253.3824920654297,239.5692138671875,239.0460205078125,260.22483825683594,254.9790496826172,252.0264434814453,272.2586975097656,266.3264923095703,254.44403076171875,272.5962829589844,279.3631134033203,260.45399475097656,276.0018768310547,281.8777618408203,262.5769805908203,277.1567840576172,276.11688232421875,246.61944580078125,261.5277099609375,271.2936096191406,251.21878051757812,256.6968994140625,251.90069580078125,227.49087524414062,157.21612548828125,147.06369018554688,70.501953125,70.41128540039062,42.572784423828125,-2.7625732421875,11.53826904296875,-30.56005859375,-56.37103271484375,-58.0191650390625,-174.85205078125,-294.7200927734375,-389.32757568359375,-179.99835205078125,-152.8367919921875,-141.04571533203125,-129.6678466796875,-152.13128662109375,-153.04345703125,-160.82843017578125,-231.415771484375,-115.49237060546875,-244.27862548828125,-295.44158935546875,-160.2530517578125,-175.86260986328125,-217.65972900390625,-121.22979736328125,-138.0604248046875,-267.34051513671875,-202.6976318359375,-208.888916015625,-204.413818359375,-234.04266357421875,-195.2603759765625,-301.09320068359375,-192.72662353515625,-161.7857666015625,-182.6640625,-291.09954833984375,-195.113525390625,-216.24005126953125,-150.099609375,-198.10498046875,-137.92877197265625,-160.94866943359375,-249.1981201171875,-228.274169921875,-143.896240234375,-133.8492431640625,-152.20416259765625,-239.4259033203125,-180.42071533203125,-231.70184326171875,-366.2987060546875,-399.93548583984375,-342.93939208984375,-241.863525390625,-270.38092041015625,-312.16949462890625,-373.88409423828125,-305.59246826171875,-391.37841796875,-303.7381591796875,-252.720703125,-294.83331298828125,-130.96044921875,-176.04888916015625,-272.4261474609375,-284.44342041015625,-266.64410400390625,-412.29168701171875,-257.62457275390625,-394.9683837890625,-320.45458984375,-344.631103515625,-262.94989013671875,-147.35595703125,-61.766357421875,-253.42962646484375,-144.5009765625,-122.02886962890625,-83.79925537109375,-74.47991943359375,-44.75579833984375,-75.13922119140625,-50.1827392578125,-263.24957275390625,-51.35687255859375,-103.5372314453125,-81.31787109375,-21.19500732421875,-88.3355712890625,-95.4320068359375,-283.4515380859375,-83.86712646484375,-85.51129150390625,-46.48004150390625
"S439",52.843475341796875,104.89938354492188,101.95571899414062,136.16592407226562,145.1304931640625,170.69586181640625,209.5555419921875,213.559814453125,235.5302734375,222.15585327148438,229.40106201171875,175.62255859375,232.068359375,229.82086181640625,172.55136108398438,178.06369018554688,236.4566650390625,210.37210083007812,240.47467041015625,263.0811462402344,241.64523315429688,261.95555114746094,269.03802490234375,266.4478454589844,282.3130187988281,276.80775451660156,266.3264923095703,280.8177185058594,272.5962829589844,279.3631134033203,271.35809326171875,276.0018768310547,281.8777618408203,262.5769805908203,277.1567840576172,276.11688232421875,246.61944580078125,261.5277099609375,271.2936096191406,251.21878051757812,256.6968994140625,251.90069580078125,227.49087524414062,181.43136596679688,168.15777587890625,109.2855224609375,84.32833862304688,63.591705322265625,18.654083251953125,11.53826904296875,3.859527587890625,15.296417236328125,-39.574951171875,-37.06829833984375,-40.45294189453125,-48.13677978515625,-31.8697509765625,-20.49774169921875,-11.85882568359375,-79.89263916015625,-107.6253662109375,-59.95599365234375,-32.12548828125,-57.75,-82.06121826171875,-116.1094970703125,-214.86419677734375,-72.4482421875,-175.86260986328125,-217.65972900390625,-116.1219482421875,-73.25384521484375,-64.4869384765625,-140.1251220703125,-132.91900634765625,-117.82354736328125,-123.1728515625,-84.85699462890625,-131.99493408203125,-109.931884765625,-94.85302734375,-68.12689208984375,-85.53424072265625,-138.7633056640625,-148.90496826171875,-125.61431884765625,-154.16485595703125,-137.92877197265625,-160.94866943359375,-83.9893798828125,-157.96820068359375,-92.75299072265625,-72.92767333984375,-119.84625244140625,-95.9681396484375,-115.7825927734375,-189.5306396484375,-161.03564453125,-132.76043701171875,-135.4779052734375,-99.60211181640625,-77.45513916015625,-277.8681640625,-159.97235107421875,-162.8770751953125,-91.0955810546875,-84.5130615234375,-88.35833740234375,-60.57183837890625,-93.89031982421875,-137.885009765625,-182.434326171875,-216.466064453125,-111.47589111328125,-236.2342529296875,-122.828125,-174.8914794921875,-245.3341064453125,-105.8951416015625,-103.4820556640625,-139.31280517578125,-57.14385986328125,-85.9488525390625,-121.55859375,-122.02886962890625,-83.79925537109375,-74.47991943359375,-44.75579833984375,-75.13922119140625,-50.1827392578125,-160.54412841796875,-51.35687255859375,-98.7825927734375,-63.11212158203125,-21.19500732421875,-33.66357421875,-55.5135498046875,-57.14471435546875,-65.4056396484375,-62.87176513671875,-46.48004150390625
"S440",52.843475341796875,104.89938354492188,101.95571899414062,136.16592407226562,145.1304931640625,170.69586181640625,209.5555419921875,213.559814453125,235.5302734375,222.15585327148438,229.40106201171875,175.62255859375,232.068359375,229.82086181640625,172.55136108398438,178.06369018554688,236.4566650390625,207.58181762695312,240.47467041015625,263.0811462402344,241.64523315429688,261.95555114746094,269.03802490234375,266.4478454589844,282.3130187988281,276.80775451660156,266.3264923095703,280.8177185058594,272.5962829589844,279.3631134033203,271.35809326171875,276.0018768310547,281.8777618408203,262.5769805908203,277.1567840576172,276.11688232421875,246.61944580078125,261.5277099609375,271.2936096191406,251.21878051757812,256.6968994140625,251.90069580078125,227.49087524414062,181.43136596679688,168.15777587890625,109.2855224609375,84.32833862304688,63.591705322265625,18.654083251953125,11.53826904296875,3.859527587890625,15.296417236328125,-39.574951171875,-37.06829833984375,-40.45294189453125,-48.13677978515625,-31.8697509765625,-20.49774169921875,-11.85882568359375,-79.89263916015625,-107.6253662109375,-59.95599365234375,-32.12548828125,-57.75,-82.06121826171875,-116.1094970703125,-214.86419677734375,-72.4482421875,-175.86260986328125,-217.65972900390625,-116.1219482421875,-73.25384521484375,-64.4869384765625,-140.1251220703125,-132.91900634765625,-117.82354736328125,-123.1728515625,-84.85699462890625,-131.99493408203125,-109.931884765625,-94.85302734375,-70.2672119140625,-85.53424072265625,-138.7633056640625,-148.90496826171875,-125.61431884765625,-154.16485595703125,-137.92877197265625,-160.94866943359375,-121.07257080078125,-157.96820068359375,-127.4033203125,-129.263916015625,-130.28985595703125,-130.3944091796875,-129.612548828125,-189.5306396484375,-161.03564453125,-132.76043701171875,-135.4779052734375,-111.2601318359375,-105.23626708984375,-277.8681640625,-159.97235107421875,-162.8770751953125,-91.0955810546875,-84.5130615234375,-88.35833740234375,-60.57183837890625,-93.89031982421875,-137.885009765625,-182.434326171875,-216.466064453125,-111.47589111328125,-236.2342529296875,-122.828125,-174.8914794921875,-245.3341064453125,-105.8951416015625,-103.4820556640625,-139.31280517578125,-57.14385986328125,-85.9488525390625,-121.55859375,-122.02886962890625,-83.79925537109375,-74.47991943359375,-44.75579833984375,-75.13922119140625,-50.1827392578125,-160.54412841796875,-51.35687255859375,-98.7825927734375,-63.11212158203125,-21.19500732421875,-33.66357421875,-55.5135498046875,-57.14471435546875,-65.4056396484375,-62.87176513671875,-46.48004150390625
